11.495664
11.021084
10.687114
10.273238
9.897229
10.500456
10.398582
10.170819
9.790664
9.404467
9.012761
9.628758
9.059921
8.791070
12.871338
12.122940
12.057392
11.463728
71.347147
10.629605
13.654748
12.661286
12.673120
11.828762
11.512938
10.840793
10.314286
9.688372
10.376358
10.515590
10.320279
9.701356
9.029228
8.446098
7.776783
7.156286
6.509621
16.825762
13.166066
14.482609
11.428867
11.176966
9.274032
9.696392
8.117797
7.450429
6.317521
5.658535
4.838843
4.193683
3.572820
7.796911
9.989722
9.688325
9.088761
11.837855
10.725255
10.325401
9.554950
9.082003
8.493079
8.130713
7.543389
7.059852
6.512417
6.027645
7.269631
6.326225
6.175274
6.742370
6.010542
5.655158
4.958777
4.572558
4.061109
4.212339
3.624247
23.876994
20.995181
21.692466
22.631538
21.029075
20.731411
8.366218
8.136478
7.602298
7.221591
11.523060
9.832972
10.216582
8.771341
124.223706
7.590315
8.491557
7.706986
7.339729
7.895214
7.189401
6.719443
8.623751
7.859761
10.867882
9.620614
9.550025
8.582005
8.097849
7.365400
6.826834
6.254322
5.708352
5.147266
4.614844
4.088799
3.646197
3.240070
2.861398
2.491958
2.142479
1.805669
1.490307
1.210458
0.950541
0.703943
2.663167
1.869425
4.275034
5.634333
5.390491
7.292378
6.556905
17.454542
14.106798
94.094390
5.768799
5.423641
4.954301
4.572418
7.237922
6.317429
8.550130
8.121316
7.929383
7.340192
6.930403
6.943640
6.365569
5.986287
5.435998
5.006009
4.521578
4.640607
4.159947
3.842418
3.485254
10.338759
8.820635
10.245926
8.963109
8.822961
8.021694
7.583271
6.955720
6.875225
6.232152
7.732189
7.046407
30.560372
24.304297
26.083063
5.688759
5.305930
4.808909
5.778320
5.086773
4.842356
4.265017
3.939238
3.521833
3.173449
23.359425
22.092317
26.012334
23.808307
23.411650
21.897121
20.906934
19.637091
18.498419
18.255194
16.892159
15.813120
14.502264
13.327479
12.846101
11.554340
11.711456
10.285541
9.341046
8.099174
7.661812
6.506818
5.633637
5.795498
11.188652
9.215375
10.661638
110.177992
9.037083
14.554781
77.026138
66.359229
68.395998
15.382908
16.360010
14.902644
14.177191
12.935263
12.012216
10.950145
10.434677
9.484027
8.620743
7.772372
6.962419
10.667681
23.325285
24.710719
24.622070
23.349501
21.760214
20.636728
25.489023
22.937553
22.201487
20.041226
18.762967
17.144987
18.552590
16.515332
15.664349
19.362211
17.789240
17.159393
15.716315
14.845375
13.938382
13.301638
13.364689
14.972865
13.975809
13.498844
13.079101
12.270599
11.466113
10.646978
13.287555
49.896782
12.398100
11.953270
11.371138
10.937679
10.392951
10.269374
9.843754
9.587101
9.195665
12.127509
11.768261
11.706538
11.227303
10.920640
10.543341
10.186323
9.798046
9.431494
9.153852
8.748189
11.531024
10.243317
10.429076
9.349497
9.086586
8.329488
8.560957
7.830336
7.440398
6.812664
7.241570
6.443501
6.250666
5.733628
5.298317
4.742998
4.280016
3.788427
3.348808
5.577412
4.689574
4.623621
3.942544
3.940733
3.390299
3.129347
2.840747
62.881253
53.796344
55.124278
2.016878
2.604554
2.320449
2.225455
4.113325
4.926067
4.624879
4.530390
4.028026
3.791068
3.386204
3.119400
2.780776
2.512075
2.216488
1.966194
2.080686
3.904584
3.497650
3.531173
3.782977
3.591910
3.431884
3.228536
3.036899
2.992866
2.771527
2.598409
2.388861
2.811388
2.450640
2.401327
2.116775
1.990635
56.606652
3.378577
2.974330
3.197885
2.936076
2.867179
35.430723
32.869029
33.409962
30.164899
4.441788
4.357569
4.245925
4.167150
4.669835
22.569228
19.278181
22.172140
19.481715
20.058421
29.961753
30.992776
29.601094
19.287484
17.792125
39.044707
15.403583
14.242265
16.728415
15.310503
14.499695
13.271426
14.582497
17.108390
15.689597
14.904973
13.466552
12.407940
11.212394
10.161833
9.093543
8.229613
7.552015
10.095823
11.014094
11.450214
14.151096
13.105535
12.852277
11.839093
11.320731
13.108026
12.075861
11.738556
10.801611
10.103680
39.050206
8.584883
7.880173
7.206061
6.570902
5.931909
5.329415
4.732035
6.871498
6.201718
7.331296
6.618700
6.374189
6.072278
6.619959
6.204702
6.354119
5.947018
5.647268
5.278624
4.936329
37.835943
9.856568
3.965903
8.620240
6.428268
6.934750
6.338585
6.175759
5.857702
5.558572
5.269542
8.492452
9.142418
8.941940
8.490871
7.961921
7.503085
7.034387
6.566993
6.123155
5.661175
5.240199
4.795453
7.072717
6.497747
6.415508
5.984221
5.715396
12.310600
11.769037
18.269410
16.660007
17.164593
16.553233
16.197229
15.465018
14.907024
18.107146
16.835642
16.687059
15.615826
15.012158
23.294450
20.244440
21.593557
19.822464
64.818104
22.081431
68.861810
20.279060
18.778910
17.636938
16.309353
37.073904
13.858642
12.663665
11.576491
10.530508
9.502380
10.600588
9.610752
11.952273
10.389351
9.994335
8.761372
8.103411
7.143986
9.215659
7.911712
9.497509
14.632104
12.888744
12.543348
11.206486
10.577881
9.667114
8.926186
8.134165
7.499259
7.994019
8.280948
8.017150
7.409449
7.065881
19.211176
7.696219
9.969434
9.247396
9.170375
8.503587
11.953342
11.139494
11.868094
17.500592
15.252086
15.580670
14.240546
13.753717
12.535739
11.835233
10.831878
10.093803
9.237557
9.919015
9.277219
8.726352
8.031703
7.382242
9.320131
9.978429
9.494332
8.920436
8.336802
7.865011
7.389935
7.036414
8.617148
8.136422
7.972465
12.819249
11.570748
13.418189
12.008469
11.970576
10.959005
10.531003
9.753912
9.203314
8.522776
7.938849
7.313324
6.740961
6.166316
5.624343
5.092453
4.627621
6.035487
5.493551
5.822623
30.800104
5.092852
4.745441
9.153306
5.756250
7.175742
4.952123
7.708723
6.227244
6.690907
5.749345
7.353247
6.280684
6.386471
5.656369
5.476922
5.024049
4.787028
4.407820
4.135963
3.837464
3.567980
3.291840
3.033846
2.810411
2.589968
2.377422
2.169312
1.967771
2.537024
2.213939
2.969776
2.467596
4.164254
3.698479
3.748702
3.449327
3.366227
3.177201
3.022637
2.846917
2.677199
89.265554
2.885730
89.572048
2.649552
2.518239
4.008466
3.560800
3.598225
7.738983
6.918025
7.110457
6.418767
6.033381
5.493208
54.217073
7.269166
9.206540
8.871508
13.977777
13.596971
16.707258
75.627335
66.592760
67.022244
13.935197
13.904758
13.317554
12.270586
12.018079
11.064956
10.461679
14.716721
14.020454
13.770686
12.749729
12.067574
11.596788
10.827583
10.099154
9.372721
8.717778
8.067427
7.474092
6.887216
9.014174
8.568584
8.295363
7.574833
7.590001
6.813546
6.346958
12.477732
10.268975
10.175656
8.441472
7.625838
6.427152
2.771491
3.573089
3.068326
2.912495
3.530334
3.676958
4.276220
4.633519
8.210792
9.439466
9.123234
8.849020
11.903728
11.147805
10.987290
10.377047
9.933792
9.414851
8.920497
8.410287
7.905421
7.400969
6.902821
6.411772
5.930406
5.460194
8.546907
7.483274
51.851322
6.644525
6.259607
5.665395
5.211352
53.725467
4.268828
67.904609
97.077803
3.451914
42.166940
2.836524
23.224353
25.713346
26.287443
23.661752
26.165956
23.175802
27.598312
23.811759
23.459920
26.828425
24.814872
22.895319
22.634560
69.203566
18.867802
13.135203
11.938984
14.425301
15.053502
15.364573
13.652088
12.758140
16.518528
16.511296
16.200239
14.626255
13.808930
12.566484
15.769813
34.263008
30.806490
14.376060
13.397845
23.641070
11.781505
12.094698
12.454488
17.190443
16.257924
39.279262
17.021807
14.137621
14.054483
12.386324
11.729686
10.890074
11.355334
10.497555
10.029482
9.257267
8.715295
8.157620
11.232804
10.163177
10.039644
15.103858
13.371872
13.582077
12.821292
13.701500
12.588883
15.632944
15.570444
14.696898
13.474633
16.033696
14.554844
18.063161
15.881072
15.763536
14.197970
13.529890
12.493174
13.017318
16.150417
14.696225
14.394875
13.168897
13.810410
12.940688
12.472081
11.730311
11.060611
10.420319
9.960171
9.310400
9.367090
8.640374
9.042074
9.517270
8.875279
9.986019
9.072842
8.772907
8.074003
7.622120
11.244313
9.578578
9.782728
10.494058
9.890718
9.136173
15.108415
13.455749
13.708308
13.465487
14.762792
13.564782
12.963744
11.930615
54.052747
10.424062
9.679294
8.902291
9.794504
9.324992
12.288750
10.761722
10.587569
9.724495
9.062328
8.249647
7.538508
6.809860
6.139407
6.277906
5.375383
6.894431
5.749528
5.585355
6.077455
5.500146
5.158372
13.538662
10.928814
12.381090
10.333213
121.341407
8.928535
8.461875
10.949324
10.470339
14.570504
13.019161
14.218426
12.394915
12.203676
10.967124
10.527139
9.679336
11.313402
10.253301
14.401238
12.380001
13.642462
12.307190
12.201600
11.406382
11.078315
10.507890
10.113569
9.653208
9.262595
8.872834
8.513541
8.176351
7.905736
12.109774
11.091508
11.415942
11.480136
11.560377
11.061708
10.742996
10.309440
9.978092
9.582833
9.266017
8.926643
72.821527
13.630254
11.954502
12.498604
11.057998
10.888558
33.294816
9.569611
8.869209
8.418218
7.847091
122.401558
7.636059
7.092805
13.471106
11.956947
13.225652
11.998522
12.790447
11.967841
11.647948
11.024629
10.570023
10.097120
9.658893
9.201048
10.325310
9.604000
9.357955
9.154110
9.861595
9.071784
8.745862
11.477228
10.394796
10.203312
9.285295
8.752608
8.178386
8.269309
7.571100
7.171222
9.938133
12.813204
12.620515
11.826739
11.336213
10.547584
10.038191
9.350374
10.775481
9.822078
9.532698
8.747824
8.257359
8.068512
7.527023
7.903198
7.314894
6.925935
6.458072
6.037400
5.607536
5.215864
92.404139
78.807913
200.596047
18.747823
128.073615
24.856372
6.902326
18.124686
10.345016
12.696387
16.092360
15.101371
16.333968
15.409628
15.207882
14.228978
15.452206
14.352840
15.908164
14.531667
17.505260
15.828993
15.796751
14.534165
13.953474
13.829168
13.921200
13.106415
12.377691
11.528122
14.977086
13.445001
13.199596
11.911971
16.092957
16.260810
18.521020
24.071761
22.889425
22.742209
21.706633
21.083819
33.973393
70.244063
103.203063
75.144373
101.169056
21.790697
20.590528
19.256500
19.892570
18.568646
17.434419
39.313436
18.602893
17.713095
20.808280
18.674094
77.807095
18.203784
17.638233
16.023624
19.446802
18.866347
18.273241
18.483796
17.464813
16.290922
14.678387
13.404065
12.046733
11.998089
10.686278
9.857539
9.157733
8.418802
7.691083
9.369975
8.212710
8.018716
7.083289
6.628624
6.024702
5.700218
5.386522
5.094529
6.892555
6.439047
6.350235
6.084775
5.901985
7.647602
7.156312
9.366791
12.603017
12.599742
12.446548
17.166517
15.486948
17.248245
15.599344
17.478619
16.009341
16.514945
15.199837
14.828255
13.699011
13.203656
12.181598
11.683310
12.565157
11.584843
10.974306
10.143269
9.291928
9.137000
8.196814
23.653038
20.487613
20.790286
22.816733
63.284089
10.914344
11.124175
13.010212
11.758751
11.173083
10.707650
14.473813
17.123523
17.614182
17.353652
19.813048
18.835794
18.179532
17.440606
16.301515
15.838436
26.278555
71.127977
50.619541
53.181315
18.589003
17.589210
16.608867
16.136774
14.950181
22.893798
14.209942
100.691314
81.099592
81.635544
14.228939
14.635850
14.525857
13.720602
12.976586
14.461587
13.243942
12.861892
14.705149
14.904823
14.404661
13.437137
15.910086
14.506848
20.028689
19.545194
14.510444
13.754616
12.885104
12.000381
11.068716
10.928324
9.870274
9.200758
8.264892
8.498869
7.852918
7.349061
6.775813
6.235238
9.795740
8.541264
9.588698
8.305774
12.344462
16.651003
16.008201
21.784921
20.179708
20.118228
19.633473
18.361482
17.874994
16.446674
15.332184
13.925797
13.435739
12.075478
11.056386
9.851375
9.143794
10.999364
10.075085
9.601757
8.834153
8.319089
7.671751
10.549605
9.425345
9.293233
8.448675
8.052962
10.021178
9.282704
9.545972
33.381511
29.064018
29.540224
26.323469
7.283425
6.892237
8.145871
16.466847
14.463116
17.739699
15.578083
15.489450
14.041238
15.052106
47.225767
13.220491
13.781094
58.964754
13.573116
12.730760
16.598976
15.645380
15.147516
13.457375
12.448029
11.163807
10.179475
9.085031
8.143080
10.131448
9.297565
8.791562
7.798537
7.373295
6.682570
7.610494
9.818784
8.986611
8.864485
8.019542
8.134837
7.373978
8.406889
10.493068
9.937517
9.628990
9.061520
10.435485
9.604431
9.357521
8.645769
8.205499
8.364828
7.716611
7.310633
6.695389
6.881145
6.718756
6.233156
5.982534
5.520102
5.106788
7.119868
6.904372
6.652932
6.330367
6.056590
6.682712
7.513733
7.055184
6.938105
71.574621
62.005129
63.584834
56.871060
63.776517
13.517417
14.480797
13.523030
13.103886
12.325582
11.670495
11.015445
10.721724
9.938084
9.324102
9.236151
8.566019
7.932667
7.308639
6.694461
6.121134
5.547505
5.023794
5.278437
17.962411
15.269034
16.271058
14.332343
13.812209
12.552487
11.721357
11.605515
13.259635
14.214248
13.428824
12.394320
11.406220
10.352084
31.427042
26.994824
30.495575
27.085361
78.529911
68.862167
23.850390
22.687676
21.494208
20.343292
20.735626
19.100266
21.600306
20.720689
19.629028
18.314596
17.013306
102.082925
18.097930
100.783716
15.894195
69.019167
13.726570
16.552438
14.960908
14.489104
13.113214
12.209623
12.018835
16.516953
14.879623
22.333808
20.155411
20.263750
18.380900
64.723758
64.278223
63.029982
25.537764
21.349624
22.796583
20.726883
20.068339
21.761015
26.172673
24.330014
23.618012
21.785943
20.554966
22.814053
21.188420
20.374284
20.399246
19.157648
18.149536
17.526716
18.343605
17.111841
16.376110
19.413695
17.803748
17.895635
16.664215
21.377922
21.403523
21.889216
21.388510
20.866301
20.198417
19.635471
19.069891
18.651193
18.218347
18.457994
18.906244
18.800824
18.638684
18.243525
85.740925
78.797781
79.738326
72.944715
69.103683
18.977437
18.277051
18.006806
99.026928
19.857550
19.494697
25.584343
124.036877
23.913450
23.537760
32.793816
29.377110
30.107965
27.109082
26.349593
25.043992
23.804234
24.201301
22.621081
21.878939
20.380000
19.303711
18.098999
17.062661
15.968688
16.886552
15.366955
17.154984
15.479654
14.949659
13.664477
12.942274
12.556474
11.872660
11.263160
10.616864
10.472537
9.840639
9.319192
8.798806
8.384740
32.357681
7.599073
56.830930
10.956512
40.519701
41.387300
39.954190
37.225701
34.535647
32.178583
8.910126
10.126062
9.334275
12.616241
10.982487
11.178163
9.843871
97.381471
78.900302
84.037076
68.944921
64.101459
58.803542
54.428557
47.196331
14.793700
14.490413
13.728998
13.040205
12.273774
11.547806
10.950941
10.215812
9.553273
8.846809
9.490250
8.689584
8.268301
8.466515
10.002965
9.196389
8.822579
8.016219
7.438387
6.797386
8.013213
7.800713
7.707311
7.174153
11.092081
11.481287
13.604884
12.318008
12.065911
11.045319
10.451676
10.142180
9.419530
8.769852
8.150715
10.129990
11.124287
10.573838
10.127908
9.488836
8.980180
8.492821
8.016834
7.563721
7.085021
30.447347
6.161368
5.716851
9.129618
6.854630
8.962732
7.463125
7.568930
6.543930
7.933040
7.114043
7.264943
6.358808
5.919649
5.196900
5.292491
4.875094
4.453609
3.898208
3.903182
3.346336
2.992725
3.430228
2.816015
2.626684
2.144540
1.933628
1.621547
1.415888
5.448195
6.143423
6.196362
6.017981
6.503383
6.102624
5.990936
5.625389
5.437173
5.139507
12.597788
11.699786
11.871949
10.286965
9.607311
8.523183
7.911656
7.018066
4.848887
4.486528
4.296662
3.969017
3.712407
3.423328
3.156613
2.891886
4.791465
4.156888
9.787581
8.468701
8.921830
7.882890
9.192068
8.079396
7.905193
6.983093
6.545210
5.917997
5.486863
5.305033
4.828780
4.396883
7.379529
6.001317
6.195161
6.593421
6.158690
6.739142
6.062690
5.668445
8.772030
7.668230
7.669745
6.828037
6.470807
8.149880
7.383828
7.086497
6.835884
7.109345
6.708606
6.354727
6.745553
6.582913
6.776398
10.090277
9.055017
9.263763
8.481254
8.226115
7.652874
11.600944
9.921841
12.020829
10.353851
13.613496
12.345355
12.358831
11.130569
10.637143
9.735646
9.122808
8.364191
7.733509
65.934251
6.839992
7.248485
6.377588
6.245016
5.501981
6.626502
6.731754
6.466235
6.001770
28.957974
11.529969
6.233742
9.430811
5.840979
7.731532
6.249097
6.396081
5.646190
8.721958
7.621396
7.672990
6.820405
6.476168
5.892862
51.448489
6.816720
6.963187
16.041499
13.910530
15.950209
13.970110
13.633104
12.731084
11.874156
11.746584
10.802234
9.957558
10.576151
11.690825
10.688436
10.064251
97.660724
11.206129
56.306763
11.340962
12.124879
10.959373
10.420508
11.073529
10.083850
9.473802
8.577297
7.868080
7.139663
6.618451
6.279247
7.137383
87.521043
6.115225
5.983781
9.399329
38.624453
12.247382
11.755232
52.163628
10.217778
10.497793
9.624737
10.991495
111.004191
98.767917
13.926549
19.717051
17.582381
17.596860
24.323948
22.049828
21.823035
19.785072
18.664833
17.080376
16.059966
14.724206
14.538860
14.686479
45.764998
39.506408
42.545430
37.454394
36.290257
34.371744
32.229133
32.158649
29.417543
27.346172
24.811696
24.326157
21.846693
20.038017
19.983584
17.806017
89.775995
19.330903
12.818322
14.590515
98.895843
11.057583
10.307800
14.071035
11.659726
11.173847
9.382328
9.124549
8.162784
7.573963
6.797253
6.175104
7.164554
6.426347
8.274405
9.230868
8.749133
8.250176
7.634712
8.820681
7.794208
8.954474
9.277031
8.839108
8.255339
7.711506
7.155160
7.021088
6.423115
7.192914
6.484979
6.255079
5.692196
5.761309
6.378536
6.541185
6.811658
6.692864
7.967309
9.990504
9.651961
10.730177
10.061931
11.138675
10.361565
10.190325
9.568885
9.193443
9.211930
116.158941
100.531661
12.311836
13.332223
13.023068
13.280176
12.660323
12.412393
13.369391
13.172397
12.827444
12.356288
11.869446
11.404055
10.915221
10.465279
10.014030
13.257531
12.238599
13.107956
13.375779
12.899356
12.389440
11.773108
11.204794
13.089454
12.073532
11.947598
11.082094
13.422635
11.982837
11.562590
10.507285
9.727594
12.805405
11.359250
10.203610
10.080357
10.287840
9.502270
8.973082
8.199490
7.632199
6.991970
6.480247
9.741347
8.596690
8.615990
7.683678
7.677628
6.966795
6.573326
6.018521
6.982173
6.262542
6.027756
5.428343
8.000385
7.550596
7.387900
7.062219
7.597415
7.402808
35.643628
31.930224
56.261243
49.860069
49.893532
44.396232
41.558263
14.513202
16.334467
15.574224
15.311486
14.590433
18.644827
16.740118
21.009201
19.345823
19.399413
18.329716
17.934566
18.370486
19.322058
18.370861
17.938117
17.283608
17.603488
16.627895
16.287195
15.383639
15.967283
17.356476
16.446621
16.729887
15.803887
15.230534
15.109236
14.390159
17.752458
16.087059
15.849028
14.440540
14.104592
12.942616
12.179702
11.205037
10.558208
9.663592
8.896863
8.186663
7.535533
6.920895
6.436771
5.939764
6.146804
7.498425
6.870405
6.738128
50.589164
5.926908
5.538684
5.536897
5.150444
4.843778
4.572410
4.254349
5.268453
4.718752
4.587857
4.152589
3.899181
6.779321
5.941962
6.048506
9.240297
8.484996
8.284057
7.836879
9.536202
9.284655
8.971095
8.379266
13.808405
11.678798
12.899119
11.655842
11.339122
11.036712
10.328296
11.889112
13.917057
13.175996
12.983549
51.895107
45.820873
50.533210
120.422639
46.775932
42.942921
17.129500
17.723768
17.296404
18.002948
17.736966
17.574799
16.922608
16.523911
15.980677
15.451128
14.877865
14.311451
13.747409
13.618959
12.932612
14.459588
13.438045
13.128699
12.264082
14.756250
13.572227
13.403723
14.711128
13.783530
13.765369
12.956384
12.355150
11.635869
10.981863
10.294245
11.845182
10.793611
10.266668
10.547667
9.671006
9.029706
8.198446
8.901292
7.947148
7.556260
44.568575
64.765440
7.349568
6.702977
6.360841
5.863985
5.912292
5.581361
20.108136
17.730539
59.635746
51.836530
52.063355
14.301750
7.848148
6.938963
7.182211
10.998094
9.640730
9.956182
8.713433
8.728970
7.816686
7.467347
7.197989
6.648907
9.076382
23.435192
28.253856
28.083837
15.772331
14.886073
14.568839
13.945156
13.509543
13.399870
12.873623
15.078693
14.343460
14.052772
16.271266
15.299707
15.083055
14.186400
13.639182
12.896999
12.291073
11.572916
12.267419
11.315062
10.807086
9.940880
9.284636
8.520121
7.842221
7.134410
6.466498
6.804303
5.983178
5.469124
4.737300
4.143990
24.053121
18.557036
25.653281
21.121801
20.490733
18.212539
16.637002
14.703472
13.056450
7.046476
7.830930
7.491183
7.319116
35.643192
34.329548
111.486519
78.894380
42.334008
35.274184
38.831420
37.423819
36.901872
37.273811
27.219317
35.737591
34.343172
35.797270
37.533329
83.106774
35.625305
34.571594
79.817228
32.378572
30.880112
31.982861
29.964934
29.555959
27.701881
27.462833
27.348128
26.610821
25.372092
24.579212
23.363715
22.591179
21.451702
30.096390
28.670590
29.215811
26.947158
26.239345
24.350356
23.421564
22.988703
21.848700
20.577122
20.403790
19.746131
18.914667
17.884025
17.540053
16.481859
15.688659
14.722819
13.909520
14.202190
13.216587
12.924977
12.098139
11.478395
12.196358
11.110004
10.672753
53.474434
16.785910
54.150764
20.691375
12.178741
16.823980
16.034539
86.912914
15.612557
16.101397
16.896200
15.808538
16.265798
15.358642
21.472669
20.929684
21.570372
24.762643
23.897655
23.406395
22.650759
22.916591
29.780804
27.903040
28.108067
26.364083
25.896540
26.517474
26.211208
25.098026
24.161065
22.826041
24.093445
22.459711
21.814317
21.315610
20.206601
26.868922
24.619574
23.577130
15.601635
14.395011
15.105109
20.759258
20.633714
19.916408
18.154213
16.799629
20.413688
18.124029
17.667312
16.720886
129.979993
43.971098
13.172976
18.530012
14.639537
14.090934
13.031057
12.077280
11.306350
10.614094
9.879655
12.134049
14.691298
13.839446
13.075070
13.059654
11.909479
57.038726
12.576208
10.088730
10.823363
8.293460
9.259343
9.320025
10.256232
9.814209
10.856545
15.066740
17.107888
16.982532
16.090494
14.792419
13.901462
13.176751
21.260030
18.954923
20.048819
19.099607
18.642201
17.659089
18.138707
17.811163
17.343050
16.703435
17.155788
16.378792
15.931454
17.930039
17.478549
17.170366
17.048478
17.232424
16.745532
16.755883
16.213255
16.869110
16.174488
16.290281
15.730004
18.296419
17.413503
17.453175
18.678022
18.184752
17.799239
17.343441
16.921988
16.491897
16.064094
15.630535
17.607229
16.875650
16.787224
16.185587
19.262384
18.160682
109.641902
95.686508
98.422203
167.753755
17.668864
95.695467
16.638275
22.589598
20.222720
20.843325
18.861112
18.594844
17.253599
16.789468
15.726765
17.108060
83.560406
15.263523
14.582184
13.831892
12.936334
12.722188
12.096260
20.023054
17.731622
18.360763
18.550352
18.004526
17.259500
16.654605
19.632624
20.303733
20.752402
19.739084
18.937215
18.005637
18.114924
17.548578
18.296216
17.531790
22.398147
20.817294
21.007818
19.764292
19.224607
18.325550
17.641780
16.852661
17.378002
16.452493
16.406271
15.629497
15.753136
15.077788
16.937371
16.522215
16.869099
16.123538
15.750081
16.323300
16.419619
15.881262
15.709090
15.143147
14.705759
14.591620
16.431418
75.837977
67.180408
67.952404
14.442968
15.139531
14.918772
14.528322
13.876815
14.063153
13.281887
47.927212
18.439751
17.761161
17.615126
17.674107
16.733599
16.115465
15.244106
14.555767
14.055866
15.064906
14.126037
13.700322
56.080093
49.288279
49.892556
12.429397
11.901298
11.375997
10.943843
10.874147
10.448307
10.319357
9.933210
9.688603
9.338126
9.071462
9.008875
8.711847
8.911174
9.443623
9.134523
8.979270
8.664484
8.459181
8.222604
8.018667
7.819059
7.753721
7.542074
7.362637
7.296092
7.110598
130.124412
6.743318
6.552547
6.369881
13.794999
11.819306
12.214083
10.708795
10.232224
9.282807
88.278790
5.519145
5.451152
5.381729
5.213544
5.317840
15.442474
16.519486
19.981654
23.571783
22.473995
22.128326
72.479553
59.135274
141.749904
52.003890
49.537334
42.815547
40.619744
36.525890
32.578453
28.491718
17.881817
17.815599
17.102484
16.114453
16.412175
15.431991
16.740576
15.488398
14.850187
14.288413
14.460120
15.104942
15.345347
14.457839
13.671633
12.701065
12.156126
11.254115
10.562049
12.881329
12.401742
12.015870
11.070209
11.099481
31.018543
28.066406
28.184559
9.828111
9.218876
8.987584
8.529540
8.107824
10.589303
9.696921
10.137372
9.286106
9.191343
8.539170
8.391819
8.613091
8.068003
7.632308
7.103941
7.642072
6.889498
6.614450
6.889724
6.376470
5.994803
5.519495
5.104158
23.385481
19.645292
21.549227
18.846929
18.797636
17.296825
16.461044
55.443701
14.712246
13.532923
12.596323
15.059544
15.254635
14.349892
13.204506
12.164630
12.593009
11.375025
10.499142
9.329618
8.349171
7.331623
6.402273
5.998302
5.097979
4.358274
5.244156
6.896060
6.413922
8.703748
8.500613
8.142992
7.625616
7.109181
6.680889
10.172207
9.774626
71.541578
8.904590
8.631320
7.911279
8.046084
7.355996
7.006198
6.447614
6.034744
5.552128
5.259863
100.413758
5.760891
9.487212
8.146779
37.028712
29.292454
31.191981
26.485015
105.819034
10.059773
10.119256
10.135476
9.656945
8.749666
8.316797
7.560226
7.092754
6.568978
6.211156
5.738648
5.287931
6.298407
5.791717
5.589769
11.706134
10.529774
14.579547
12.341260
12.658138
11.237915
10.917576
9.975907
9.493611
8.768567
8.858660
9.181816
8.608810
86.028113
14.140934
12.996148
12.896401
13.691818
12.996738
12.168876
11.438273
10.632325
10.773912
11.359716
12.892460
14.099272
13.319110
13.877642
13.172174
15.626661
21.051913
20.785806
20.853211
19.909454
20.008208
23.179658
21.162697
21.956528
19.944518
19.230852
17.709610
16.780938
15.751006
14.976603
14.492657
13.359264
14.269478
13.091537
12.329929
11.337213
12.467369
11.266973
10.702797
33.739390
9.008392
8.227330
7.618489
7.024246
6.466492
6.180087
5.611803
5.126753
5.781358
4.977839
4.704732
5.004745
4.464256
4.166507
3.760271
7.194705
6.192913
6.524316
5.578865
5.420034
4.711746
4.641014
82.180865
3.772377
3.328913
3.001272
3.010548
2.590671
3.239427
2.809930
7.413391
27.835866
25.140574
30.329906
27.273473
28.253442
26.800074
27.782489
27.434473
17.261348
16.752561
15.810768
15.103540
17.916130
17.536916
16.969477
16.062226
15.128175
14.138683
13.890014
14.091622
14.978377
15.370438
18.267734
19.690791
18.980746
17.930793
16.942137
122.225697
18.337735
14.039542
15.438650
13.546244
16.456503
14.819586
24.131141
21.811492
22.070196
123.616291
20.913744
20.047773
19.383015
23.667085
22.003830
24.479190
25.431192
24.787592
26.088735
24.386587
23.540516
26.515549
25.852140
25.349172
23.503147
22.456194
86.698318
149.904544
86.609613
19.185888
18.141852
27.400703
23.865642
23.797148
23.745720
21.870183
21.287270
19.755354
18.144284
17.091869
15.675270
17.597612
17.998392
17.636350
16.415409
15.389425
54.039485
13.888010
19.780349
18.379609
18.214829
16.759233
16.117973
14.999647
16.460937
18.553640
17.707020
16.808917
17.498153
18.478545
17.374154
16.597314
15.591467
15.840807
15.056990
14.306177
13.531443
12.766700
12.619386
12.389765
11.837155
11.150845
10.350834
9.733132
9.162483
8.708248
15.164068
13.109757
13.806594
12.019952
11.790692
10.841198
10.352980
9.563546
11.548770
10.194911
10.275668
9.125831
8.701720
9.560242
8.577249
8.492008
153.471125
7.035584
153.423665
5.804956
5.221138
5.562157
4.896303
4.666570
4.239946
6.652175
5.828249
5.895049
5.306126
7.469372
6.712402
6.773255
6.199128
5.956646
108.009227
93.122535
4.944342
4.649284
4.347517
4.077497
5.892386
5.203631
5.237831
4.678021
19.895846
15.705844
3.809705
3.485026
3.215433
2.929668
2.675687
2.450119
2.259637
3.212509
5.857887
5.399595
5.648964
5.918718
6.003158
5.820797
5.753333
5.515229
5.327305
5.098434
4.883304
4.654541
20.524054
20.832718
20.801634
19.177693
18.046446
19.040203
17.671354
18.495098
22.727511
21.283788
20.497267
19.115221
13.679780
13.246891
12.825902
12.395490
13.148337
12.647015
113.939703
15.345492
116.460235
14.011417
12.963300
12.362649
14.296224
103.310285
12.837520
13.868678
12.793478
12.237260
11.241336
10.477039
9.591348
8.784816
7.952026
8.939506
9.242481
8.517586
7.879370
7.152778
8.358482
7.182952
12.154076
10.311968
15.523861
14.316949
14.387608
13.649770
17.201385
67.846233
16.869081
16.279082
15.731829
15.162470
14.607677
14.053544
13.489881
12.918698
14.369097
13.428800
103.694604
56.191895
59.632804
50.330974
47.396206
16.513485
54.322043
15.045391
15.927275
14.798406
14.347150
13.302027
15.746148
44.064113
39.919724
39.786529
36.253603
34.049126
32.663398
30.222127
11.051443
10.272680
10.906842
9.941581
9.392644
9.164846
9.432994
8.780125
8.220519
7.591326
6.989029
6.393824
5.794450
5.213115
4.631405
7.155187
5.922349
9.017758
7.448571
7.651701
6.541757
6.253326
6.790557
21.611829
19.210372
20.944684
18.727526
20.240014
19.158305
18.368680
71.049284
17.915073
70.541637
15.621445
14.486872
14.729327
13.374984
12.859263
16.009390
14.203207
14.787659
12.834991
12.078404
10.588148
9.933305
10.991733
9.794437
9.045216
8.475254
78.322749
16.124291
16.187613
16.438434
15.608847
15.539678
14.695858
13.863441
13.095305
12.272177
11.624337
11.438138
10.727481
18.151956
16.383512
17.380416
12.930557
6.486499
6.281968
6.538622
6.239995
6.132974
5.852339
5.674709
13.084881
11.516646
12.196578
11.007080
10.760468
10.031594
9.584013
8.987640
8.476561
7.946138
7.443622
7.109845
6.580627
6.119443
5.660239
5.165106
4.712346
4.517789
4.084775
3.711179
3.322609
4.356016
10.551832
9.864706
10.026315
9.488250
9.285304
9.050329
11.714768
10.885900
11.551550
13.463049
13.808076
13.543134
13.149456
12.712470
12.269677
15.047347
13.981785
13.860794
13.693141
13.525566
12.791187
40.115918
11.337786
82.105408
9.852571
9.109788
8.382352
7.660285
7.623029
12.984961
13.508107
13.173405
12.707303
11.973565
11.108956
12.598611
11.749022
30.517515
29.031241
28.912778
26.530694
25.412853
23.596688
23.164806
21.256242
20.452604
9.072978
9.897679
8.878644
9.702048
8.763429
8.374409
59.924820
46.963010
50.077419
40.242729
38.231424
8.780445
8.168032
8.017630
7.499686
7.128961
6.700430
7.620073
6.976841
6.734843
6.168827
5.807571
5.335606
6.787815
6.801700
6.746638
6.274189
6.064043
5.710739
5.490522
5.890444
5.605083
5.467066
51.097349
39.848640
42.637730
35.855393
33.169166
6.286735
5.852647
5.680379
9.461960
8.520822
10.553499
9.611615
12.535621
11.677165
15.035277
13.620552
14.610684
14.256140
14.418693
13.508371
39.735778
37.330711
37.212096
34.048122
13.662719
18.638334
17.078217
18.236164
16.665451
15.951597
17.537341
16.379206
15.962500
16.530209
17.267617
16.221037
15.434306
14.410487
13.594064
16.887770
17.958363
17.177269
16.172300
15.032807
15.393673
13.946799
13.194594
12.925128
14.523271
13.388330
12.729985
11.754295
19.750672
16.869875
16.748973
17.190582
15.890089
14.744227
15.172820
82.022306
12.690121
11.168808
10.112325
8.899864
126.221458
9.052417
8.751445
9.686638
9.221308
9.521892
9.018739
10.001074
10.088510
9.726851
9.245844
8.747864
10.358895
9.748754
9.464008
12.960997
14.566280
14.394694
13.515197
12.931685
12.147951
11.610191
10.913798
10.290693
9.623632
9.719961
12.867092
11.692906
11.577073
10.602021
10.075011
10.818210
10.036761
9.538127
8.830314
8.236984
7.610515
7.619654
7.318763
6.802428
6.399963
8.800869
10.663397
9.818524
9.752899
8.826876
8.481898
7.771007
8.464529
7.749487
7.433227
6.834326
6.484032
9.769857
8.763745
8.801471
7.979945
7.598131
7.016669
6.559163
6.050408
5.579983
5.107324
5.780854
6.186447
5.848634
5.417797
5.012341
4.610475
4.244160
3.887563
4.145695
3.755821
4.526357
4.101442
3.918030
4.928283
4.439320
4.490831
4.106372
3.978912
3.720650
3.534312
113.495301
3.099235
4.651007
7.624362
6.999370
7.027365
6.393279
6.115192
5.661750
24.243524
20.698754
21.101092
4.127802
3.752511
3.385548
3.034445
3.797746
3.401294
3.225138
2.926578
3.086494
2.874515
7.453527
6.607624
6.557183
5.927716
6.290588
5.797617
6.328074
5.771507
6.022955
5.567347
13.852644
12.131932
12.939115
11.492170
11.126238
10.188024
17.164751
20.243674
19.566905
18.588224
18.342551
18.419548
17.390323
16.515387
15.481665
14.516954
13.524743
12.557277
11.741667
10.800676
10.327648
9.398673
8.625610
8.202771
9.151535
8.687372
8.150388
7.583574
7.063037
6.545525
6.047955
5.576084
5.136734
4.735712
5.299092
9.469975
8.836893
9.796363
9.212513
9.262575
8.817580
8.674623
8.518522
8.285617
8.037385
7.813880
8.008265
7.679526
9.463125
9.137608
9.013969
8.816475
8.578803
8.467707
8.216114
94.165442
7.882735
8.680680
8.177646
16.817385
14.979941
15.268163
17.046606
11.242845
24.056913
22.038312
22.281332
12.083832
11.188722
11.690528
13.587432
13.192959
13.132126
12.712844
12.445948
35.027652
29.040877
30.241894
11.087465
10.781630
11.137554
10.661477
10.390209
9.947006
11.057078
10.595254
14.260105
13.227502
13.402053
12.906416
12.534248
11.994976
11.518798
11.395973
10.843132
10.397056
10.308646
13.423998
12.358012
12.312721
11.402949
11.065231
10.396489
9.861854
9.259466
8.707357
10.364275
9.535954
12.708798
11.352636
12.415585
11.705234
13.155303
12.128754
11.891743
13.182660
12.293037
17.355056
17.807200
17.355149
16.735957
16.003175
15.355144
15.275258
14.414097
25.489962
22.483014
22.353051
14.205584
11.753857
12.607626
11.029358
67.684548
9.759639
9.207210
8.559467
9.563169
8.879559
8.485907
10.381190
9.220151
9.240514
8.327766
8.051226
7.400708
8.762894
8.008096
7.811779
7.914900
7.571324
10.969888
9.777388
10.204030
9.158397
70.852660
8.376081
7.998990
7.486795
7.064776
6.607867
6.208060
6.163957
5.759610
7.399170
9.682427
11.374515
10.671750
10.569713
9.819215
9.479011
8.879136
8.965182
8.467877
8.196942
7.787910
7.445916
7.062650
6.705080
6.330799
5.981437
5.709534
5.759781
5.508348
5.510106
8.275108
7.895578
25.525024
21.137041
23.806996
19.733619
19.810947
17.342747
18.352265
17.258713
16.411252
15.150441
16.330807
15.080418
14.334919
13.462161
12.639646
11.849120
11.117977
10.439568
9.817799
9.959149
9.484926
10.355354
11.435063
10.929452
10.848362
11.200499
10.720027
12.560909
12.069421
11.798753
11.130413
10.602923
13.968620
14.152972
86.529885
13.180322
12.544296
11.962681
11.473091
10.958099
10.363513
9.772348
10.532702
9.893994
9.492273
8.925499
8.441730
7.995139
7.569542
93.213241
8.872963
11.623042
12.013839
11.923028
11.339150
10.947234
11.227736
10.675398
10.337809
19.116750
18.962119
21.413740
19.978840
20.748829
46.022811
32.372357
26.554664
24.347155
23.037066
21.449735
20.047342
19.726391
9.854661
9.559926
8.824822
8.385643
9.001390
8.444373
10.622392
10.955220
12.504279
11.833227
11.496127
10.884158
10.390408
9.868160
9.364786
78.731269
8.524907
105.238894
9.553981
8.853171
9.302048
8.608030
8.329888
7.790297
7.942849
11.857065
10.708712
10.785699
9.802970
9.968550
12.095080
11.156353
10.788812
37.830292
33.318251
36.780520
32.874419
31.421510
28.652085
9.100030
8.348367
7.778659
7.154728
10.934477
9.860670
9.857758
9.035322
8.648950
8.069458
7.614485
7.102902
6.680316
30.445467
7.095892
6.877557
6.317261
7.095090
6.490663
6.276059
6.451170
6.005518
5.691747
5.466517
5.134389
4.819560
4.493755
4.180206
3.874999
23.592806
22.275084
23.804784
6.031483
5.550859
5.406759
57.250406
49.602162
50.819879
45.436532
42.767692
39.197711
42.021814
8.349024
9.177191
8.566860
8.432656
7.884104
9.051887
8.192102
8.073680
7.779246
7.331331
6.842101
6.464042
5.974320
5.545676
5.091290
7.378257
7.946043
7.794789
7.284868
6.876655
54.446755
9.106222
5.472268
7.365039
5.919687
5.888549
5.441133
5.255942
4.970137
10.135987
9.141108
9.503656
68.454664
59.907623
8.277163
7.868767
7.287905
6.816287
7.167607
6.523674
6.190595
5.642875
5.267519
4.817568
6.302696
5.566067
6.281392
5.581492
5.307972
4.791185
4.414297
5.251665
7.046358
6.204235
6.060322
5.233339
4.952366
4.671035
4.317191
30.610044
59.549625
26.948260
3.037612
6.942678
6.033942
6.385066
122.726510
6.812621
6.309729
5.724182
5.170323
5.136929
4.675458
4.301690
3.947193
4.033555
5.315546
4.789040
4.814622
4.433418
4.310413
4.056038
3.900376
3.698587
3.586037
6.677151
6.176952
6.449343
6.867587
6.696485
33.643022
11.505603
9.856549
25.518338
20.579342
22.451186
19.463070
19.073408
8.762941
8.545017
10.706805
10.015351
9.955651
9.785014
9.441330
9.208787
8.815419
8.324812
63.647390
55.757910
58.077178
52.355953
49.758839
45.942922
42.741414
39.306501
36.033994
41.907384
39.768500
37.962268
34.738642
15.269262
13.929927
13.904163
12.731359
12.123677
11.249918
11.077331
10.142512
9.500006
9.210927
8.845500
8.770878
7.947628
7.374944
6.657585
6.053091
5.436421
4.863532
4.313877
3.788988
7.066080
6.612285
6.369435
6.089508
5.786024
5.573214
5.253563
5.101558
8.248762
7.166902
7.947525
6.788495
7.251381
6.375965
6.142861
6.107470
5.637287
5.876407
5.375940
5.739012
5.097651
70.367561
6.355914
5.751928
5.504197
6.105786
6.218323
6.324648
14.253530
13.384930
15.744986
15.912257
15.779863
18.679243
22.786871
21.301631
21.556215
156.304376
21.529022
20.193038
19.695439
18.456751
18.635715
17.456603
20.316319
18.928343
18.690233
42.070254
16.642925
15.607179
14.665960
14.436285
13.436131
12.559578
11.634080
10.748761
9.921236
9.125449
8.349991
7.601588
7.093237
6.392927
5.726146
5.077448
4.479085
4.098726
3.720741
3.405473
24.737010
2.873513
2.758440
76.360605
3.930790
3.964530
3.585503
12.532572
10.973944
11.060333
9.937243
9.327418
8.536219
8.172649
7.526402
2.236648
2.118878
2.013553
6.445386
7.903527
7.904322
7.513321
7.104362
8.928754
8.356747
8.140717
7.947278
10.027761
9.300953
9.176163
8.376378
7.922514
7.296487
6.787094
6.241324
5.732979
5.235566
4.946216
4.475633
4.076189
8.218841
8.755743
8.711122
8.052663
7.560383
7.123008
10.013354
13.522371
13.551862
13.866371
12.866922
12.786671
11.907246
11.580648
10.737548
10.071914
12.170643
11.132036
10.675336
12.213717
11.285765
13.390468
13.629893
12.992150
12.083957
11.192767
10.307587
9.525946
8.754630
8.019921
9.547323
8.472239
8.083378
7.225982
6.736101
6.115602
5.584969
5.027370
4.506152
5.175272
4.647619
4.268427
3.823747
3.426553
110.203379
2.736113
2.445603
2.191727
5.319331
76.243633
8.242005
4.459420
6.717116
5.349469
8.160596
7.030217
15.448061
12.634632
13.702883
12.378933
12.040211
10.788342
10.124004
10.787601
10.058415
9.299961
8.792299
7.925661
7.171745
6.386143
5.675257
29.742223
4.331568
3.966611
3.383224
2.977378
2.537001
47.219105
4.845250
6.735415
5.701516
6.829570
5.920916
5.957503
47.735978
5.373891
5.441788
6.782531
7.519759
7.680556
7.418343
7.180193
6.871475
9.481313
8.656038
8.708217
17.612285
15.792547
16.618501
15.171451
16.027326
14.917891
14.818105
13.899897
13.388128
12.546132
11.868179
15.412539
14.469289
14.142178
16.567573
15.145197
15.575536
14.129067
13.444177
15.778602
14.334576
13.851756
12.919021
12.015569
11.003985
10.074531
9.226961
10.906032
10.074724
9.703103
8.783435
8.378919
8.083189
7.468920
7.422471
7.211706
95.432700
6.121121
5.666752
5.184032
4.745915
4.356289
4.822053
4.317247
4.742240
4.270343
4.115416
3.911780
5.353755
4.928166
7.588145
7.221267
62.411115
53.738039
54.969090
48.981741
5.822066
5.472035
5.681737
5.243173
5.030687
6.719721
5.881957
5.895932
5.179973
4.935840
118.696209
4.884464
4.843850
4.584299
5.070117
78.225690
4.566067
4.298896
4.057952
7.694346
6.820181
7.052465
6.363639
6.152291
6.172601
5.753613
9.262549
12.069602
12.186322
11.924690
11.181889
10.637309
11.770911
11.885286
11.249301
12.074692
11.233653
29.295711
27.493654
27.184667
24.914371
23.815963
21.934618
20.302525
19.960675
8.968927
8.241241
7.876936
7.205898
7.354688
33.963341
6.904509
33.827509
47.369425
6.468112
12.006626
6.974188
8.954789
6.496194
76.366761
5.626389
5.542200
5.123120
4.760399
10.511897
8.984196
9.272130
10.169506
14.025362
12.674815
12.695110
11.525724
13.246787
11.979360
11.609582
12.188110
11.241732
10.597648
9.681379
8.923444
8.115779
7.393782
6.668516
10.989242
9.631774
9.771475
8.682644
8.148425
10.591422
9.221259
9.148195
7.944727
7.515354
6.627008
6.280501
5.612836
5.137687
4.568069
4.096870
3.629973
23.054711
6.134463
25.602706
5.551756
7.154899
7.067394
6.994207
6.543952
7.434702
18.843825
17.238881
65.580299
56.340324
56.980108
53.882628
14.478117
14.110113
9.097419
9.389397
9.296877
8.839153
8.392089
7.874909
9.994515
9.025115
9.757972
8.921043
8.600918
7.970761
7.535118
7.015153
6.799282
6.319207
9.222035
9.667053
9.392047
8.741858
11.069005
9.662328
9.617753
8.493064
8.169081
7.397906
42.454755
6.417029
5.943203
5.551651
5.095899
19.024219
4.248186
3.851506
3.468579
3.109827
2.776226
2.499413
2.215032
6.430538
6.916002
7.073513
6.410205
8.146911
7.301481
15.599878
15.198376
15.712985
46.128689
15.033194
16.866265
19.524230
19.258649
19.121287
18.193119
18.398821
19.588249
19.225607
18.940624
18.694939
21.231644
21.617885
23.537754
22.417680
22.200757
21.671558
20.922424
21.782963
21.685320
22.022339
21.398630
20.630219
19.976355
19.262889
18.634163
17.970751
17.342674
16.718986
17.564319
16.960980
25.853749
22.559299
23.983481
21.175112
29.645854
27.127512
27.410040
28.136580
28.153758
26.892412
25.870315
24.805992
23.710385
22.515181
21.405276
20.274968
19.185779
19.356393
20.646444
24.863298
23.553708
22.832604
21.559889
20.327029
19.195454
18.010653
16.940810
15.841160
14.783059
13.732386
12.728145
11.978894
52.558104
10.118962
9.282280
8.485810
9.844775
8.530284
8.198734
7.051637
6.616297
54.483365
6.947889
6.661698
5.938562
5.503971
4.922750
4.533872
4.169073
3.844697
4.221272
5.185968
5.475887
5.203487
5.093551
4.975536
4.793252
29.863808
23.832566
25.396302
6.551699
6.353679
6.205001
10.998761
12.889889
15.227871
16.380585
15.399223
15.193358
14.213956
13.770401
17.817346
15.900402
16.019429
14.308360
16.726558
15.112991
14.789383
13.537312
14.959638
13.922532
14.521309
13.459669
12.925529
12.061343
52.548064
17.322392
15.837886
15.789758
14.510663
49.494162
39.810114
12.821912
48.924148
180.638769
46.164544
44.131637
14.169105
13.214467
13.481182
12.376119
12.152118
11.453634
10.976297
10.408666
9.897168
9.410391
9.565075
9.035341
8.726280
8.228634
7.885415
12.043017
11.297842
11.579269
63.992655
10.555563
10.035368
9.671254
9.231735
8.833841
11.101888
10.254019
10.191104
9.484902
9.115330
11.922775
11.152424
12.195713
11.195572
11.014494
10.311203
9.937064
9.371391
78.958827
12.377916
101.550077
30.890999
31.134185
28.526722
27.119310
25.271431
23.652907
21.949544
10.693201
12.374363
12.443729
12.004713
11.496612
11.951506
12.704161
12.396032
12.158415
11.883136
14.601060
14.043268
14.110690
16.124689
15.760122
15.537746
15.116273
14.718619
25.972573
14.496696
14.182654
15.902919
15.286362
15.094820
14.468139
14.131709
14.280126
13.693883
13.270766
15.441626
14.447982
15.546480
15.670140
19.665190
19.429179
20.244004
25.450256
35.732108
36.778431
32.696978
28.047398
26.568689
23.404852
21.338261
20.146515
18.104968
16.756065
14.936186
13.288083
11.540367
11.115829
10.442294
9.836573
9.197422
11.275508
9.947221
9.819282
8.713760
8.246150
7.461077
7.006432
6.411186
5.944836
5.470738
5.000143
4.552533
6.226508
5.268500
5.297439
4.532389
4.326399
3.853916
5.087833
4.523979
7.010599
8.805257
8.439377
8.361035
8.924499
10.093889
13.252197
13.020784
13.247765
12.302931
11.754129
11.455114
10.703698
10.031199
9.331599
8.674244
9.167703
8.319029
9.169504
8.058415
7.714471
7.004342
6.434806
5.725113
5.143573
4.548526
7.862552
6.668306
6.926265
12.234672
10.138473
11.995745
11.565769
12.450733
12.269488
11.633812
11.765875
10.936020
10.305897
9.538190
8.852472
8.165271
8.868736
9.320840
8.595613
10.044683
8.997139
8.626016
7.801021
8.723561
7.980012
7.668439
7.119529
7.350297
7.501120
9.243687
8.331043
8.225855
7.411891
7.064938
6.455130
6.036428
5.513507
5.108935
4.705200
4.369844
64.890067
6.094598
7.361193
7.826348
8.208747
7.913066
7.566171
7.533938
7.123861
7.711438
7.166453
7.946813
7.319445
7.136883
6.602310
6.302518
7.056508
6.403759
7.190239
8.113074
7.471879
13.983017
11.998153
12.534258
13.942883
12.936327
13.437527
12.387152
11.615418
10.712241
26.522291
22.265411
22.582135
18.818930
17.355468
31.034874
19.114553
19.602989
6.880965
6.771705
7.008378
10.286945
9.621962
10.091519
9.355139
9.063878
8.481827
8.185918
7.814320
7.506385
7.166973
6.888930
7.704070
7.248478
9.341817
10.585704
10.317307
9.984854
10.624033
10.061117
9.684879
9.166650
8.696459
8.220705
8.005432
7.678065
22.338771
19.443631
20.802559
18.544336
21.505840
19.533135
19.600678
17.971398
20.359493
18.297109
19.017753
21.145061
21.310727
19.920556
18.759576
17.212087
16.778073
15.332011
14.353459
14.109696
192.195429
11.920133
10.825416
18.904599
9.014469
8.172674
9.884875
9.078138
8.579278
7.867331
10.059908
9.118003
9.994634
9.019115
82.035606
8.672162
8.332843
8.050568
7.961290
7.757729
7.416053
7.893422
8.116469
7.712586
7.343318
9.589441
10.070162
9.893486
10.553096
12.710334
12.132369
11.806204
11.216056
10.649683
10.300614
9.709338
9.215107
9.736043
9.250098
8.910384
8.244607
7.813451
7.592414
7.129616
6.867538
6.585016
6.148318
5.735967
13.703183
11.879027
16.365211
14.272139
63.848252
56.754792
57.700958
53.900221
50.516012
46.972134
48.745187
44.283195
55.704411
13.186477
12.289280
11.070643
8.722279
7.854601
36.608488
31.439578
32.037694
28.274122
7.794790
9.850438
8.390332
8.155907
8.470362
8.734799
7.933788
7.380542
6.621758
10.051633
8.952668
8.672601
9.351108
11.519260
10.438983
10.431440
9.515940
9.203735
8.742683
8.398352
7.958408
7.600490
7.198021
7.308565
9.366118
8.869939
9.619798
9.035259
9.026221
8.537622
8.220130
7.827398
7.510438
7.184348
6.865448
6.531344
6.197754
8.248828
7.489437
7.456836
6.834552
6.507867
6.028743
6.915105
6.121085
5.935555
11.537271
10.043683
10.238958
9.094985
8.598257
7.830140
7.195368
50.413818
5.886217
49.430996
4.863936
4.455189
3.884626
7.297444
6.568885
6.528718
6.026551
7.997108
7.482236
7.416590
7.103050
7.564318
7.233392
6.979224
6.668865
6.359279
10.862628
12.442677
12.276809
12.672251
12.423352
11.997047
13.553481
109.183759
12.225177
11.313881
10.703293
10.107595
9.438179
8.726558
8.919991
8.164700
7.638226
15.351496
12.420946
13.730579
11.180032
10.895372
9.253176
8.679249
7.628619
7.012444
6.177242
5.559606
4.909208
4.359434
4.947425
4.249122
3.905554
3.364238
2.989176
5.809757
7.744792
7.408929
9.683510
9.365021
8.944837
14.460652
14.600308
14.260942
13.445004
12.770005
12.072585
11.361400
10.764358
10.203049
9.592034
8.938827
8.349898
7.717349
9.607716
10.790596
10.445750
9.846608
10.687302
9.894351
9.392760
8.680589
8.088301
7.482610
6.938694
6.412771
5.923716
8.236885
6.973619
7.158151
7.624679
6.990707
6.546411
7.704805
6.972258
33.177943
28.144320
37.111252
14.788063
15.405010
13.719330
13.395686
19.519823
17.297872
17.582595
17.310393
16.265068
14.837062
13.645835
12.302714
12.957869
11.055582
10.402994
8.699559
7.920695
6.607813
6.597162
5.568746
5.020735
4.236706
6.073861
5.686734
5.401540
6.808046
7.213859
7.236584
7.016559
8.223710
8.044401
8.086751
7.603130
7.471054
7.345617
7.459984
7.111842
6.915611
6.597413
6.362291
6.202675
5.978194
5.745666
5.521384
65.541433
5.774096
52.415615
45.091138
5.130773
4.810733
4.607865
4.368535
4.201173
4.015770
3.850374
3.927829
4.694013
4.752318
4.667251
4.424150
4.217052
3.987017
4.928958
4.612737
4.543617
4.285257
4.192203
3.986269
8.142421
7.180390
7.510653
6.769487
6.626193
6.125745
5.806548
5.378696
5.194577
4.784245
7.190878
6.408652
6.504851
5.760651
5.429843
4.906695
4.536896
4.125448
3.782843
3.432361
3.117599
2.805573
2.516326
2.574732
2.250791
4.724726
4.246400
4.322448
4.047083
3.911474
5.253979
4.724840
4.669915
4.230625
9.094837
8.192317
10.546542
9.764502
9.744525
9.248696
8.952156
9.383691
8.786480
8.551624
8.032607
7.708877
7.248538
6.871435
6.435608
6.039438
5.623954
5.988230
6.740627
6.268987
6.202597
5.976983
5.644823
123.661182
4.696641
4.227247
4.564595
4.089855
4.019291
3.627160
3.375359
3.051274
2.779578
2.491731
2.227429
78.444431
3.847308
81.045996
4.037375
3.919703
3.752469
3.625594
3.464806
3.320112
3.158530
3.664140
3.382069
3.298910
3.050195
2.885507
3.393435
3.012452
2.944210
2.614288
2.477400
2.234446
2.070808
1.864996
1.837241
1.623040
1.489648
1.302307
1.161745
1.061869
0.949540
0.822900
0.718007
0.609044
0.512482
120.055913
0.331846
0.534695
0.476204
0.601643
30.477947
26.188863
27.005680
24.011233
0.473611
0.683595
0.598324
0.698873
0.602949
0.602973
0.537416
12.775903
11.883106
12.015858
11.419899
11.055013
10.620316
0.386746
134.941072
38.949616
62.532155
56.415148
25.224081
19.831752
1.084965
1.029912
1.127246
8.636569
6.494222
7.855010
8.934841
8.557626
11.275249
16.524174
19.474458
19.598103
18.915544
18.604140
17.749544
16.781665
15.948330
17.566663
19.960807
18.594234
19.192974
17.803142
17.295076
17.798009
16.553189
17.846074
22.526507
24.190825
23.111020
21.289862
19.866115
18.125000
16.787191
15.293055
14.145686
12.761213
11.569774
10.430501
10.287901
9.520152
8.631599
7.676119
6.821111
5.975524
5.265079
4.830238
4.153691
59.284169
4.861905
58.911189
4.510792
4.261261
4.042352
3.809363
47.188644
3.750060
3.445866
3.262095
2.979704
2.749690
2.495880
2.328738
2.069760
1.850902
1.619149
1.410967
1.709579
1.494162
2.387803
2.081262
2.083549
3.613853
5.637394
5.203141
5.288153
4.906863
26.707633
6.116151
10.424397
26.856676
22.957081
25.141159
22.401160
22.326469
20.310884
19.604451
18.049854
17.085566
15.771637
14.736122
13.571910
12.552686
12.014352
10.909779
10.048612
9.062441
9.448580
8.253533
8.585163
7.374442
6.898527
13.729992
14.692936
14.650441
14.083852
18.225051
16.712963
18.342534
16.948516
16.478037
15.425740
14.662555
25.254173
16.531836
16.501437
15.921223
15.166525
14.433239
14.762720
13.824025
16.036698
14.644751
14.276221
13.403653
12.645849
12.219631
11.269749
10.477555
9.551090
9.350065
8.380074
9.788123
8.389713
8.060983
6.851756
6.227052
6.819764
6.601855
6.450549
5.648247
5.169184
4.485196
29.648127
25.332047
25.639200
22.652406
24.613808
23.187507
58.254924
7.865055
7.228080
15.150996
14.570327
14.919852
15.977613
16.321597
15.651844
14.759004
13.926624
16.679854
15.184521
14.744803
14.134092
13.247704
12.313919
11.377356
10.513978
11.796794
10.435913
9.958560
74.476084
35.060840
30.229474
30.255062
9.760033
8.359737
8.826654
7.284853
11.456197
9.704999
9.876212
8.530783
9.971365
8.605173
10.095330
9.116843
8.838318
8.252955
7.798774
7.238731
6.794230
10.111678
9.273377
9.218826
8.571658
9.696571
9.058225
15.818758
14.828168
15.298176
14.079894
13.726459
12.885649
12.301116
37.196739
10.958251
10.917910
15.035022
13.615761
13.465778
12.292706
11.662194
10.790354
61.214513
11.408765
10.139629
9.788978
8.720767
8.130180
7.287134
6.661329
6.287729
5.625802
5.075962
4.598202
4.162435
3.739316
3.544440
3.253417
2.995088
4.683515
6.266182
10.360145
9.430978
11.166844
10.091870
9.972151
9.490662
9.263946
42.549912
9.924994
9.264616
9.175130
8.570165
8.282686
7.796621
7.447850
7.617938
7.184727
6.878222
6.464600
6.368416
63.366521
5.657799
6.955742
6.486861
6.358510
5.995714
5.786747
6.681056
6.288451
6.201850
5.895257
5.705747
5.441592
11.147130
9.823813
10.276876
9.257527
9.278696
8.529913
8.130088
7.552114
7.038720
6.475802
5.947250
5.742473
5.200798
4.745276
4.243433
3.793811
3.348670
2.932329
2.522641
2.163645
1.879067
1.620692
2.663441
2.959652
2.960496
4.843343
6.677428
6.386698
6.211581
5.828851
7.146720
6.712911
6.504399
7.264880
7.712075
9.104889
13.090285
12.038994
12.226722
11.622413
11.189609
10.540408
9.992142
9.378915
8.802874
9.755336
8.826104
15.291448
13.776610
13.947829
14.621111
13.870017
13.890152
13.071289
12.497774
12.794049
12.000142
11.447977
12.932379
12.298515
13.551821
23.726458
21.586525
20.965286
19.143674
11.033252
25.825236
23.058608
22.694971
21.471844
19.866492
18.350750
17.261174
60.403996
18.247220
10.539207
9.513053
9.038602
10.754450
10.668609
10.907668
9.746250
9.255612
8.330236
7.818238
50.456018
10.181729
10.140083
9.728462
9.053856
8.389774
7.791427
11.878874
10.477239
14.247597
12.738586
18.416590
16.631507
16.778345
15.532731
15.174838
14.365496
14.831534
15.636080
15.017736
15.410758
14.609631
14.089277
13.377512
14.332855
15.091777
16.135001
15.231884
16.329298
15.113676
48.003781
15.100123
16.674187
15.052757
14.696297
13.420345
12.738971
11.738443
11.055190
10.284387
10.588239
11.502926
11.108864
10.495707
9.877611
10.036661
9.495620
9.697697
9.083732
8.671417
8.127309
12.069950
11.814747
11.857091
15.281175
38.460426
38.337350
38.543915
36.646858
19.596493
20.337578
19.176689
18.703218
17.720276
17.037745
16.198242
15.731027
14.963253
15.742552
14.795671
18.176084
16.372570
16.360302
14.879286
14.318881
13.240486
12.546546
11.682408
11.002593
24.208597
9.633880
9.039657
8.523659
8.102218
7.730572
11.000827
10.054956
10.393485
9.608181
9.588455
9.122312
8.975537
9.363103
10.326774
10.786311
11.018367
11.070550
12.435629
12.210966
12.227928
14.327372
13.812392
13.931699
14.487277
14.040170
18.769566
18.041745
18.178261
17.291042
16.830615
16.158512
15.589470
15.991644
15.756460
15.181449
15.705736
14.844428
14.339730
14.000736
13.264499
12.722548
12.080098
11.498467
10.920248
10.368213
94.833061
9.507221
9.544183
9.083347
8.664019
8.269941
8.392729
7.928091
7.706933
7.535811
157.037042
7.850974
7.621090
7.282925
7.015655
6.730259
6.462270
6.333344
6.185135
5.947523
5.922872
5.631827
127.667411
5.575962
5.237258
7.783113
7.360613
7.639280
7.231438
7.076100
11.448020
10.851979
10.953607
12.990733
12.276170
12.402191
11.696462
11.367204
10.777567
10.322323
9.776937
9.380668
11.108935
10.987032
10.589685
10.030991
10.185066
10.967240
10.621280
10.068955
10.764774
50.595684
13.436557
12.440700
12.288019
14.082528
13.441118
12.985845
13.105195
13.842168
13.406002
95.310413
82.673866
11.642884
11.010086
11.512363
12.662870
11.812186
11.407256
10.494010
10.065747
20.378126
17.570468
18.528617
16.272175
15.678407
14.171456
13.262820
33.445283
11.385804
10.363200
9.459937
8.546765
7.676044
6.857108
6.731789
6.799187
6.133781
5.507725
4.838766
4.232586
3.686520
4.236806
3.600210
3.906521
3.476453
3.219704
3.246844
3.032198
65.869684
57.304617
208.260189
67.785246
52.890043
79.364545
13.383856
6.436080
10.866137
8.558311
9.453366
8.518468
8.507244
7.929135
7.987508
14.410926
13.690316
14.177278
13.951740
16.373882
15.884516
15.470244
14.985236
14.458485
14.280564
13.739292
13.250991
12.701089
12.163099
11.597934
11.038901
15.819309
14.802880
15.013646
14.140005
13.775057
13.118334
12.603496
14.312236
49.211900
12.870050
11.731193
11.169094
10.247937
9.579015
10.867324
9.787542
9.283281
8.714163
7.942108
7.287758
101.714007
7.070548
6.094497
43.354081
4.829637
4.487551
6.756170
7.354934
7.129081
6.459217
6.004430
5.359849
8.443274
7.337698
9.681620
8.632564
8.628674
7.962347
10.834587
10.098426
11.535236
10.890925
10.677403
10.203543
9.829572
10.368624
9.687492
9.443088
8.838961
8.475985
8.103130
16.157434
13.826884
14.719539
12.421370
13.709954
11.745547
11.378768
9.903621
10.638590
9.434272
8.816594
8.541542
81.948804
7.011077
7.781322
6.917455
6.449491
5.677883
5.108236
4.516040
8.142764
29.591761
6.949944
6.188006
5.724562
5.104832
4.646643
4.231768
3.781143
3.346259
3.121485
2.688973
2.573485
4.534415
4.402716
4.290920
3.960187
3.683751
3.421642
3.145217
2.906462
4.187454
6.958170
6.009480
6.194226
5.277239
5.101831
4.474715
4.184588
5.741414
5.060118
4.907787
4.363780
4.506033
3.991194
5.633529
5.553910
7.265672
6.486134
6.335211
7.437165
6.651196
7.533638
6.784212
6.521066
5.846948
5.413638
4.867757
4.435470
3.978415
3.557160
3.469891
21.068400
2.706274
20.550825
1.998801
1.692613
1.610592
1.331693
1.123469
0.931663
2.211218
1.999087
61.869561
53.009379
54.534705
1.668051
1.566306
1.459237
1.372517
1.297488
1.209746
1.125692
1.511427
1.494949
1.468172
1.320215
2.190894
1.902180
1.920455
1.697575
116.346448
1.497618
121.102090
4.367485
5.788433
4.548385
5.632719
5.590729
131.086226
112.062255
275.653690
20.643892
21.972895
7.488541
7.155043
8.219089
9.917883
9.201352
8.851938
8.100414
8.516314
7.816703
7.350679
6.769200
7.762717
9.214838
73.761229
8.135601
9.249220
10.141251
13.556440
12.221904
12.079281
10.948234
10.367180
9.512798
9.351305
8.568070
8.002287
7.290655
6.679650
6.056059
18.077658
6.966445
17.560412
7.392671
3.642594
5.333453
3.601435
3.766647
3.767937
3.363335
4.369338
3.574509
3.503879
2.879546
6.801021
8.143788
7.952071
8.145999
7.647334
7.396412
6.979407
12.632317
10.791576
10.863649
9.479657
8.909368
77.521324
9.979919
7.076853
11.717429
8.825423
8.816389
7.732630
7.133830
14.123082
8.063046
6.921011
8.082177
7.574007
7.302534
7.199354
8.354397
10.069139
9.183010
10.221692
8.952607
8.733410
48.628038
31.349055
22.442268
25.984952
20.035780
19.441969
16.446633
8.376433
7.525506
8.089744
7.065279
6.653492
5.787758
5.263453
5.177014
7.847806
6.782054
6.636733
5.754458
5.284273
39.659486
10.946357
65.688567
10.424747
70.169968
8.971919
8.030486
14.380556
14.142857
16.264091
14.854212
17.205752
15.918474
15.305337
40.536038
13.397260
12.466188
11.572733
10.680274
10.357386
9.460878
8.679695
8.935890
12.824665
11.353131
20.606050
17.009734
18.089510
15.262307
14.907956
13.146686
13.226744
17.144688
15.574973
44.211668
18.286637
12.991189
14.556067
12.639142
11.956137
10.747733
9.718503
8.755570
7.783991
6.918788
6.968287
6.588704
8.244568
7.472612
9.543554
33.249751
8.191624
96.637299
6.999794
6.342751
6.919080
6.233339
8.449047
8.210512
8.073533
7.504924
7.373815
7.332831
6.894215
6.447918
5.990374
5.539776
5.098956
49.759698
42.750175
43.527277
38.549737
4.041368
5.414707
4.630735
4.397097
5.397400
4.580656
4.370905
3.644092
3.517953
150.945083
82.221083
132.987628
5.664853
5.408400
9.435555
17.360761
16.118535
16.615040
15.257534
18.648160
17.395183
16.892075
15.996336
15.132865
14.323571
15.456290
14.328290
14.362103
13.227431
13.574646
12.435212
11.789096
10.812048
10.036321
9.183105
8.584297
10.469432
9.734998
9.363299
8.706509
9.703751
9.061996
8.692379
8.097498
7.612657
7.075158
8.772749
7.864417
7.628315
6.861198
6.379954
5.763230
5.326554
4.853757
4.480913
4.033021
4.631847
4.136071
4.398454
8.350460
8.695983
8.957184
7.827459
11.074626
11.658474
11.310944
10.441677
12.003210
11.530225
10.921174
10.143953
9.398108
8.927092
8.262994
7.680068
7.061780
6.505668
5.959762
5.438603
5.498396
7.012699
6.348451
6.206298
5.392328
5.029282
4.411465
32.674780
28.178492
28.967976
25.710225
24.198923
25.167557
28.671563
26.166893
24.369355
21.847553
19.711877
8.440810
8.469189
102.449000
11.111529
10.969369
10.083526
11.348323
85.739883
10.063786
85.086867
8.712229
8.035662
7.472063
6.861949
6.303211
5.758093
8.740178
7.629320
24.433626
19.507447
22.900970
13.913935
14.646205
13.849298
125.460696
12.997915
12.026380
11.985021
27.428803
21.907866
27.326893
22.685754
22.437806
19.047231
17.741377
15.404992
14.056181
14.305362
12.628997
11.472842
13.497137
11.680903
11.035897
9.264381
8.339711
6.993229
7.063381
5.839191
5.160692
84.639038
9.550842
7.996086
8.218481
7.033861
12.402335
11.204181
11.714349
29.531390
80.903771
26.291612
10.141586
13.154773
12.098494
11.979452
11.048585
10.513942
11.312178
11.106250
10.932010
11.137007
10.711558
11.972576
11.425599
11.883339
12.162773
11.527570
11.154843
17.501173
15.869522
16.165202
14.840997
14.661917
13.669412
12.995270
13.818491
16.108763
14.900455
15.006105
14.668508
14.962003
14.377493
13.619496
16.940926
15.182657
29.966880
25.673884
26.813895
23.695108
22.881463
20.853406
19.577824
18.351224
16.950472
15.503019
14.192321
12.929556
11.714021
10.599384
9.492855
8.444600
7.917043
6.916633
6.132692
7.368652
6.300559
6.904375
5.855559
5.345222
8.886729
7.562099
7.468355
6.569856
7.048214
78.478470
67.847395
13.806505
11.719771
12.999657
15.801829
16.653311
15.735489
14.291547
13.130530
11.825191
10.763683
36.024450
29.002400
34.197611
27.931010
26.503862
22.529602
9.474037
8.439685
7.600403
7.241823
7.392517
8.630853
11.598817
12.968435
17.316561
15.830115
17.161940
16.179061
15.576956
23.486934
21.011145
21.112097
19.093814
18.147627
78.405624
19.955738
18.198118
18.532665
16.974169
17.136870
15.637669
15.159754
13.772045
12.956493
11.757194
10.889067
9.840483
10.546310
116.429694
8.739516
8.037619
9.954473
8.909022
8.637857
16.689912
14.982887
49.655690
25.078657
24.345923
24.585714
16.917329
19.728921
17.942905
18.745070
16.971414
20.188696
18.550557
18.169523
20.425031
19.164504
18.774358
21.475010
20.385132
19.729829
26.948379
24.414287
24.358319
22.474133
21.409796
53.714484
44.136581
19.026648
23.261416
24.098547
44.761670
44.389834
42.887185
40.287050
37.498522
35.101784
32.512373
30.752535
29.323706
27.116323
25.050753
23.148461
20.945384
22.016613
19.427600
17.896443
15.782021
14.141627
12.498381
11.004949
9.517428
8.104882
6.746273
46.803162
6.194843
5.780967
5.000049
4.504086
3.892201
3.481078
3.321336
2.914283
2.536076
2.162487
1.807458
4.297278
3.917911
6.021545
5.194377
5.420779
5.359821
5.374076
5.005462
4.933630
4.668322
4.551506
97.224485
83.550178
4.658883
7.668030
7.073853
7.347732
6.768708
12.705336
11.086427
11.587110
11.036165
10.638041
9.893804
9.327945
8.670365
8.081917
7.463000
6.880269
6.295767
8.071780
7.108075
6.870552
6.077271
5.605042
5.006318
4.635784
4.447225
4.003659
3.627488
3.241196
2.938645
2.648075
2.373076
2.114824
1.938625
1.788214
5.189537
4.442081
4.750835
4.194352
4.099707
10.084263
8.691403
10.165992
8.796497
8.828135
8.711452
8.237147
7.618278
7.087227
6.508003
5.998379
9.905693
9.842954
9.953750
9.302963
9.086387
8.522566
9.380615
9.173943
8.876795
8.403198
8.547705
8.031397
10.188887
13.770920
13.046159
14.453835
17.218019
18.339799
71.865419
17.060839
16.185605
15.470776
14.625530
13.773674
13.049890
13.048769
11.991489
11.296782
10.306741
13.764534
12.263732
12.880206
13.769969
14.426539
13.377289
12.871346
12.006419
11.364788
10.653509
10.006187
9.428554
63.198599
8.753238
9.325468
8.809874
8.510868
9.907241
9.250566
9.131884
8.566638
8.236675
7.783712
11.333086
10.482617
10.477876
9.927270
9.822910
12.306938
11.850576
11.735140
35.924246
35.132540
34.966127
32.580087
14.939897
14.787275
13.746523
69.739167
60.587086
61.382668
11.213452
10.442975
9.747351
9.025953
8.359938
7.687858
8.265365
7.833830
14.278578
11.655489
12.295576
23.553019
24.549978
24.513004
22.788841
21.035813
19.404261
23.019114
20.567984
19.698774
13.500010
12.941329
11.874908
11.989246
13.464808
12.087579
11.634281
10.412477
9.679341
10.733712
72.137847
13.665476
13.255987
14.233418
20.298849
19.061943
19.129805
17.451402
16.870067
21.768426
21.404159
20.864466
19.257301
18.692182
20.434379
19.490729
18.364065
16.789544
15.466522
14.136325
12.876063
11.666793
12.640683
11.158624
10.955556
12.506217
11.458585
10.521992
10.087888
9.125700
9.228574
8.431666
8.487006
7.727002
7.286864
6.651052
7.376505
6.753826
7.964226
11.296198
11.472063
11.117322
10.939323
10.376646
9.985096
9.505402
9.087761
13.127595
13.422453
13.331872
12.673216
13.405445
12.981513
12.715286
12.516778
12.118750
14.068036
13.240245
14.337668
16.107706
17.564903
16.923674
16.712291
15.558751
15.457611
14.251968
14.224541
13.161362
12.996125
17.814631
17.522772
18.793962
18.149761
17.548195
17.092270
48.523527
17.104078
16.303690
16.060044
17.866788
16.782630
16.360772
15.428650
14.699486
14.345449
13.597654
15.052081
14.393400
13.950322
37.125038
33.098851
12.047229
11.466867
10.871353
11.214773
10.395832
10.524426
9.745449
8.344788
7.892977
7.611815
7.264899
6.997970
9.408067
8.648459
9.593213
8.847391
8.762492
8.216535
7.998089
7.589722
7.332663
6.968774
9.762490
8.557148
9.339804
8.218845
8.066630
7.315071
6.959784
6.409190
5.995638
8.909385
10.094439
9.465414
9.036560
8.186415
8.328252
8.577800
7.986836
7.438652
6.831958
6.254639
5.707676
11.086616
9.741503
9.429725
8.366336
7.666808
6.858115
72.184120
2.290079
5.737135
22.077942
18.582567
19.143405
16.194269
18.342138
141.449822
125.953026
127.630381
114.263394
106.917663
97.681132
11.788778
10.617309
9.432469
8.475194
7.966266
14.384884
12.666521
19.708462
16.861404
18.393426
18.779967
18.156884
17.475302
34.716350
15.972170
16.868623
15.601825
16.870143
16.707944
15.898540
14.913335
13.919435
12.972355
12.056076
11.155528
10.708517
9.842806
9.209926
9.645131
13.552081
12.411651
12.244372
11.383685
11.243308
10.495298
10.030757
11.131905
10.587900
10.648455
11.356310
10.579639
10.115009
9.365881
8.816679
8.193276
15.844501
13.846640
16.185674
16.485344
16.530028
15.430241
14.565361
12.511629
11.630495
10.757196
12.430502
13.377405
12.382601
14.078884
12.721963
84.881585
10.788437
10.003735
8.944328
8.897294
22.074541
18.035921
6.476045
7.496872
6.697378
6.256765
10.915267
10.048702
10.389063
8.982500
140.806594
99.346276
14.674805
13.952413
12.606383
15.707996
14.333213
13.664128
12.525183
11.782350
10.787807
10.284279
10.618501
10.709228
9.749424
9.084075
9.317712
8.986041
10.813896
10.352526
10.208710
9.800741
47.208039
10.416224
47.786250
9.536928
8.852485
9.424849
8.916372
9.077539
14.441335
14.209439
18.093097
16.342072
15.943096
14.615997
13.801629
14.732534
13.381196
14.811844
13.387149
12.733995
12.298864
16.365407
14.652709
37.349739
84.637262
15.646713
25.947276
25.476383
24.895450
22.838486
25.361188
14.257642
13.897114
15.614110
14.241221
13.546813
12.362018
11.470695
10.497841
9.613009
9.042817
9.536180
8.685938
8.045291
7.339163
6.805161
6.167975
5.601891
6.051933
7.211253
6.405946
6.101022
23.562707
21.637974
21.903855
9.307808
9.968849
9.339258
8.695266
12.147187
10.641608
12.564586
10.913023
10.721245
10.441917
13.155113
12.877146
12.497518
11.967923
14.621989
14.168962
16.774335
14.914245
14.667488
13.109711
12.438282
11.294411
10.583719
9.622215
9.010190
10.057038
9.248681
9.003850
8.145611
7.699639
7.222459
7.475897
6.863464
6.527074
11.227539
10.080325
10.173339
10.169033
9.743602
10.139287
9.504871
9.089493
8.901592
10.103606
9.334453
9.028887
8.326250
7.816579
8.364395
8.885322
8.098580
8.445844
7.723374
28.703431
25.066509
25.122983
29.626093
26.940204
25.303720
22.996813
21.025668
18.885947
13.552503
13.681258
11.991604
11.324377
9.310942
10.167786
11.212817
10.836666
10.988924
12.610913
12.483296
13.051062
12.823592
12.583858
12.377202
12.048939
11.786451
11.416823
12.178403
11.579407
12.315355
12.895195
12.250990
11.757714
10.988816
13.607191
14.015367
13.570821
13.129833
12.454174
12.518107
11.721098
13.975994
12.431116
14.134701
12.928337
14.138516
13.288935
12.784695
11.551339
13.619211
12.140431
12.163343
15.488586
19.637654
19.750738
15.821891
14.442847
13.663453
13.847970
12.688279
11.894181
10.822352
9.955997
9.063302
8.249632
7.465440
9.522670
8.387213
17.595621
16.213155
19.626210
17.647825
17.676195
16.138377
15.620069
14.343376
13.407444
12.273031
11.281773
10.259240
10.073866
9.713464
8.988898
8.102715
68.096511
7.939529
5.859380
6.468787
5.500063
5.191127
4.463667
3.944198
3.351637
2.907165
2.442746
2.204463
1.987537
4.647512
3.966259
4.125308
7.232570
6.140393
6.459422
6.664572
6.503511
5.931517
5.699902
5.864379
5.467105
5.965853
5.542558
5.364779
5.192745
7.005441
15.549107
13.732160
14.471506
12.455862
12.528451
12.595147
13.002887
12.071658
11.556953
10.631499
9.944105
9.136654
8.461196
7.753121
8.378850
7.541385
7.101687
6.414215
8.385626
7.380387
7.206982
6.509150
6.192703
5.708467
5.328317
4.903620
4.519825
4.166628
3.804390
4.180194
3.647433
3.471857
3.262716
3.003908
4.412675
4.407828
4.260192
62.490512
5.073070
9.039208
8.003600
8.345608
8.937120
8.599110
8.285080
8.101326
7.678683
7.301639
12.500186
10.527887
11.089643
9.407413
9.159312
8.034894
7.546620
6.693384
6.125642
5.421423
5.118025
5.042900
6.206469
5.585536
5.379337
4.844892
4.574047
4.162360
3.897358
3.552623
5.090526
4.657332
4.599620
4.294947
4.150932
4.076598
4.140348
3.909380
3.742713
3.513906
3.322552
3.116520
3.369819
4.594893
4.185625
4.112811
3.727541
3.887565
22.641145
21.494436
22.661705
21.735080
48.744922
46.650503
22.599592
21.555487
21.100685
21.068925
21.119864
19.981824
19.252807
18.121698
17.484655
16.471917
17.579289
16.411814
15.688398
14.638524
13.741849
16.025892
14.343891
14.626696
12.950324
12.331729
11.007409
10.161068
9.075896
46.449152
9.033860
7.860515
7.572718
7.440348
7.219350
6.842039
20.497598
45.344321
19.542162
7.116212
9.717693
8.819879
8.819849
8.633022
8.219670
7.824636
7.340159
7.475215
156.004571
133.924384
6.263782
5.882923
5.531866
5.194369
4.859651
8.347977
6.988109
7.398987
7.048284
8.138560
8.250940
9.290819
8.511960
8.147585
7.467476
6.986246
10.876085
12.143599
11.548077
82.988988
13.030615
10.689424
11.066423
10.716848
9.825412
9.673485
8.811732
8.486245
7.824867
7.886307
7.378763
38.596380
30.672879
32.659883
27.894834
9.218106
8.613183
10.600596
9.712747
9.764420
9.176741
8.901884
121.081146
8.100797
121.157507
7.332308
6.967576
6.828622
6.459841
6.461086
6.144314
5.863053
5.613429
5.368240
5.217522
8.782107
7.938656
8.791334
8.077254
8.037620
11.396418
10.678465
10.861465
10.228912
9.939269
9.806388
9.467257
9.064189
10.817957
10.011824
11.777702
15.010172
15.066232
15.861374
15.491403
14.889858
14.311160
13.650862
13.062591
12.418292
13.207193
12.343041
12.440911
11.617581
11.139417
10.448483
9.891802
10.143232
9.429855
10.220019
9.537264
9.283849
8.692189
8.407312
7.880275
7.460678
143.158459
123.058443
127.326169
113.273115
8.815863
8.050126
8.235677
7.612450
7.781869
7.240474
6.943615
6.477950
6.111484
5.900341
5.521550
5.811277
17.276224
15.354399
17.844396
16.398829
16.030109
14.685827
64.469579
59.774296
13.466955
12.247897
11.553590
10.474825
9.631952
8.832949
8.043045
7.561161
6.784557
6.909093
6.026021
10.946380
9.747510
33.095263
30.860849
34.519487
40.497797
37.982652
36.005473
18.739932
17.863611
16.939614
16.004960
15.076875
9.854310
9.720804
9.328570
8.832274
8.356385
122.776967
107.043709
112.375718
9.996724
10.984282
10.120262
9.724049
59.308341
9.318284
8.692127
7.883829
7.180787
6.485211
6.578170
49.632198
5.382210
134.115694
77.121114
3.647630
3.275208
2.881750
2.930392
2.497590
2.292653
1.959786
1.739998
1.467318
1.260504
2.009166
1.657944
1.589501
3.353066
2.858548
2.934647
5.725779
5.311265
7.957382
7.109079
18.388081
15.792619
17.038689
18.269412
17.534466
18.776023
17.695197
16.963858
16.015703
15.107688
14.231332
14.850073
13.940319
13.170047
16.526757
14.916962
14.614090
16.259785
16.855640
15.896291
14.863389
18.395717
17.716916
17.062287
16.054122
15.117083
16.980450
15.607878
19.368241
17.005555
17.091401
15.219801
14.609953
13.233711
12.408688
12.047625
11.116856
10.268755
9.370660
8.568886
7.793689
7.358330
6.698385
21.606999
24.768580
24.486688
23.766240
22.572970
21.730377
24.309419
22.858350
23.835028
24.084260
23.353856
22.392805
21.206497
20.223504
87.339093
18.725540
86.447896
16.644523
15.546334
14.586908
14.329171
13.114299
12.240177
18.775429
17.053400
16.939314
15.153147
14.541814
13.196574
12.158524
11.003740
9.968355
7.278452
12.271296
10.803988
11.028900
42.561261
9.506139
41.692391
10.710033
10.010688
10.923788
20.983488
21.981228
22.542110
22.287198
23.336918
22.407615
26.377230
25.168942
25.095273
24.169983
24.138656
23.272964
24.330918
26.781491
31.849342
29.883052
29.672912
28.141056
27.341077
26.334294
25.397825
24.388902
23.387379
22.438225
21.407179
21.290777
20.211368
19.375144
18.375436
17.909269
16.872799
16.008447
15.185639
14.301095
15.384118
14.238022
13.727702
12.890561
12.298315
11.570012
12.538605
12.397579
11.787966
56.802399
49.481772
13.921092
13.823968
13.896970
12.728208
57.540675
45.834934
48.519808
39.734943
37.344308
31.897344
97.043999
25.595635
22.169587
36.483316
28.891516
27.446944
13.965631
10.812678
11.490714
10.388292
11.679969
10.810720
12.544488
11.872213
30.497390
26.338335
28.096877
25.070425
24.495207
22.627292
21.472878
19.923926
19.284251
17.794679
16.498941
15.461307
14.059060
12.848383
11.560385
10.401421
9.236818
8.160645
11.671995
10.897534
10.890599
9.223067
8.333009
8.010188
7.215155
7.836114
8.318640
7.962418
7.689626
7.290054
6.967873
83.402175
6.354851
6.042505
5.751087
5.440488
5.534863
5.170339
5.490626
5.032103
4.813030
4.436448
42.786628
3.835847
42.342567
4.861611
5.947423
8.441690
7.284726
7.596224
6.667842
6.707862
5.887624
5.494664
4.834545
4.376896
75.270081
5.115438
5.315776
7.041750
6.904471
6.740908
6.440980
6.207237
5.981146
5.764367
5.854271
5.916038
5.857200
5.661822
5.821938
8.913123
8.586407
8.602245
8.441104
8.181414
8.062201
7.758593
7.807576
7.443757
7.983378
9.514943
9.236984
13.263588
12.660615
16.418629
17.127183
16.945163
16.928528
17.505831
16.679891
16.078229
15.231142
15.621055
14.661537
14.058728
17.166951
15.739326
15.493581
14.256866
13.553381
13.743933
12.844030
12.045359
11.152978
10.326245
10.660943
9.788624
9.138271
8.413747
7.682564
6.977364
6.297536
5.662296
6.468703
5.486410
5.204080
4.510104
4.103037
4.033968
3.608893
3.379340
2.979491
4.401543
3.864738
4.485493
3.958313
3.834533
4.312594
3.923167
3.743254
3.404764
3.157617
3.211354
2.863807
2.664106
2.432652
3.508278
3.147150
3.130365
2.804786
3.712765
6.737399
6.081308
6.290156
52.598994
6.549795
13.379030
12.219979
12.630184
11.425060
11.115605
10.323411
9.808703
10.352429
9.502325
9.744993
27.177674
8.330210
26.200434
7.197606
6.572754
8.797819
7.728585
7.544185
6.663524
6.181709
6.026697
45.581680
36.962574
40.098031
6.374209
5.915042
5.971573
6.044789
6.078064
5.535490
6.172326
5.591782
5.299658
4.839888
4.484162
4.104788
3.842199
3.620335
3.307834
3.009702
2.714008
2.821765
2.609685
2.444707
2.255166
2.834553
4.852927
4.366556
6.673052
5.962224
6.137045
5.672631
5.576669
5.253823
9.460889
11.822532
12.201128
14.424272
13.641412
13.202613
12.332516
11.701907
11.969809
11.303958
34.059518
10.075785
9.964644
9.293294
8.777135
10.134388
9.947845
9.471755
8.681403
8.015395
9.076593
8.180148
7.818987
47.287660
6.552235
5.952908
6.694552
5.842678
8.121528
10.471950
9.833704
10.037014
117.641993
103.427873
10.254356
9.822481
9.156916
8.606481
8.069010
7.529149
106.685422
6.484138
6.287254
7.593972
17.318237
21.774332
21.177418
19.448661
18.109765
16.544646
15.268859
10.393861
16.291495
14.612058
15.192920
14.163065
13.802397
14.970686
14.289204
13.855867
102.020598
111.738817
201.903473
180.936533
177.235376
92.107308
89.983246
97.002480
39.951885
38.631044
36.761263
36.501891
34.690367
32.664613
34.945277
25.170103
24.420379
23.041640
22.006391
20.598020
19.653701
18.311443
17.629600
17.164692
11.931759
11.055995
10.952800
10.224148
11.836557
10.754753
10.646747
9.798223
9.403746
8.742745
8.315317
8.272005
7.849830
7.379040
6.985791
62.297020
54.968258
57.277873
8.007877
11.376871
17.959236
16.119440
16.398363
63.110177
76.735263
71.827192
96.871109
48.998010
47.111001
15.879090
17.556079
16.855247
21.095268
19.612544
20.554924
19.622515
19.315523
18.198054
17.625896
16.710793
118.952377
103.539495
106.409724
104.878426
31.872142
29.461398
33.507030
30.946076
33.365824
41.401430
38.169998
37.367895
55.406357
46.225701
41.421572
41.081666
38.349562
35.998496
33.263416
31.451340
28.724841
121.377953
28.723022
26.970788
30.436859
26.095273
134.517766
22.174347
20.483207
18.350037
17.809625
21.050412
19.123875
20.784674
18.944290
111.279686
18.087109
16.941183
16.450164
15.599153
15.071325
16.175920
15.061748
17.193475
15.763810
16.217749
14.913751
18.769731
16.949078
17.407116
15.908184
15.716630
16.148939
17.032485
16.075389
15.088238
14.094340
13.060647
12.250693
11.289707
10.502969
12.069525
11.134377
10.541472
10.452719
61.788990
11.853801
11.463436
10.457766
9.830808
9.100205
8.466557
8.746605
94.262168
16.048695
13.200402
14.078915
12.593510
12.055080
10.671791
15.596050
13.447277
17.117883
14.742439
14.840395
13.147076
12.319447
94.882953
10.684234
94.941874
9.620034
8.944245
7.902330
9.718094
8.249683
7.964333
6.845667
6.365107
5.596457
8.436350
33.339110
15.388168
37.264691
13.742211
12.475881
11.921898
11.154778
10.567401
9.826506
9.206240
8.518367
7.917924
7.291916
7.897449
7.417899
6.993057
6.590636
10.570144
8.984112
9.370145
8.794622
8.422845
7.722868
7.203025
6.602209
15.249185
13.877246
14.118404
17.049880
16.045999
15.824484
14.893900
14.301836
13.531282
12.852915
12.131175
11.733032
11.128542
10.556564
16.069588
18.109063
19.238208
18.264159
18.254614
16.989429
16.153230
14.966384
13.996234
13.833317
15.830977
15.674237
14.850470
26.360671
133.635126
97.001018
99.136482
92.053895
86.680406
80.381619
74.323198
68.367134
62.481858
58.379493
18.293732
17.264870
16.148481
18.301134
19.144135
19.075522
17.604823
16.417725
15.017717
13.800766
12.486240
11.288566
12.158654
10.672614
9.676986
8.399518
7.366205
6.568973
5.830502
5.127779
6.181097
5.481084
5.201651
4.609466
4.160036
3.750840
3.432979
3.119769
2.820314
2.607981
2.845397
2.612195
2.513438
2.320270
3.105767
4.247382
4.423091
4.246706
11.004060
9.270201
10.087953
14.048996
13.538146
13.159237
12.575238
36.684231
13.191315
12.851488
12.429848
11.996418
11.562348
27.783600
25.704371
26.653933
24.496386
24.115714
22.335246
21.026509
11.762277
14.374684
13.399377
13.461419
13.136093
12.426231
12.151550
11.301191
11.009102
10.217896
9.592700
8.914136
8.623847
13.966573
12.814009
12.489334
12.743469
11.823934
12.388987
38.471106
35.352510
36.000763
33.437123
18.030473
16.790046
17.433228
15.980734
15.479528
14.700573
13.790755
12.757856
12.474088
11.493072
10.764721
10.085313
9.837382
36.368954
31.809822
31.891448
29.251594
27.284561
28.703084
26.565103
24.761428
22.616972
21.127610
20.884528
29.797068
26.787981
25.105013
22.451270
20.525052
18.186502
9.485273
8.960821
58.478651
8.151055
12.742902
30.017801
27.159880
27.686149
25.304366
24.163090
24.753815
23.252082
22.089777
20.612980
19.358881
17.977195
97.791204
16.018387
14.962102
14.421063
17.155736
15.519356
14.905862
13.477340
14.478091
13.218278
12.668353
11.466095
11.560009
15.385983
12.582598
12.717252
11.727850
11.138151
10.344277
9.653641
8.890012
8.196755
8.669617
7.811288
7.336686
6.662250
6.194406
8.738005
8.045559
8.664255
8.213621
8.177172
7.861814
9.581275
8.970587
106.132171
23.951170
31.668232
26.378743
13.852817
124.165543
107.396379
197.468243
100.989542
94.622991
86.916592
15.724460
14.916887
30.105171
27.140486
54.564765
29.747134
32.625784
33.298257
34.801654
32.692049
32.240651
30.301072
29.130536
27.431398
29.842302
27.577773
26.575558
24.595941
24.305936
22.466034
21.247775
19.550057
18.215523
21.695292
20.612893
20.086034
168.904692
18.409705
169.504752
19.787268
18.180804
23.359984
21.223710
20.659365
22.619912
21.203646
20.245893
22.315830
20.947511
20.244593
19.221480
18.379819
17.497678
88.730270
15.786122
87.656365
14.278468
13.533434
12.809014
12.111198
12.345725
11.680825
16.144733
14.867515
16.247822
15.257905
14.825838
23.764734
21.494112
75.708639
66.640606
20.108947
19.023107
18.206449
23.335707
21.202485
20.837732
19.681057
17.986610
16.553916
15.313478
65.745939
51.810540
12.288470
11.139002
32.846157
11.426232
10.005942
11.667648
12.161408
11.062645
10.316720
11.202265
16.316968
15.136065
17.842229
16.649585
16.247372
19.730343
18.093010
18.297618
16.841206
16.441714
15.373478
100.467328
87.262000
89.911722
80.389098
13.386957
12.335091
11.696559
12.573424
11.580249
11.039858
12.666696
11.787003
28.373806
24.149727
24.451271
9.859663
104.963369
14.979452
6.772413
11.717628
9.186402
9.402204
8.701840
9.097168
8.380689
8.057055
9.336134
8.489348
8.346780
7.554202
7.046898
6.368616
6.331021
5.732641
5.327297
4.801063
4.360360
3.877575
3.443186
86.006614
2.687639
2.396723
8.610105
8.403083
15.685399
22.153565
30.269487
29.710557
28.348157
27.356071
25.783307
24.753638
23.292129
22.115571
20.728326
28.990436
25.658064
25.718882
28.726725
27.120103
25.872135
26.443710
78.146168
23.022068
23.237371
21.606651
28.959726
34.446575
33.081015
38.938227
194.185223
41.628031
86.013972
78.134261
181.417392
153.518228
157.240055
24.725637
23.744452
22.256748
20.692890
46.505962
20.220530
19.321167
17.324492
16.043206
14.408894
13.212994
11.274689
10.727197
9.536667
8.543888
7.468042
14.274350
15.979908
17.308933
97.495212
15.669564
14.591341
13.795136
12.831475
11.992360
11.147158
10.421708
11.691691
23.938436
36.471456
33.873131
35.025451
31.990349
31.712444
29.471320
28.651167
29.672135
27.939043
27.752258
25.993682
24.483179
22.996202
21.368967
84.657243
21.123789
114.430943
20.066931
18.319015
17.020544
15.385657
13.970559
12.504849
11.208212
33.917575
15.188084
7.937128
13.387900
11.506090
12.525398
10.820050
10.283087
9.137689
8.365878
7.454269
6.764843
6.279236
8.158428
74.665746
10.475531
19.283599
17.074465
17.682076
17.341235
16.987433
15.621877
14.977045
13.660443
12.706472
22.830933
23.933531
23.259198
22.268938
21.072066
20.185747
76.711585
19.577962
18.415956
17.615281
67.839472
62.486586
64.658509
59.120144
56.054984
50.349653
45.619457
40.593800
53.842935
50.918706
48.873613
47.289247
50.582329
44.883689
41.757122
40.189842
36.374788
56.393596
48.179509
46.502520
28.667792
54.534227
49.439569
48.045321
43.506254
40.342035
21.810887
19.299033
18.015109
16.126125
165.435368
25.288940
23.637906
23.727587
22.570877
21.946628
23.391537
22.465329
23.944311
24.735699
23.978137
51.867660
46.806337
46.459938
45.221011
43.224737
43.373808
41.396055
40.244791
37.877180
36.257897
34.907106
33.385161
31.336163
29.281473
27.212953
51.896637
47.831340
46.825643
43.179311
51.193969
24.539969
33.017977
22.316790
19.342612
18.508806
16.441684
17.254143
18.131230
44.341738
16.378649
15.380442
19.858811
18.337077
18.436074
17.654740
17.041793
17.768329
16.726154
16.335425
60.260386
14.495458
13.536296
15.279427
13.906563
13.356150
12.152831
11.299484
11.071503
11.723215
10.417131
9.730939
16.356393
14.123109
14.355072
14.985923
14.067237
13.706570
12.977951
14.067924
13.376036
32.749279
15.417674
18.454700
18.158633
19.092685
20.885232
20.679926
20.788255
20.477762
72.520797
21.549213
48.104750
34.303663
51.387552
50.677984
48.955934
45.692053
43.351129
45.647039
42.522146
40.802459
38.042036
35.932185
33.629418
81.212145
29.540469
27.647413
26.296719
25.499758
24.698369
23.902238
23.141280
27.354692
25.752867
27.918285
36.381479
28.738737
35.131250
77.244693
69.777011
26.213808
26.031827
25.225272
25.133537
24.380487
24.247552
23.547019
23.128066
22.527306
25.014239
23.915690
23.758004
25.271569
25.480097
30.081554
28.797087
28.743914
27.639440
27.212651
26.289359
25.730138
24.887007
25.958007
24.857660
26.439986
29.861909
33.227990
32.144712
31.375626
29.937146
28.855887
28.703157
27.943141
31.690665
30.204897
31.260346
29.656362
31.208152
29.533701
28.677430
28.183240
68.617615
29.784711
31.174211
30.523657
31.678609
31.492666
32.535124
35.216635
93.072163
38.684191
37.207106
38.969818
34.999825
36.525420
33.893325
33.521896
31.599246
31.409289
30.210713
32.100993
32.022909
33.781968
31.417482
30.697014
28.484986
27.424498
25.620847
24.482434
36.882656
44.948847
41.730999
40.670643
37.122121
36.924630
34.203834
36.043688
33.456998
31.828275
29.697850
27.911859
26.118363
24.903956
23.133711
38.077623
34.486249
35.572014
32.830232
32.024696
30.227084
28.998662
27.490204
26.181573
24.801873
23.488666
22.179205
21.720323
21.965338
20.597829
26.394590
23.659294
23.533128
21.328723
20.377319
18.788286
17.680743
16.702286
15.499547
115.886306
14.300500
115.180081
14.495224
41.769491
37.180995
12.010049
11.403068
49.894100
41.540691
11.216917
10.831760
10.239526
9.760560
9.306449
8.840503
9.734677
12.454449
11.662880
14.081600
12.863553
12.956832
12.526207
12.214171
12.735556
16.430871
14.922673
16.571385
67.955546
59.810375
60.948887
56.945165
65.346232
24.946415
24.180716
24.586334
43.753838
76.702633
22.510855
22.298746
21.404897
20.959370
20.097954
19.514373
18.659890
26.033916
22.978851
25.758183
23.473315
23.034630
21.111277
20.124480
18.560705
19.442119
44.785017
17.649633
16.086687
15.504047
14.069984
12.996807
142.730429
10.602902
9.438646
26.397931
23.053461
22.640622
18.713562
16.884526
5.785253
5.291667
4.394425
6.701793
6.573518
6.205719
41.000430
35.600440
37.709285
37.811032
35.364507
33.170042
30.537752
28.899683
49.441868
25.019734
50.502091
29.688550
16.161701
15.577524
14.929610
14.202473
13.537560
18.875260
17.784635
101.403888
17.004867
16.282597
15.493842
14.716609
15.990231
15.496819
34.621317
13.762479
13.053907
12.039116
11.287852
10.392013
9.611282
8.779961
8.055135
7.331422
6.647995
6.037566
5.478617
7.903864
12.804917
10.926256
11.514938
12.842741
11.979213
11.339588
12.403785
20.337896
18.251811
18.189922
16.246726
15.269102
13.852928
12.761287
31.154657
25.668555
26.734383
22.319917
24.225261
42.616687
29.482190
52.182056
26.066529
24.212191
7.190027
6.601232
6.443730
5.987823
28.718916
36.045140
43.577344
40.670431
48.427750
70.991666
62.964952
61.762993
54.251557
34.407921
32.382346
29.722761
38.734904
36.195757
42.389664
38.464544
36.856085
33.869326
62.565100
57.851476
160.427973
140.444400
142.118031
49.911687
64.423086
44.841185
115.410371
39.679149
37.364272
34.781342
32.459083
30.052607
27.855879
25.569210
23.583967
22.825591
58.980200
51.417856
20.257999
18.187151
22.706511
19.211492
18.779595
15.860462
14.556516
12.456692
11.098171
9.407976
9.886263
7.991888
7.156232
7.746149
6.885074
9.955557
8.701964
8.692157
8.502428
8.152571
7.568590
8.915364
8.121524
7.917449
7.529791
7.112302
9.346598
8.219668
8.467650
12.302531
11.139899
11.009807
9.979728
10.797562
9.780313
10.778883
14.038095
12.855604
12.750973
13.604532
12.858837
12.162998
11.971985
11.115290
10.530787
11.381994
12.251848
11.650775
11.381243
10.551187
9.851021
12.923881
16.833311
15.568337
18.169648
17.852900
17.161920
20.055441
20.569151
19.437739
30.663975
33.465511
33.223850
33.125196
31.504295
30.761970
38.557357
34.817631
41.811854
37.245889
31.158401
28.330860
30.232840
26.848966
28.112110
25.440415
24.306792
22.242013
20.640455
18.997022
17.452648
16.019859
20.341301
28.341260
26.035176
26.794046
80.387664
25.043331
23.705113
22.527314
21.302892
20.088702
19.260914
17.989686
114.194144
55.038819
37.613486
45.550743
34.522687
33.811847
15.002112
14.634790
13.472822
12.847650
11.936424
11.243288
10.461978
14.219331
13.166486
12.999476
17.123532
15.917362
16.119299
15.129957
21.848929
19.995704
30.684407
26.727570
28.279203
26.158314
25.841827
24.115071
24.906899
24.328224
25.348986
29.934950
50.128859
28.358350
52.100540
30.959998
29.378552
27.966464
26.268245
26.470437
24.735191
25.927432
25.092533
23.853511
24.860135
24.248758
23.130238
21.589096
20.256344
18.819351
22.155769
19.511712
19.045568
17.359503
16.289030
14.627489
13.437523
12.054489
11.057615
13.444253
11.735937
11.408129
9.968693
9.251162
8.171210
9.515692
8.305648
134.877035
7.726200
7.641050
19.040099
20.140913
19.275955
17.535281
15.584691
14.050615
12.349680
11.048816
9.555857
10.003619
5.868318
5.684446
4.813398
6.223708
5.270276
5.067368
4.445331
4.171738
3.624030
3.223512
2.765677
2.456619
2.235805
1.991896
1.794082
1.592187
1.403317
10.300021
8.771738
9.750875
11.762629
11.179800
18.795696
16.131771
17.775761
16.308747
15.841495
15.666371
87.079818
13.430740
104.520520
25.704111
25.964009
21.523548
10.020459
77.754127
67.384072
71.920610
18.915456
75.718467
20.148581
17.803113
17.361033
16.020875
15.344559
14.582652
13.907071
21.301877
20.417706
20.539267
18.912515
20.360403
19.568697
62.566453
17.556944
16.558076
15.441341
14.446027
13.391070
12.403968
11.425057
10.494405
39.164760
9.670359
8.773690
8.089187
164.653148
6.576765
58.133339
9.723254
10.655254
16.654435
42.485338
78.383719
15.586075
65.437656
57.077318
14.477306
15.411655
14.509015
13.887433
13.009478
12.208351
11.987046
11.056159
13.495816
12.249638
11.835186
15.957732
16.151637
15.790901
22.658874
28.081184
29.310746
27.703760
26.845979
25.276168
24.188811
27.928235
26.624906
25.945271
24.115979
23.509135
25.011245
23.226199
22.135242
20.758905
19.407863
20.247162
20.122970
18.884069
17.552970
16.959813
22.466846
20.675699
26.380101
24.019597
23.304471
21.484480
16.273831
15.214406
22.387799
18.202741
17.976368
16.418393
15.729652
14.470022
14.318437
13.110010
12.636511
11.857402
13.245299
12.114370
11.719671
10.786913
75.298432
9.436353
8.803987
8.111088
13.362151
15.395839
15.023941
13.697117
12.748620
11.635047
11.109032
10.008091
13.165928
11.492775
11.160586
10.310254
9.507192
8.906277
8.962126
8.018669
13.992070
12.410637
13.086689
11.722062
12.365249
11.506297
6.448695
6.008374
5.981425
118.828695
5.189433
4.821370
5.490993
5.042510
6.189768
5.708928
16.341012
13.704242
14.427296
15.834865
14.675710
13.941590
14.154104
12.985399
33.225738
27.164113
27.751533
86.520114
25.400588
112.127177
97.330939
90.866240
80.964799
76.335431
69.835004
64.361750
12.332261
11.576768
10.602330
9.821256
8.916433
8.146738
40.678684
54.992659
87.608906
10.870673
11.149413
9.838380
15.201898
13.326841
15.126697
15.620747
15.045641
14.238097
13.691414
12.850151
12.129033
12.933906
12.052211
11.402073
12.685774
11.567426
11.065362
11.183346
10.443009
9.756996
9.023807
8.427534
7.835307
11.840337
10.923506
27.036533
20.836021
19.304097
24.640529
22.050638
22.765296
20.778369
20.245231
22.588318
21.279020
46.050025
39.648433
40.284551
40.032304
36.997843
34.136237
30.830709
27.861154
24.884007
22.099256
19.392325
16.840732
15.082702
16.300865
13.561821
13.135237
11.362036
10.505924
10.247082
20.269424
18.377276
20.153182
20.915666
21.529788
19.659963
20.555537
18.748550
17.735335
16.014719
58.937575
29.873052
54.963023
26.757346
25.045184
23.036364
21.233020
19.424057
17.654299
15.976118
14.325168
12.757179
11.221511
10.149306
8.695526
7.925984
7.508229
6.462038
9.618996
8.094105
7.702808
6.791114
6.524956
6.076323
5.948965
5.512599
5.585167
5.099044
4.783154
16.465338
17.977115
18.012985
18.077606
19.189209
18.690163
18.040803
17.429852
118.626834
60.190331
21.015642
59.215189
19.490355
21.835744
20.644891
20.146055
19.081254
75.089356
17.256756
17.399372
16.246208
15.482154
16.452300
15.267193
14.873360
14.878979
13.871750
13.425580
13.983611
13.004363
12.099968
11.601680
84.662684
73.368365
74.521944
10.432908
9.532742
8.817586
12.604381
18.073459
16.786853
16.409769
14.980833
14.074498
13.487869
13.015845
20.572483
21.039676
20.598976
18.740935
17.546335
19.562352
17.703813
22.024006
20.006268
21.590262
19.614944
18.717835
19.210947
17.695806
16.770798
17.748432
16.441965
15.592229
14.371224
13.391187
19.152786
16.965420
20.107073
22.376092
20.927124
20.173693
25.706680
27.823410
26.704789
25.354760
23.733605
22.265705
20.814544
19.393075
20.818854
23.258126
21.690827
20.192865
18.376055
16.738144
15.197110
13.676194
17.427965
17.850499
17.795203
16.488008
15.477419
14.688052
13.748700
13.021545
12.034271
11.165801
11.866509
10.868735
10.306063
9.964655
9.280053
8.719865
74.887687
9.769147
58.686883
45.854123
17.989408
15.286711
16.010533
16.885042
15.949560
14.970668
13.897904
14.624610
13.144890
12.450571
18.579927
35.635982
33.935093
33.724992
31.956396
30.697265
29.913058
28.566752
27.376408
152.626233
138.416475
139.899758
128.301910
27.986993
26.698080
24.994432
36.724186
22.000635
22.805395
22.832159
21.870945
20.371207
20.065845
18.365580
36.107718
15.437359
14.143962
12.834386
11.923880
77.834121
66.857551
67.476380
13.189633
11.565716
13.136355
12.006609
11.210810
10.799793
10.062504
9.428855
59.138377
59.851481
13.376746
13.218940
12.094438
11.477325
10.683142
11.092680
12.455468
11.489593
10.972634
15.211960
13.630753
13.628675
12.133365
11.560352
10.476103
9.775596
11.120763
10.384544
9.907697
9.077824
9.116115
8.304476
15.323538
13.073431
13.551299
11.789344
11.393418
10.320787
9.744616
8.907452
8.303750
61.201670
53.094181
53.988025
6.098384
5.548616
11.938008
10.485304
17.120587
17.389387
17.759251
17.625256
18.493915
17.052958
16.335549
16.793406
16.670124
17.348922
16.875232
49.938013
44.456228
45.704062
39.497745
37.073690
32.929873
33.472267
34.022453
30.821431
28.054348
27.462288
24.809943
29.506069
26.131074
51.727473
46.054923
45.967298
21.166818
20.173432
19.109871
18.031107
16.954064
15.879468
14.819314
13.771148
12.744382
42.154076
12.705492
11.724562
11.132504
10.699636
9.925167
12.139823
11.406909
12.833196
12.183766
12.432735
11.784722
11.401699
13.621967
16.280928
16.700278
17.287541
16.945777
18.548438
18.151556
17.710037
81.564776
16.936312
16.661643
16.083058
15.766367
18.457061
17.805266
17.876449
17.201885
16.685368
19.587527
26.883869
26.487242
26.427378
25.554829
26.685342
28.032711
27.049676
26.510958
30.535262
28.864366
27.205706
39.199092
35.982003
36.600039
46.600236
42.599399
41.671299
38.062496
36.458554
34.359629
31.880114
28.114423
25.617520
27.353342
24.558968
23.566794
21.282264
38.699403
34.253751
33.664736
30.322650
28.322418
33.371812
30.688446
29.283323
28.367879
26.538324
25.006396
23.537962
22.124870
20.757277
20.914340
22.395970
21.491245
20.522605
104.750490
18.074657
16.851585
15.744032
15.099791
20.581034
19.139773
19.132961
17.969812
17.204539
17.333416
16.252664
15.468974
17.983966
16.832227
19.086000
17.547209
17.029088
16.921741
16.295909
15.332357
20.651354
18.701595
24.517819
21.873039
24.437032
22.026518
21.420902
19.633975
119.181073
17.205889
16.153759
14.925461
13.821057
13.632011
12.392824
11.452012
14.149919
24.663318
21.993041
21.563441
12.617575
11.579034
10.878513
9.918674
9.022954
8.310383
10.743254
9.146871
9.105242
7.881549
7.942203
7.148133
8.605661
7.768993
7.533439
6.591214
54.657612
50.911712
22.882382
23.191693
26.627400
34.428667
31.359590
85.881590
63.429294
19.680587
18.712970
17.925038
16.854818
15.562968
14.397959
13.177729
12.075842
10.982704
21.822454
9.117202
8.266074
13.524443
11.813605
11.867030
12.503456
13.171882
15.444987
14.010884
16.259960
14.887822
14.767946
13.691650
16.167474
17.189754
16.570176
15.579260
15.749289
36.488994
33.122847
20.084940
18.479298
17.769242
22.128040
20.631584
19.997127
18.226086
21.881156
19.588213
19.051852
17.236245
16.126066
15.803787
14.639388
13.450840
12.318680
11.183131
12.725574
11.156953
10.508407
9.191121
8.377279
7.335215
6.548622
6.485278
5.707497
6.050533
5.358034
4.894069
4.536336
4.164959
4.652037
4.181770
4.002157
3.772230
5.698117
5.312256
5.759183
5.331168
9.188531
7.853319
7.924069
6.895835
6.477275
5.781379
7.573580
6.825029
6.642382
5.894985
5.412983
4.831336
4.404535
4.087155
3.785306
3.479830
3.758697
3.362174
3.144113
2.802517
2.540872
2.247715
1.985250
2.386735
2.085850
2.447982
2.808742
2.495937
2.818681
2.354527
4.270931
4.772669
4.647322
4.357772
8.173593
12.654228
11.841734
12.010023
11.130243
13.180716
11.872520
11.806246
10.682704
10.217350
9.355655
8.771194
8.027636
7.409490
36.885630
6.135695
5.537777
4.984486
4.445870
3.937980
3.448667
4.795178
3.684556
4.447398
3.674146
3.530864
3.005766
2.830696
2.493660
2.300894
2.023882
1.816756
2.948034
2.641509
2.550144
4.315707
7.596840
7.446249
7.420606
7.165292
6.952592
6.729924
6.485446
33.748679
29.681581
30.718606
34.036151
31.511204
30.237971
12.514395
14.084859
13.905660
18.690974
17.931036
18.102104
16.719637
16.548979
17.703252
16.369566
15.791875
15.907881
15.213069
16.985572
35.128313
30.150986
30.834519
26.888823
25.493683
12.985418
12.414012
12.309381
11.698943
12.550028
11.976988
12.787575
12.294522
10.742677
10.423904
10.165822
9.904971
15.396603
19.037466
21.768877
27.229135
24.856300
24.685722
22.390779
21.444984
19.691477
18.518370
17.188271
15.926229
14.614940
13.408307
12.205147
12.624330
11.581193
10.732145
9.641542
13.068485
11.940786
11.687557
10.435941
9.707035
8.781825
8.063938
7.299272
6.617180
6.057244
9.300040
8.167764
8.631513
7.581314
7.152489
7.018468
7.170429
6.934238
83.125995
6.068913
82.912920
5.204874
5.053588
6.842049
8.442536
8.252352
7.684334
7.380979
6.871023
6.544982
6.110933
5.764749
6.331357
5.834518
5.596883
6.750112
6.701760
6.351316
6.406028
10.021136
8.898659
9.326805
8.407939
8.287677
7.674362
7.563747
7.328922
7.101561
6.774001
7.707727
7.095085
9.436423
8.967967
9.926485
11.968425
12.581416
11.922440
11.487462
12.154025
12.080210
11.526855
11.488385
10.933271
10.581620
10.126022
9.722220
11.044521
16.291996
19.035512
18.220931
17.627575
17.401980
16.613820
15.767021
14.976068
14.140556
23.156974
35.323987
68.331635
140.435923
77.366423
70.626368
63.437471
56.622768
49.798054
45.303092
39.151539
34.931385
29.129074
26.636938
21.722339
17.782189
14.409790
12.634784
67.472861
52.882628
55.880007
8.736517
11.444140
11.504550
14.170325
13.171982
13.104439
39.476581
32.387080
37.377479
30.908965
14.359398
12.914904
17.167281
19.978130
18.674666
19.767814
18.032856
28.533244
25.624659
29.027710
26.280539
29.420299
26.851757
26.553840
24.587053
23.675722
22.541816
21.399265
21.820216
20.889591
19.962665
19.123822
18.196023
17.367526
16.496393
238.088130
82.911110
26.232613
15.265211
14.986465
14.254496
13.763381
28.021776
26.467861
31.898411
29.360503
28.926336
27.215696
64.598662
50.953189
16.448843
19.889180
30.866249
26.950790
28.057388
25.627583
26.310558
25.647301
24.703076
31.118371
28.007929
27.772563
26.876742
25.929968
23.986794
22.593460
23.138503
108.969564
95.272885
97.409704
87.169978
81.841477
75.841540
15.395464
13.767517
13.049543
11.523787
17.745194
14.625336
18.426532
15.974404
18.827565
19.763951
15.128675
27.740994
24.174422
27.357986
24.430400
24.203201
23.285206
23.311796
21.598305
20.630913
18.982344
18.538635
17.166394
22.077158
20.349994
19.684635
19.898897
18.658980
17.659277
17.775959
18.540693
22.997054
20.123559
20.216971
17.561594
16.672371
15.269245
14.297424
24.600532
22.786292
22.676773
21.424122
49.085764
43.307819
20.293261
19.737341
18.580321
17.418969
16.251010
19.369392
17.509736
16.923569
17.859556
16.178023
15.442568
19.697597
23.723077
21.798173
22.545571
20.822666
21.150267
19.724410
19.085436
17.877466
21.655709
19.782600
23.401507
21.217792
20.873900
20.212121
19.260236
26.571559
26.000874
25.965361
24.385657
25.300137
27.364559
25.979104
24.989408
23.537303
23.058400
21.811238
20.720472
19.501613
33.147080
31.140032
32.109036
29.193741
33.510912
30.302149
29.341230
29.359237
35.688695
32.910876
31.864368
29.105771
27.572007
28.870451
27.092997
29.227174
27.243255
27.016521
25.081482
23.558455
21.916405
28.224827
22.520861
20.982589
19.562966
18.020536
16.568925
15.095338
13.699437
12.912646
12.190119
11.244400
10.829497
12.041279
10.936695
10.191846
9.190554
8.363206
7.532025
6.751799
6.001614
5.880371
5.361361
9.103426
7.890517
9.351937
8.832446
11.342073
9.629543
9.715917
8.390534
8.782462
10.579277
14.541586
13.151202
13.065185
12.228659
76.452764
13.536190
11.110913
13.583452
12.459442
12.508419
12.351989
12.049952
11.653296
11.298256
43.686219
93.197694
39.663252
36.285683
37.804517
34.957654
33.357157
30.880207
11.061879
10.600194
