0.009014
0.008999
0.008809
0.008690
0.008885
0.012112
0.011935
0.012116
0.011985
0.012074
0.012355
0.012337
0.012252
0.012107
0.011951
0.012099
0.011930
0.011757
0.011562
0.011750
0.011514
0.011328
0.011084
0.010848
0.010595
0.010335
0.010119
0.009840
0.009954
0.009711
0.009469
0.009293
0.009020
0.008768
0.008486
0.008216
0.007932
0.008159
0.008123
0.007890
0.008306
0.008058
0.007896
0.007667
0.007459
0.007244
0.007035
0.006826
0.006622
0.006414
0.006210
0.006043
0.005927
0.005845
0.005722
0.005603
0.005485
0.005368
0.005249
0.005129
0.005010
0.004888
0.005084
0.004947
0.005076
0.004927
0.004823
0.004688
0.006987
0.006864
0.006954
0.006816
0.006751
0.006653
0.006560
0.006454
0.006342
0.006221
0.006095
0.005976
0.005843
0.005720
0.005592
0.005459
0.005352
0.005241
0.005100
0.004954
0.004841
0.004688
0.004538
0.004383
0.004228
0.004125
0.003967
0.003816
0.003661
0.003619
0.003519
0.003384
0.003249
0.003115
0.003091
0.002955
0.002842
0.002757
0.002642
0.002530
0.002424
0.003130
0.003056
0.003061
0.003329
0.003277
0.003259
0.003208
0.003174
0.003139
0.003099
0.003061
0.003486
0.003434
0.003428
0.003382
0.003355
0.003324
0.003303
0.003267
0.003257
0.003218
0.003240
0.003248
0.003218
0.003182
0.003810
0.003738
0.003797
0.003739
0.003709
0.003665
0.003621
0.003626
0.005390
0.005201
0.005299
0.005190
0.005139
0.005047
0.004960
0.004860
0.004755
0.004642
0.005910
0.005785
0.005762
0.005654
0.005564
0.005459
0.005363
0.005248
0.005129
0.005005
0.004876
0.004744
0.004608
0.004502
0.004365
0.004229
0.004090
0.003951
0.003811
0.003678
0.003539
0.003402
0.003333
0.003210
0.003129
0.003064
0.002949
0.002878
0.002802
0.002726
0.002654
0.002574
0.002497
0.002824
0.002713
0.002667
0.002569
0.002487
0.002397
0.002308
0.002219
0.003284
0.003133
0.003133
0.003018
0.002941
0.004573
0.004390
0.004447
0.004330
0.004265
0.004169
0.004073
0.004069
0.003945
0.003831
0.005878
0.005635
0.005683
0.005494
0.005374
0.005214
0.005056
0.004886
0.004918
0.004730
0.004570
0.004414
0.004223
0.004030
0.003838
0.003644
0.003578
0.003371
0.003180
0.002974
0.002772
0.002569
0.002367
0.002167
0.002693
0.002444
0.002341
0.002153
0.002000
0.001835
0.001699
0.001630
0.001511
0.001401
0.001503
0.001380
0.001286
0.001172
0.001069
0.000964
0.000861
0.000803
0.001272
0.001207
0.001208
0.001164
0.001136
0.001101
0.001066
0.001028
0.000988
0.000947
0.000962
0.000921
0.000883
0.000906
0.000859
0.001071
0.001015
0.000994
0.000946
0.000906
0.000863
0.000819
0.000778
0.000745
0.000711
0.000735
0.000697
0.000666
0.000629
0.000594
0.001531
0.001445
0.001487
0.001431
0.001407
0.001368
0.001331
0.002769
0.002686
0.002762
0.002717
0.002712
0.002827
0.003380
0.003339
0.003335
0.003285
0.003239
0.003182
0.003122
0.003054
0.002980
0.002919
0.002832
0.002743
0.002650
0.002557
0.002459
0.002358
0.002254
0.007170
0.006893
0.007210
0.007647
0.008108
0.007987
0.007926
0.007784
0.007648
0.007484
0.007308
0.007134
0.007294
0.007068
0.006886
0.006649
0.006419
0.006456
0.006226
0.006012
0.005775
0.005540
0.007541
0.007376
0.007359
0.007163
0.007012
0.006833
0.006668
0.006475
0.006279
0.006073
0.005862
0.005645
0.005423
0.005196
0.004966
0.004732
0.007114
0.006835
0.006847
0.006717
0.006571
0.006470
0.006327
0.007620
0.008014
0.007995
0.007819
0.007679
0.007506
0.007328
0.007133
0.007004
0.006787
0.006573
0.006339
0.006667
0.006374
0.006167
0.005882
0.007029
0.006810
0.006683
0.006440
0.006220
0.005982
0.005746
0.005520
0.005292
0.006053
0.005815
0.006836
0.007390
0.007274
0.007125
0.006950
0.006776
0.006600
0.006467
0.006297
0.006194
0.006038
0.005882
0.005713
0.006291
0.006074
0.005948
0.006399
0.006249
0.006095
0.005933
0.007094
0.006819
0.006764
0.006532
0.006356
0.006145
0.005937
0.005834
0.005616
0.005401
0.005173
0.004942
0.004706
0.004467
0.005218
0.006711
0.006589
0.006505
0.006362
0.006235
0.006169
0.006092
0.005978
0.006779
0.006980
0.006884
0.006864
0.006753
0.006708
0.006589
0.006478
0.006354
0.006226
0.006091
0.005963
0.006008
0.005877
0.005785
0.005675
0.005564
0.005449
0.005334
0.005215
0.005092
0.004965
0.004835
0.005326
0.005264
0.005796
0.005638
0.005624
0.005484
0.005366
0.006122
0.006028
0.005960
0.005866
0.005774
0.005829
0.005719
0.006212
0.006423
0.007153
0.007039
0.007041
0.006965
0.006982
0.010280
0.010096
0.010287
0.010131
0.010076
0.009961
0.009843
0.009700
0.009594
0.009418
0.009232
0.009060
0.008845
0.008619
0.008387
0.008154
0.007955
0.007709
0.007458
0.007341
0.007524
0.007245
0.007009
0.006729
0.006861
0.006831
0.006593
0.006359
0.006125
0.005890
0.005655
0.005426
0.005196
0.004965
0.004737
0.004509
0.010584
0.010215
0.011639
0.011433
0.011500
0.011487
0.011539
0.011550
0.011542
0.011508
0.012132
0.012108
0.012099
0.012052
0.011998
0.011927
0.011939
0.011845
0.011750
0.012100
0.012271
0.012183
0.012052
0.011917
0.011771
0.011618
0.011457
0.011288
0.011109
0.010919
0.010721
0.010514
0.010300
0.010084
0.009869
0.009638
0.009401
0.009163
0.008920
0.009604
0.009447
0.009351
0.009205
0.009105
0.009011
0.008902
0.008790
0.008676
0.008559
0.008442
0.008682
0.008557
0.008487
0.008378
0.008286
0.008186
0.008086
0.008032
0.008180
0.008109
0.008068
0.008006
0.007946
0.007884
0.007817
0.007745
0.007667
0.007749
0.007669
0.007597
0.007510
0.007421
0.007326
0.007227
0.007123
0.007015
0.006902
0.006786
0.006665
0.006541
0.006413
0.006281
0.006146
0.006007
0.005866
0.006095
0.006640
0.006625
0.006517
0.006367
0.006216
0.006059
0.005897
0.005729
0.005555
0.006188
0.005999
0.013814
0.013221
0.013702
0.013471
0.013412
0.013235
0.013055
0.012829
0.012576
0.017893
0.017567
0.017650
0.017422
0.019370
0.019174
0.019110
0.018900
0.018781
0.018532
0.018273
0.017953
0.017603
0.017218
0.016804
0.016361
0.015892
0.015400
0.014887
0.014364
0.013855
0.013568
0.013034
0.012508
0.011987
0.011444
0.010915
0.010375
0.009830
0.009286
0.008753
0.008218
0.007680
0.007147
0.006615
0.006096
0.005834
0.005360
0.006500
0.005959
0.005604
0.005120
0.004761
0.004446
0.004159
0.003861
0.003680
0.003539
0.003399
0.003260
0.003119
0.002979
0.002856
0.002820
0.002786
0.002748
0.002707
0.002674
0.002628
0.002667
0.002613
0.002568
0.002583
0.002536
0.002484
0.002427
0.002368
0.002314
0.002258
0.002201
0.002141
0.002081
0.002325
0.002246
0.002830
0.002764
0.002814
0.002761
0.002730
0.002683
0.003997
0.003903
0.003966
0.004324
0.004281
0.004277
0.004310
0.004416
0.004367
0.004324
0.004263
0.004199
0.004127
0.004048
0.003964
0.003876
0.003784
0.003880
0.003799
0.003717
0.003634
0.003545
0.003454
0.003359
0.003262
0.003164
0.003066
0.002966
0.002865
0.003158
0.003061
0.003632
0.003542
0.003534
0.003464
0.003409
0.003345
0.003283
0.003218
0.003152
0.003086
0.007102
0.006854
0.007120
0.006979
0.006973
0.006916
0.007168
0.007109
0.007065
0.006987
0.007028
0.006934
0.006832
0.006715
0.006589
0.006451
0.006305
0.006151
0.005989
0.005821
0.005647
0.005469
0.005672
0.005459
0.005307
0.005103
0.004916
0.004719
0.004525
0.004328
0.004131
0.003935
0.003740
0.003568
0.003513
0.003322
0.003146
0.002963
0.002787
0.002991
0.002835
0.002797
0.002730
0.002670
0.002606
0.002541
0.002477
0.002417
0.002355
0.002291
0.002226
0.002160
0.002481
0.002383
0.002347
0.002262
0.002194
0.007545
0.007201
0.007669
0.007484
0.007494
0.007867
0.008439
0.008359
0.013304
0.012787
0.013077
0.012713
0.012567
0.012296
0.012103
0.011790
0.011468
0.011108
0.010731
0.010332
0.010425
0.009987
0.009684
0.009241
0.008886
0.008488
0.008040
0.007592
0.007147
0.006705
0.006262
0.006137
0.005695
0.006646
0.006120
0.005977
0.005520
0.005151
0.004749
0.004368
0.003987
0.003721
0.003566
0.003332
0.003313
0.003199
0.003094
0.002976
0.002858
0.002736
0.002613
0.002493
0.002670
0.002565
0.002474
0.002638
0.002794
0.002705
0.002613
0.002643
0.002547
0.002460
0.002363
0.002269
0.002308
0.002219
0.002137
0.002050
0.001966
0.001893
0.001838
0.001949
0.001912
0.001879
0.008153
0.007767
0.008215
0.008020
0.008035
0.007950
0.007873
0.007810
0.007680
0.007533
0.009246
0.008948
0.008905
0.008640
0.008435
0.008189
0.007941
0.007675
0.007397
0.007106
0.006805
0.006493
0.006174
0.005868
0.005756
0.005418
0.005221
0.004890
0.004576
0.004253
0.003938
0.003624
0.003620
0.003305
0.003172
0.002868
0.002602
0.002322
0.002056
0.001826
0.001656
0.001733
0.001639
0.001563
0.004397
0.004160
0.004310
0.004181
0.004148
0.004069
0.004000
0.004073
0.004003
0.003930
0.003967
0.003876
0.003788
0.003684
0.003575
0.003459
0.003374
0.003247
0.003117
0.002982
0.002844
0.005329
0.005057
0.005141
0.004899
0.004981
0.004794
0.004639
0.004452
0.004266
0.004071
0.003873
0.003669
0.003462
0.003257
0.003078
0.002873
0.002672
0.003500
0.003278
0.003518
0.003489
0.003406
0.003294
0.003180
0.003065
0.002946
0.003011
0.003934
0.003774
0.004032
0.003898
0.003810
0.003678
0.003551
0.003414
0.003272
0.003164
0.003080
0.003199
0.003097
0.003014
0.002911
0.003197
0.003109
0.003047
0.003054
0.002964
0.002881
0.002824
0.002728
0.002750
0.002643
0.002555
0.002456
0.002359
0.002258
0.002156
0.002052
0.001947
0.002685
0.002565
0.002974
0.002879
0.002945
0.002899
0.002877
0.002839
0.003001
0.002953
0.002962
0.002921
0.002887
0.004727
0.004630
0.004988
0.005404
0.005435
0.005450
0.006123
0.006072
0.006099
0.006047
0.006006
0.005946
0.005882
0.005807
0.005721
0.005625
0.005540
0.005425
0.005304
0.005174
0.005039
0.004969
0.005109
0.004985
0.004879
0.004746
0.004615
0.004485
0.004346
0.004207
0.004133
0.003989
0.003851
0.003706
0.003563
0.003419
0.003281
0.003170
0.003204
0.003159
0.003036
0.002907
0.011224
0.010436
0.011021
0.010538
0.010469
0.010262
0.010094
0.009870
0.009630
0.009362
0.009074
0.009260
0.008952
0.008648
0.008628
0.008306
0.007989
0.007654
0.007317
0.006974
0.006825
0.006474
0.006143
0.005799
0.005463
0.005128
0.004799
0.004475
0.004160
0.003852
0.003553
0.003262
0.002981
0.002714
0.002457
0.002211
0.002091
0.002513
0.002579
0.002570
0.002527
0.002488
0.002470
0.002426
0.002379
0.003289
0.003164
0.004579
0.004731
0.004873
0.005109
0.005085
0.005055
0.005002
0.004939
0.004867
0.004786
0.004820
0.004713
0.004622
0.004510
0.004399
0.004280
0.004157
0.004077
0.003945
0.004007
0.003883
0.003784
0.003659
0.003837
0.003709
0.003607
0.003483
0.003417
0.003459
0.006460
0.006807
0.006949
0.006813
0.006752
0.006648
0.006687
0.006685
0.006580
0.006468
0.006340
0.006204
0.006056
0.005898
0.005732
0.005557
0.005374
0.005319
0.005121
0.004996
0.004838
0.004643
0.004445
0.008497
0.007979
0.008134
0.007751
0.007613
0.007336
0.007087
0.006806
0.006522
0.006670
0.006980
0.006773
0.008100
0.007815
0.007723
0.007475
0.007280
0.007049
0.007074
0.006892
0.006725
0.006544
0.010688
0.010255
0.010389
0.010245
0.010323
0.010098
0.024120
0.022880
0.023831
0.023051
0.022865
0.022373
0.022026
0.021472
0.020893
0.020246
0.019561
0.018835
0.018074
0.018662
0.017932
0.017263
0.016547
0.015799
0.015033
0.014257
0.013474
0.012689
0.011903
0.011122
0.010348
0.009614
0.008899
0.008310
0.007643
0.007001
0.006366
0.005751
0.005154
0.004578
0.004083
0.003992
0.003600
0.003453
0.003335
0.003345
0.003225
0.003175
0.003145
0.003472
0.003423
0.003421
0.003379
0.004680
0.004653
0.004730
0.004723
0.005074
0.007837
0.007779
0.008368
0.008338
0.008403
0.008443
0.008440
0.008418
0.008378
0.008322
0.011607
0.011359
0.011548
0.011311
0.011207
0.011020
0.010839
0.010625
0.012021
0.011651
0.011520
0.011268
0.010986
0.010660
0.010668
0.010336
0.010006
0.009830
0.009488
0.009556
0.010025
0.009716
0.009432
0.009114
0.008800
0.008710
0.008446
0.008145
0.007839
0.007529
0.007220
0.007467
0.007228
0.006968
0.006679
0.007463
0.007241
0.007265
0.007072
0.006890
0.007410
0.007165
0.007028
0.006839
0.008085
0.007861
0.007809
0.008182
0.008426
0.008291
0.008154
0.007984
0.007972
0.007794
0.007621
0.007497
0.007423
0.007285
0.007091
0.008136
0.007850
0.007751
0.007519
0.007338
0.007313
0.007111
0.006921
0.006820
0.006656
0.006487
0.006315
0.006137
0.006108
0.005969
0.006302
0.006513
0.006420
0.006353
0.006278
0.006882
0.006756
0.006812
0.006706
0.006628
0.006542
0.006484
0.006417
0.006452
0.006760
0.006676
0.006636
0.008783
0.008620
0.008782
0.008650
0.008653
0.008547
0.008450
0.008330
0.008344
0.008202
0.008066
0.007987
0.007820
0.008727
0.008527
0.008535
0.008354
0.008203
0.008031
0.007857
0.007672
0.007482
0.007550
0.007863
0.007655
0.007497
0.007288
0.007091
0.006884
0.006717
0.006502
0.006291
0.006073
0.005856
0.005636
0.005416
0.005200
0.004984
0.004770
0.004559
0.004455
0.004301
0.004161
0.004570
0.004407
0.004307
0.004438
0.004328
0.004234
0.004196
0.004175
0.004081
0.004452
0.004378
0.004359
0.004320
0.009886
0.009691
0.010202
0.010236
0.010306
0.010309
0.010677
0.011074
0.011119
0.011076
0.011012
0.010904
0.010886
0.010732
0.010617
0.010425
0.010279
0.010231
0.010003
0.009772
0.009519
0.009256
0.008981
0.008697
0.010205
0.009850
0.009676
0.009355
0.009071
0.008764
0.008454
0.008136
0.007811
0.007491
0.007177
0.006862
0.006545
0.006226
0.005910
0.005591
0.005273
0.004956
0.004644
0.004354
0.004134
0.003847
0.003596
0.003477
0.003366
0.003379
0.003387
0.003282
0.003221
0.003105
0.002996
0.002908
0.002827
0.003025
0.002930
0.002893
0.003433
0.003293
0.003326
0.003199
0.003141
0.003030
0.003041
0.003340
0.003217
0.003189
0.003114
0.003148
0.003306
0.003256
0.003266
0.003202
0.003197
0.003128
0.003068
0.002999
0.010998
0.010712
0.011293
0.011511
0.011728
0.011652
0.011654
0.011872
0.011728
0.011565
0.011364
0.011240
0.010990
0.010727
0.010435
0.010127
0.009800
0.009458
0.009103
0.008842
0.008460
0.012767
0.012134
0.012139
0.011643
0.011335
0.010918
0.010514
0.010083
0.009644
0.009404
0.008961
0.008513
0.008062
0.007607
0.007152
0.006719
0.006271
0.005885
0.005448
0.005019
0.004785
0.004621
0.004392
0.004809
0.004579
0.004564
0.004351
0.004173
0.003979
0.003812
0.003619
0.003430
0.003580
0.003398
0.003250
0.003077
0.002914
0.002750
0.002591
0.002439
0.004309
0.004143
0.004882
0.004731
0.004738
0.004659
0.004691
0.004636
0.004570
0.004494
0.004407
0.007584
0.007307
0.007963
0.007826
0.008066
0.008003
0.007953
0.007875
0.007828
0.007720
0.007853
0.007719
0.008792
0.008754
0.008762
0.008722
0.008680
0.008660
0.008598
0.008531
0.008456
0.008378
0.008290
0.008191
0.008119
0.008001
0.007990
0.008640
0.008464
0.008374
0.008200
0.008778
0.008549
0.008434
0.008217
0.008025
0.007809
0.007696
0.007485
0.007271
0.007046
0.006937
0.006724
0.006488
0.006241
0.006030
0.005773
0.005518
0.005496
0.005494
0.005276
0.005071
0.004849
0.004631
0.005264
0.005106
0.004938
0.004777
0.004608
0.004448
0.004292
0.004142
0.003990
0.003839
0.003737
0.003582
0.003434
0.003279
0.003132
0.002984
0.002877
0.002825
0.002779
0.003028
0.002991
0.003000
0.002965
0.002943
0.002943
0.002913
0.004087
0.005682
0.005665
0.006615
0.006819
0.007041
0.007260
0.007306
0.007365
0.007486
0.007489
0.007492
0.007473
0.007990
0.007980
0.008015
0.007998
0.007985
0.007956
0.007920
0.007873
0.007817
0.007752
0.007727
0.007644
0.007559
0.007464
0.007396
0.007289
0.007180
0.007064
0.007125
0.007254
0.007167
0.007061
0.006939
0.006871
0.006890
0.006761
0.006644
0.006512
0.006383
0.006252
0.006127
0.006293
0.006179
0.006091
0.005988
0.011205
0.016929
0.017094
0.017590
0.017500
0.017487
0.017988
0.018036
0.018117
0.017960
0.017791
0.017572
0.017325
0.017373
0.018165
0.017797
0.017527
0.017131
0.016748
0.016332
0.015902
0.015453
0.017723
0.017173
0.016973
0.016478
0.016391
0.015902
0.015589
0.015085
0.017895
0.017535
0.017315
0.016975
0.019056
0.019038
0.018975
0.018821
0.020303
0.020178
0.020193
0.020642
0.020516
0.021077
0.021281
0.021231
0.021500
0.023332
0.023267
0.023809
0.023674
0.023763
0.024213
0.025904
0.026083
0.026189
0.026275
0.026314
0.027396
0.027455
0.027697
0.027872
0.028018
0.028348
0.028416
0.028471
0.028513
0.028546
0.028565
0.028885
0.028895
0.028915
0.028902
0.028883
0.029246
0.029212
0.029202
0.029943
0.029959
0.030129
0.030134
0.030157
0.030158
0.030164
0.030286
0.030275
0.030323
0.030310
0.030588
0.030577
0.030655
0.030629
0.030615
0.030606
0.030753
0.030724
0.030694
0.030654
0.030604
0.030544
0.030478
0.030406
0.030332
0.030252
0.030167
0.030074
0.029973
0.030141
0.030042
0.029949
0.029842
0.029729
0.029608
0.029481
0.029637
0.029516
0.029406
0.037685
0.038880
0.039272
0.039248
0.039217
0.039160
0.039058
0.041368
0.041111
0.041099
0.040836
0.040611
0.040326
0.040014
0.039661
0.039275
0.038856
0.038413
0.037996
0.037497
0.037294
0.036767
0.036231
0.035648
0.035058
0.034450
0.033900
0.035957
0.035118
0.035009
0.034306
0.034758
0.034005
0.033517
0.032789
0.032106
0.031388
0.030672
0.029975
0.029289
0.028603
0.028199
0.027538
0.026882
0.026226
0.025573
0.025009
0.024881
0.024535
0.024205
0.023865
0.023523
0.023209
0.022880
0.022551
0.022244
0.022034
0.021710
0.021396
0.021216
0.020954
0.020687
0.020388
0.020104
0.019869
0.019660
0.019458
0.019258
0.022776
0.022677
0.022811
0.022878
0.022958
0.023030
0.023085
0.023186
0.023209
0.023226
0.023226
0.023213
0.023228
0.023278
0.023218
0.023224
0.025025
0.024841
0.024885
0.025098
0.025069
0.024972
0.026112
0.025999
0.026358
0.026269
0.026210
0.026186
0.026062
0.025920
0.025767
0.025592
0.025858
0.025689
0.025528
0.025340
0.025145
0.025292
0.025072
0.024878
0.024884
0.024642
0.024523
0.024269
0.024023
0.023760
0.024292
0.024069
0.023885
0.023670
0.023455
0.023232
0.023003
0.022769
0.022530
0.022293
0.022161
0.021955
0.023223
0.022943
0.023104
0.023860
0.023745
0.023664
0.023495
0.023350
0.023356
0.023169
0.023429
0.023345
0.023177
0.022990
0.023367
0.023217
0.023073
0.022913
0.022751
0.022582
0.022408
0.022229
0.022239
0.022093
0.022000
0.021948
0.021812
0.021673
0.021548
0.022653
0.022502
0.022475
0.022347
0.022246
0.022130
0.022011
0.021892
0.021867
0.021745
0.021628
0.021764
0.023128
0.023045
0.023069
0.023001
0.023045
0.022978
0.022916
0.022850
0.022760
0.022661
0.022552
0.022433
0.022377
0.022249
0.027310
0.027027
0.027275
0.027915
0.027913
0.027942
0.027862
0.027765
0.027634
0.027485
0.027318
0.027127
0.028010
0.027717
0.027547
0.027243
0.026957
0.027740
0.028513
0.028215
0.027982
0.027766
0.027409
0.027021
0.026614
0.026185
0.025738
0.025273
0.025052
0.024558
0.024155
0.023706
0.023230
0.025097
0.024760
0.024484
0.024194
0.023828
0.023457
0.023067
0.022877
0.023115
0.022919
0.022569
0.022196
0.022207
0.021927
0.021815
0.021440
0.021311
0.021130
0.021761
0.021352
0.021045
0.020612
0.020339
0.019931
0.019514
0.019083
0.018648
0.018495
0.018035
0.034559
0.033343
0.034278
0.033508
0.033306
0.032831
0.032391
0.031841
0.031287
0.030889
0.030213
0.029509
0.028742
0.029513
0.028687
0.027958
0.027104
0.026333
0.025447
0.024788
0.025375
0.024435
0.023613
0.022796
0.021929
0.021068
0.020238
0.019412
0.018582
0.017756
0.016943
0.016138
0.015529
0.014761
0.014021
0.013442
0.012739
0.012329
0.011825
0.011215
0.010643
0.010458
0.010311
0.010169
0.010024
0.009877
0.009727
0.009576
0.009570
0.009508
0.009366
0.010459
0.010241
0.010186
0.010035
0.009948
0.009835
0.010720
0.010525
0.010488
0.010332
0.010220
0.010084
0.009948
0.009801
0.009733
0.009571
0.009411
0.009426
0.009264
0.009114
0.010129
0.009940
0.010405
0.010212
0.010198
0.010028
0.009883
0.009729
0.009572
0.009407
0.009237
0.009059
0.008875
0.008686
0.008638
0.008446
0.008258
0.008059
0.008105
0.007937
0.007775
0.007619
0.007460
0.007301
0.007139
0.006975
0.006809
0.006749
0.006584
0.006433
0.006267
0.006103
0.005937
0.005773
0.005610
0.005565
0.005397
0.005245
0.005082
0.005304
0.005217
0.005094
0.004964
0.004848
0.004735
0.004784
0.004663
0.004558
0.004446
0.004337
0.004233
0.004379
0.005507
0.005455
0.005456
0.005319
0.005231
0.005203
0.005094
0.004982
0.004883
0.005720
0.005549
0.005498
0.006321
0.006153
0.006165
0.006212
0.006089
0.005964
0.005823
0.005676
0.005522
0.005382
0.005361
0.006415
0.006195
0.006126
0.005933
0.005776
0.005603
0.006568
0.006328
0.006233
0.006019
0.006400
0.006210
0.006066
0.005882
0.005702
0.005513
0.005319
0.005120
0.004917
0.005309
0.005126
0.004967
0.004787
0.004618
0.004689
0.004519
0.004388
0.004245
0.004104
0.003959
0.003903
0.003751
0.003613
0.003462
0.003349
0.003200
0.003054
0.002904
0.003039
0.002882
0.002756
0.005422
0.005077
0.006100
0.005838
0.005817
0.005665
0.005560
0.005426
0.005324
0.031344
0.030385
0.032354
0.031775
0.032043
0.031810
0.031608
0.031257
0.030834
0.030393
0.029955
0.029365
0.028638
0.027856
0.027004
0.027854
0.026983
0.026168
0.025246
0.024315
0.023368
0.022393
0.021403
0.020427
0.019409
0.018388
0.017368
0.018379
0.017325
0.016491
0.017526
0.016550
0.017057
0.016801
0.016601
0.015811
0.015195
0.014413
0.013665
0.012913
0.012447
0.012328
0.012191
0.013194
0.012982
0.012878
0.012883
0.012699
0.012504
0.012284
0.012049
0.011846
0.011655
0.011382
0.011099
0.010801
0.010559
0.010674
0.010722
0.010655
0.010413
0.010100
0.009772
0.009436
0.009095
0.008801
0.008494
0.008154
0.007904
0.007565
0.007429
0.007128
0.006831
0.006529
0.006327
0.006220
0.006215
0.006019
0.005836
0.005633
0.005436
0.005732
0.005610
0.006263
0.006031
0.006058
0.005860
0.005697
0.005543
0.005574
0.005434
0.005316
0.005937
0.005772
0.006400
0.006222
0.006132
0.005979
0.005831
0.005667
0.005502
0.006531
0.006848
0.008309
0.008374
0.008566
0.018802
0.018453
0.019265
0.020714
0.020725
0.020794
0.020700
0.020597
0.020433
0.020339
0.020089
0.019837
0.019512
0.019160
0.018772
0.018510
0.018339
0.017921
0.017513
0.023197
0.023097
0.023385
0.023602
0.023603
0.023575
0.023633
0.023546
0.023439
0.023297
0.023130
0.022937
0.022718
0.022476
0.022763
0.022459
0.022235
0.021923
0.021618
0.021283
0.021035
0.020661
0.020285
0.021374
0.020917
0.020961
0.020663
0.020308
0.020301
0.019906
0.019523
0.019201
0.018775
0.018346
0.018100
0.018441
0.017927
0.017528
0.017023
0.016547
0.016273
0.015796
0.015304
0.014798
0.014518
0.013999
0.013512
0.013002
0.012499
0.012235
0.031814
0.030319
0.031453
0.030552
0.030327
0.029971
0.030669
0.030394
0.030104
0.029707
0.029257
0.028745
0.028180
0.027563
0.033625
0.033272
0.033369
0.033132
0.032958
0.032738
0.032384
0.031980
0.031551
0.033020
0.032335
0.031921
0.031996
0.031340
0.030689
0.029954
0.029192
0.028630
0.027778
0.026935
0.026916
0.026013
0.025194
0.024271
0.023359
0.022415
0.021460
0.020967
0.020700
0.019742
0.018813
0.017841
0.017155
0.016520
0.015607
0.014764
0.014418
0.013524
0.032555
0.032037
0.032631
0.032897
0.032922
0.032859
0.032778
0.032651
0.033268
0.033064
0.032931
0.032959
0.032748
0.032526
0.032359
0.032159
0.031911
0.031625
0.031297
0.030928
0.030532
0.039341
0.038896
0.039142
0.045551
0.045801
0.046472
0.047655
0.048037
0.048421
0.048719
0.048987
0.049209
0.049392
0.049538
0.050204
0.050245
0.050332
0.050335
0.050324
0.050525
0.050466
0.050405
0.050790
0.050646
0.050773
0.050729
0.051438
0.051135
0.050983
0.050660
0.050524
0.050174
0.049824
0.049445
0.049051
0.049145
0.048795
0.048400
0.047947
0.047490
0.047040
0.046534
0.047465
0.047117
0.046690
0.046150
0.045614
0.045048
0.044465
0.043862
0.043246
0.042685
0.042827
0.050377
0.050024
0.050013
0.049665
0.049409
0.049142
0.048799
0.048416
0.048026
0.047617
0.047161
0.046680
0.046172
0.045645
0.045092
0.044641
0.044048
0.043620
0.043002
0.042377
0.041728
0.041064
0.040442
0.039758
0.039072
0.038370
0.037658
0.036940
0.036206
0.035464
0.034713
0.034421
0.033901
0.033162
0.032397
0.031622
0.030855
0.030099
0.029369
0.028626
0.027898
0.027161
0.026418
0.025669
0.024914
0.024154
0.023390
0.029677
0.028689
0.028481
0.027566
0.027028
0.026413
0.025640
0.024830
0.024084
0.023340
0.022574
0.021906
0.021220
0.020509
0.020108
0.019531
0.018809
0.018121
0.017360
0.016734
0.019766
0.019448
0.019082
0.018610
0.018141
0.017658
0.017163
0.016653
0.016516
0.015956
0.015440
0.014869
0.014318
0.013740
0.013154
0.012556
0.011949
0.011518
0.011063
0.010715
0.010557
0.010369
0.010177
0.009970
0.009755
0.009534
0.009308
0.009075
0.009290
0.009079
0.008858
0.008599
0.008342
0.008167
0.012136
0.011751
0.011795
0.011500
0.011334
0.011086
0.010833
0.010556
0.010292
0.009986
0.009989
0.009883
0.009572
0.009225
0.009287
0.008920
0.008608
0.008301
0.007942
0.007571
0.007195
0.006832
0.006618
0.006387
0.011769
0.011431
0.011660
0.011451
0.011362
0.011214
0.011054
0.010868
0.010929
0.010690
0.012330
0.011999
0.011871
0.011693
0.011432
0.011339
0.011109
0.010824
0.010524
0.010208
0.009879
0.009538
0.009200
0.008947
0.008683
0.008407
0.008350
0.008062
0.007789
0.007498
0.007201
0.008915
0.008460
0.008327
0.007937
0.007639
0.007296
0.006964
0.006620
0.006274
0.005924
0.005671
0.005339
0.006360
0.006007
0.005783
0.005507
0.005368
0.005269
0.005121
0.004969
0.004922
0.004757
0.004599
0.005369
0.005240
0.005638
0.005502
0.005490
0.005380
0.005286
0.005221
0.005113
0.005006
0.004894
0.005063
0.004945
0.005151
0.005099
0.005098
0.005058
0.005021
0.004977
0.004930
0.004879
0.004823
0.004765
0.004704
0.004639
0.004615
0.004544
0.004473
0.004396
0.004320
0.004243
0.004163
0.004080
0.005993
0.018236
0.017662
0.018530
0.019325
0.019284
0.019232
0.019075
0.018864
0.018591
0.018335
0.018846
0.018439
0.018086
0.017622
0.017343
0.017004
0.018269
0.025447
0.025304
0.025596
0.025435
0.025374
0.025213
0.026052
0.025761
0.027868
0.027866
0.028011
0.028055
0.028396
0.028370
0.028349
0.028276
0.028184
0.028081
0.027956
0.027785
0.027594
0.027415
0.027197
0.026971
0.026734
0.034049
0.033868
0.035067
0.035071
0.035241
0.035262
0.035292
0.035268
0.035223
0.035144
0.035037
0.034898
0.034960
0.034753
0.034577
0.038778
0.039042
0.039313
0.039353
0.039425
0.039446
0.039444
0.039410
0.039347
0.039326
0.039215
0.041140
0.041206
0.046023
0.045839
0.046295
0.046414
0.046594
0.046697
0.046742
0.046749
0.046720
0.046920
0.046814
0.046714
0.046569
0.046395
0.046192
0.045965
0.045715
0.046471
0.046972
0.046768
0.046562
0.046302
0.046037
0.045779
0.045521
0.045204
0.044914
0.044568
0.044211
0.043836
0.043558
0.043166
0.046120
0.045832
0.045797
0.045556
0.045372
0.045154
0.045057
0.044811
0.044566
0.044304
0.044129
0.044073
0.051706
0.051686
0.052890
0.054043
0.054289
0.054480
0.054629
0.054750
0.055248
0.055332
0.055417
0.055451
0.055463
0.055446
0.055403
0.055408
0.055314
0.055817
0.055860
0.055777
0.056045
0.055880
0.055731
0.055530
0.055315
0.055076
0.057186
0.056842
0.062586
0.062093
0.062244
0.061889
0.061784
0.061458
0.061112
0.060869
0.060420
0.059951
0.059427
0.058871
0.058284
0.057664
0.057012
0.056897
0.056157
0.055466
0.054734
0.053957
0.053154
0.052646
0.052146
0.052745
0.052121
0.051401
0.050612
0.049822
0.049017
0.048202
0.047375
0.046534
0.045982
0.052880
0.052240
0.051974
0.051522
0.051029
0.050788
0.050268
0.049746
0.049193
0.049675
0.049030
0.048520
0.047881
0.047394
0.046942
0.046444
0.045930
0.045395
0.044843
0.044284
0.043732
0.043249
0.042665
0.042088
0.041571
0.041203
0.040708
0.040092
0.041910
0.041150
0.041909
0.041181
0.040898
0.040194
0.039555
0.038851
0.040096
0.044118
0.043413
0.043045
0.049236
0.048548
0.048377
0.054256
0.054200
0.054153
0.053869
0.053540
0.053136
0.053094
0.052663
0.052157
0.051593
0.050985
0.050463
0.050026
0.049337
0.048731
0.047987
0.047229
0.046436
0.045624
0.044791
0.043940
0.048052
0.047337
0.047032
0.046391
0.045899
0.045397
0.044900
0.044372
0.043831
0.043353
0.043124
0.042720
0.042202
0.044383
0.044028
0.044091
0.043769
0.043537
0.043288
0.043194
0.043062
0.042937
0.042800
0.042652
0.042484
0.042301
0.043242
0.043238
0.043295
0.043307
0.043336
0.043349
0.043513
0.043786
0.043759
0.043748
0.043694
0.043678
0.043601
0.043959
0.043871
0.043833
0.043764
0.043689
0.043600
0.043500
0.043734
0.043672
0.043903
0.043808
0.047350
0.047122
0.047350
0.047261
0.047269
0.047182
0.047128
0.047042
0.046960
0.046954
0.046842
0.046730
0.046609
0.046499
0.046378
0.047301
0.047174
0.047796
0.047601
0.047514
0.052445
0.052043
0.052287
0.052010
0.052079
0.051864
0.051755
0.054732
0.054521
0.054532
0.054322
0.054156
0.053938
0.054011
0.053752
0.053497
0.053203
0.052958
0.053998
0.053557
0.053320
0.052902
0.052530
0.052118
0.053257
0.052900
0.052661
0.052318
0.054733
0.054509
0.054425
0.054221
0.054033
0.054412
0.054224
0.056516
0.056183
0.056190
0.055902
0.055798
0.058388
0.058137
0.059458
0.059196
0.059133
0.065805
0.065389
0.065703
0.065316
0.065116
0.064794
0.064458
0.064086
0.063656
0.063227
0.064151
0.063785
0.063406
0.062985
0.062586
0.062119
0.061640
0.061145
0.060662
0.060497
0.059994
0.060756
0.060327
0.059948
0.065281
0.064730
0.064796
0.064420
0.064705
0.064539
0.064389
0.064215
0.064040
0.063871
0.063698
0.063521
0.063761
0.063580
0.063691
0.063566
0.063471
0.063465
0.063533
0.063616
0.063703
0.063782
0.063854
0.063986
0.064047
0.064105
0.064642
0.064669
0.064794
0.064863
0.066404
0.066498
0.066686
0.067162
0.067567
0.067723
0.067884
0.068014
0.068172
0.068286
0.068395
0.068494
0.068587
0.068670
0.068742
0.068805
0.068862
0.068909
0.069513
0.069548
0.069641
0.069758
0.069800
0.069832
0.069855
0.069871
0.070166
0.071219
0.071631
0.075961
0.075804
0.076237
0.076165
0.076220
0.076189
0.076183
0.076105
0.076013
0.075882
0.075727
0.075547
0.075343
0.075116
0.074868
0.074600
0.074318
0.074336
0.074011
0.076190
0.075778
0.075622
0.075254
0.075057
0.076112
0.075676
0.075401
0.076112
0.076253
0.075944
0.075577
0.075226
0.075459
0.075086
0.074720
0.074324
0.075856
0.075725
0.075455
0.075062
0.074703
0.074397
0.074081
0.074075
0.073907
0.073561
0.073179
0.072887
0.072472
0.072054
0.071616
0.071174
0.070724
0.070268
0.069807
0.070030
0.069521
0.069134
0.070485
0.070059
0.069724
0.069305
0.068903
0.068484
0.068508
0.068465
0.068198
0.067889
0.067583
0.067644
0.067314
0.067135
0.066794
0.066461
0.067521
0.067194
0.067090
0.066843
0.066604
0.066352
0.066333
0.066083
0.065885
0.065887
0.065662
0.065468
0.065227
0.065051
0.064790
0.064530
0.064914
0.064669
0.064428
0.064167
0.065134
0.064849
0.064658
0.064376
0.064535
0.064274
0.064014
0.063713
0.063501
0.063175
0.062846
0.062497
0.062137
0.061765
0.063040
0.062595
0.062329
0.061905
0.061511
0.061088
0.060655
0.060206
0.059745
0.059279
0.058805
0.058321
0.057828
0.057324
0.056829
0.056336
0.055833
0.055412
0.056166
0.055577
0.055144
0.054576
0.054044
0.055505
0.054947
0.054922
0.054395
0.053933
0.055015
0.054538
0.054443
0.053962
0.053538
0.053060
0.052583
0.052089
0.051584
0.051066
0.050539
0.050002
0.049461
0.048913
0.048358
0.050103
0.049636
0.049253
0.048744
0.048290
0.047809
0.047324
0.046828
0.046323
0.045808
0.045285
0.044753
0.044430
0.045377
0.044771
0.044349
0.048388
0.049257
0.049089
0.048787
0.048696
0.048338
0.047986
0.047590
0.047179
0.046742
0.046351
0.047129
0.046551
0.046226
0.045799
0.045339
0.044853
0.044357
0.043846
0.043353
0.043400
0.042925
0.042491
0.042021
0.041583
0.041111
0.040636
0.040153
0.039662
0.039288
0.038910
0.038399
0.037892
0.037954
0.037442
0.037144
0.036633
0.036176
0.035726
0.035275
0.034897
0.034429
0.033972
0.033529
0.033953
0.033535
0.033252
0.032867
0.033099
0.032712
0.034161
0.033698
0.034626
0.034406
0.034156
0.033788
0.033452
0.033101
0.032739
0.032362
0.034197
0.033729
0.035192
0.034915
0.034699
0.034446
0.034672
0.034436
0.034263
0.033991
0.033716
0.033546
0.033311
0.033093
0.033104
0.032774
0.032439
0.032080
0.031705
0.031527
0.032193
0.031763
0.031413
0.030977
0.030986
0.030579
0.030175
0.029730
0.029280
0.028816
0.028340
0.029245
0.029536
0.029159
0.028721
0.028269
0.027846
0.027642
0.027145
0.026668
0.026149
0.025642
0.025136
0.024630
0.024113
0.023589
0.023055
0.022631
0.024683
0.024004
0.023658
0.023045
0.022510
0.021929
0.022040
0.021426
0.020874
0.020912
0.020313
0.019761
0.019160
0.018812
0.018212
0.019627
0.018898
0.018471
0.018538
0.018003
0.017528
0.017583
0.017075
0.016935
0.016498
0.016074
0.015679
0.015289
0.014891
0.014486
0.014082
0.013674
0.014305
0.013878
0.013559
0.013256
0.012970
0.012610
0.012382
0.012018
0.011659
0.011307
0.011011
0.012618
0.012278
0.012392
0.012092
0.011854
0.011573
0.012404
0.012553
0.012381
0.012148
0.012097
0.011851
0.011616
0.011834
0.011538
0.011310
0.011035
0.010770
0.010485
0.010234
0.009931
0.009625
0.009309
0.008995
0.008685
0.008380
0.008149
0.007844
0.007543
0.007227
0.006917
0.006602
0.006297
0.005992
0.005684
0.006358
0.006099
0.005912
0.005667
0.005439
0.005203
0.004985
0.004768
0.004550
0.004331
0.004122
0.003923
0.003776
0.004346
0.004214
0.004199
0.004081
0.003981
0.003869
0.003758
0.003673
0.003565
0.003777
0.003664
0.003649
0.003536
0.003502
0.003389
0.003286
0.003284
0.003195
0.003090
0.002982
0.002957
0.002838
0.002732
0.002617
0.003192
0.003063
0.003006
0.002890
0.002792
0.003227
0.003081
0.003018
0.002885
0.002774
0.002648
0.002526
0.002399
0.002644
0.002494
0.002394
0.007687
0.007166
0.019172
0.018280
0.019124
0.018669
0.018622
0.018358
0.018150
0.018103
0.017751
0.017376
0.016944
0.016479
0.015985
0.015456
0.016096
0.015446
0.015717
0.015955
0.015313
0.014728
0.016737
0.016183
0.015732
0.015180
0.014638
0.014101
0.013529
0.012948
0.012591
0.012010
0.013826
0.013527
0.013257
0.012814
0.012340
0.011853
0.011362
0.010869
0.010793
0.010309
0.009846
0.009650
0.009452
0.009241
0.009238
0.010006
0.009783
0.009619
0.009382
0.009155
0.008907
0.008652
0.008385
0.008134
0.007849
0.008305
0.007997
0.007766
0.007466
0.007182
0.006891
0.006598
0.006452
0.006150
0.005862
0.005564
0.005266
0.005324
0.005016
0.004740
0.004435
0.004144
0.013585
0.012841
0.013437
0.013056
0.012991
0.012774
0.012581
0.012323
0.012063
0.011791
0.011490
0.011163
0.011029
0.010654
0.010312
0.009937
0.009556
0.009162
0.008755
0.008462
0.008035
0.007615
0.007180
0.006746
0.006427
0.005998
0.005580
0.005178
0.004773
0.004939
0.004497
0.004153
0.003750
0.003381
0.003008
0.002679
0.002326
0.001997
0.001678
0.001371
0.001770
0.002111
0.002121
0.002123
0.002086
0.002562
0.002524
0.003077
0.003024
0.003031
0.002988
0.003255
0.006672
0.006479
0.007029
0.007006
0.007017
0.007225
0.007397
0.007320
0.007232
0.007115
0.006984
0.006835
0.006747
0.006582
0.006404
0.006213
0.006012
0.005824
0.005604
0.005381
0.005149
0.005177
0.004932
0.004712
0.004528
0.004300
0.004074
0.003843
0.003613
0.003384
0.003155
0.002928
0.002703
0.002480
0.002262
0.002046
0.001834
0.001775
0.001577
0.001406
0.001242
0.001609
0.001646
0.001610
0.001549
0.001492
0.001433
0.001376
0.001526
0.004538
0.004277
0.004497
0.004337
0.004316
0.004227
0.004150
0.004050
0.003984
0.003864
0.003741
0.004220
0.004032
0.003937
0.004360
0.004191
0.004072
0.003908
0.003752
0.003644
0.003474
0.003307
0.003134
0.002959
0.004824
0.004588
0.004564
0.005086
0.004931
0.004829
0.004755
0.004653
0.004503
0.004357
0.004414
0.004259
0.004113
0.004008
0.004440
0.004299
0.004319
0.004184
0.004075
0.004026
0.003896
0.003762
0.003617
0.003470
0.003624
0.003470
0.003350
0.003197
0.003052
0.002900
0.002747
0.002597
0.002448
0.002298
0.002148
0.002002
0.001858
0.001715
0.001573
0.001433
0.001294
0.001178
0.001044
0.000917
0.000791
0.000669
0.000833
0.000758
0.000717
0.000654
0.000619
0.000603
0.000926
0.000880
0.000880
0.000921
0.000903
0.000884
0.000864
0.000842
0.000821
0.000798
0.000774
0.000852
0.000829
0.000824
0.000809
0.000796
0.000780
0.000764
0.003936
0.003750
0.003987
0.003897
0.004246
0.036312
0.034651
0.037501
0.036752
0.037093
0.037056
0.036889
0.036554
0.036108
0.042075
0.042103
0.042457
0.042412
0.042358
0.042494
0.042234
0.041915
0.043572
0.042958
0.042599
0.041897
0.041200
0.040401
0.039546
0.038623
0.038402
0.037324
0.036316
0.035375
0.034207
0.033005
0.031757
0.033487
0.032241
0.031278
0.030078
0.031156
0.029851
0.028883
0.027702
0.026520
0.025288
0.025675
0.032667
0.032528
0.032155
0.031798
0.032143
0.031812
0.031519
0.031170
0.030820
0.030628
0.030669
0.030863
0.031029
0.031105
0.031061
0.031021
0.030939
0.034288
0.036663
0.036844
0.037095
0.037162
0.037781
0.037866
0.037943
0.037957
0.038122
0.038054
0.037967
0.037827
0.037654
0.037590
0.038508
0.038176
0.037962
0.037595
0.037897
0.039871
0.039741
0.044325
0.044376
0.044730
0.044487
0.044333
0.044069
0.043783
0.043437
0.043050
0.042615
0.042139
0.041623
0.041067
0.040480
0.039860
0.039399
0.038715
0.038016
0.038213
0.037414
0.038360
0.038603
0.037996
0.037349
0.036642
0.035915
0.035449
0.034666
0.033877
0.033046
0.032197
0.031323
0.030429
0.029522
0.028595
0.027677
0.026718
0.025757
0.024787
0.023807
0.022817
0.021820
0.021158
0.020388
0.019453
0.018781
0.025291
0.024642
0.024229
0.023530
0.022904
0.022234
0.025077
0.032877
0.032358
0.033090
0.032485
0.032169
0.031655
0.031180
0.030897
0.030340
0.029796
0.029235
0.028654
0.028362
0.027857
0.027311
0.026743
0.026201
0.025637
0.025657
0.025969
0.025376
0.024788
0.024137
0.023479
0.022801
0.022732
0.021979
0.021313
0.020555
0.019813
0.019548
0.018751
0.018009
0.017387
0.016595
0.015815
0.015030
0.014246
0.013459
0.012859
0.012061
0.011548
0.010875
0.010314
0.009621
0.008957
0.008320
0.007695
0.007078
0.006480
0.006019
0.005568
0.005180
0.004855
0.004498
0.004154
0.003817
0.003649
0.003890
0.004762
0.004427
0.004440
0.004174
0.003982
0.003751
0.003602
0.003470
0.003334
0.003193
0.003048
0.002902
0.002764
0.002628
0.002523
0.002419
0.002313
0.002678
0.005007
0.004750
0.004835
0.004630
0.004528
0.004375
0.004230
0.004069
0.003903
0.004127
0.003975
0.004002
0.003873
0.003747
0.003613
0.003475
0.003334
0.003194
0.003053
0.003598
0.003452
0.003381
0.003246
0.003132
0.003007
0.002884
0.002757
0.003123
0.002972
0.003206
0.003047
0.003069
0.002924
0.002860
0.002724
0.002601
0.002491
0.002404
0.002393
0.002313
0.002235
0.002150
0.006285
0.006017
0.008043
0.007771
0.008081
0.007917
0.007851
0.007708
0.007802
0.007606
0.007442
0.007224
0.007016
0.006788
0.006550
0.008524
0.009730
0.009586
0.009351
0.009061
0.008777
0.008490
0.008186
0.007865
0.007537
0.007198
0.006859
0.006500
0.006635
0.006248
0.005918
0.005542
0.005182
0.004842
0.004552
0.004219
0.003877
0.003823
0.003480
0.003707
0.003383
0.006027
0.005680
0.005759
0.005545
0.005427
0.005278
0.005120
0.004951
0.004779
0.004633
0.004446
0.004536
0.004386
0.004251
0.004095
0.003939
0.003801
0.003981
0.003813
0.003692
0.003528
0.003762
0.003569
0.003438
0.003254
0.003088
0.002911
0.002753
0.002575
0.002399
0.002629
0.003431
0.003304
0.003241
0.003071
0.002946
0.002805
0.002774
0.002636
0.002513
0.002405
0.002346
0.003393
0.003296
0.003326
0.003252
0.003208
0.003148
0.003087
0.003020
0.002951
0.002878
0.002802
0.002723
0.002649
0.002745
0.002724
0.002661
0.002597
0.002531
0.003528
0.003443
0.003445
0.003373
0.003413
0.003346
0.003289
0.003232
0.003183
0.003127
0.003068
0.004618
0.004698
0.004766
0.004649
0.004586
0.004490
0.004398
0.004293
0.004184
0.004067
0.003944
0.003815
0.005511
0.005232
0.005246
0.005279
0.005360
0.005209
0.005045
0.005021
0.004872
0.004823
0.005416
0.005864
0.005803
0.005675
0.006502
0.006406
0.006367
0.006276
0.006210
0.006152
0.006060
0.006081
0.006234
0.006196
0.006109
0.006027
0.005939
0.005949
0.012056
0.011803
0.012955
0.012763
0.013661
0.013777
0.013746
0.013630
0.013488
0.013313
0.013153
0.012918
0.013167
0.012871
0.012605
0.012374
0.012033
0.011679
0.011300
0.011456
0.011049
0.012032
0.011605
0.011291
0.011469
0.011620
0.011242
0.010894
0.010543
0.010155
0.009759
0.009353
0.008947
0.008544
0.008139
0.007882
0.007547
0.007159
0.006770
0.006394
0.006017
0.005643
0.005270
0.004899
0.004533
0.004174
0.003872
0.003697
0.003621
0.003447
0.003295
0.003146
0.002997
0.002970
0.002826
0.002687
0.002546
0.002948
0.002822
0.002738
0.002622
0.002518
0.002440
0.002516
0.002415
0.003940
0.003783
0.003843
0.005051
0.004900
0.005472
0.005367
0.005379
0.005317
0.005268
0.005230
0.005345
0.005294
0.005247
0.005182
0.005159
0.005080
0.004999
0.004912
0.005288
0.005202
0.005159
0.005075
0.005000
0.006230
0.006045
0.006067
0.005963
0.005872
0.005756
0.006611
0.006486
0.006918
0.006931
0.006916
0.006826
0.006737
0.006649
0.006542
0.006433
0.006324
0.006585
0.006446
0.006350
0.006212
0.006082
0.005942
0.005800
0.005653
0.006819
0.006568
0.006533
0.006337
0.006200
0.006033
0.005870
0.005698
0.005687
0.006050
0.005853
0.005729
0.005562
0.005451
0.005316
0.005207
0.005083
0.004959
0.005049
0.004970
0.004849
0.004739
0.004630
0.004520
0.004420
0.008210
0.007987
0.008168
0.008039
0.008002
0.007929
0.007853
0.007759
0.007663
0.007553
0.007497
0.007365
0.007251
0.007931
0.007754
0.007672
0.007498
0.007985
0.007790
0.007662
0.008371
0.008139
0.008010
0.007785
0.007939
0.007829
0.007619
0.007377
0.007126
0.006866
0.006754
0.006476
0.006536
0.006227
0.005972
0.005681
0.005408
0.005127
0.004847
0.004566
0.004388
0.004110
0.003978
0.003757
0.003660
0.003412
0.003535
0.003401
0.003355
0.003227
0.003218
0.003088
0.003152
0.003030
0.002919
0.002800
0.002681
0.002562
0.002443
0.002324
0.002205
0.002429
0.002335
0.002540
0.002479
0.002427
0.002383
0.002339
0.002294
0.002256
0.002256
0.002218
0.002281
0.002244
0.002216
0.002185
0.002156
0.002130
0.002104
0.002082
0.002060
0.002037
0.002017
0.002006
0.001995
0.001984
0.001972
0.001960
0.001947
0.001943
0.001930
0.001920
0.001970
0.002352
0.002393
0.002413
0.002405
0.002460
0.002448
0.002443
0.002994
0.002962
0.002987
0.002965
0.002955
0.002937
0.002919
0.002981
0.002950
0.009183
0.008997
0.009428
0.009366
0.009441
0.009447
0.009445
0.009413
0.009360
0.009285
0.009190
0.009075
0.008941
0.008790
0.008622
0.008438
0.008239
0.008028
0.007804
0.007569
0.007336
0.007234
0.006979
0.006730
0.006461
0.006203
0.005937
0.005761
0.005570
0.005308
0.005044
0.004775
0.004507
0.004239
0.003971
0.003705
0.003442
0.003181
0.003156
0.002902
0.002682
0.002547
0.002336
0.002485
0.002252
0.002072
0.001974
0.001943
0.001904
0.001865
0.004520
0.004332
0.032443
0.030894
0.033124
0.032469
0.032743
0.032702
0.032587
0.032289
0.031902
0.031409
0.030829
0.030166
0.029425
0.028614
0.027738
0.026804
0.025819
0.024790
0.023753
0.022650
0.021522
0.020369
0.019201
0.018104
0.016919
0.016539
0.015351
0.014294
0.013145
0.012160
0.011049
0.009981
0.009960
0.008938
0.008012
0.007238
0.006315
0.005440
0.005272
0.004538
0.003789
0.003693
0.004853
0.004794
0.004787
0.004961
0.004917
0.006719
0.006622
0.006710
0.006670
0.006634
0.006645
0.006587
0.006507
0.006413
0.006306
0.006187
0.006187
0.006161
0.006074
0.005949
0.005822
0.005758
0.005621
0.005483
0.005356
0.005229
0.005099
0.004964
0.004829
0.005132
0.004959
0.004855
0.005078
0.004939
0.004826
0.004691
0.004573
0.004468
0.004361
0.004329
0.004222
0.004119
0.004017
0.003926
0.003835
0.003744
0.003652
0.003572
0.003478
0.003388
0.003296
0.003259
0.003328
0.003327
0.003444
0.003432
0.003436
0.003423
0.003415
0.003403
0.003389
0.003374
0.003357
0.003338
0.003317
0.003359
0.003336
0.003318
0.003294
0.003270
0.003245
0.003225
0.003197
0.003168
0.003139
0.003222
0.003192
0.003172
0.003157
0.003129
0.009464
0.009085
0.009821
0.009631
0.009684
0.009612
0.009555
0.009460
0.011370
0.011448
0.011662
0.011746
0.011849
0.011946
0.011999
0.012034
0.012080
0.012076
0.012056
0.012013
0.013124
0.013204
0.013324
0.013395
0.013788
0.013835
0.013903
0.013949
0.013974
0.013985
0.013982
0.013967
0.013939
0.013898
0.013845
0.013783
0.013862
0.013783
0.014912
0.014970
0.015032
0.015093
0.015153
0.015207
0.015259
0.015307
0.016568
0.016566
0.016697
0.017149
0.017208
0.017290
0.017339
0.017389
0.018832
0.018828
0.018962
0.018979
0.019021
0.019074
0.019087
0.019088
0.019078
0.019061
0.019032
0.018993
0.018997
0.018953
0.018903
0.018845
0.018780
0.018709
0.018631
0.018547
0.018970
0.018848
0.018787
0.018879
0.018769
0.018667
0.018547
0.018793
0.039443
0.038303
0.039874
0.039334
0.039525
0.039336
0.039180
0.038899
0.038558
0.038140
0.037673
0.037594
0.037018
0.036427
0.035762
0.035062
0.034317
0.033539
0.032731
0.031931
0.031105
0.030260
0.029421
0.028548
0.027667
0.026812
0.036760
0.036092
0.036162
0.035671
0.035302
0.034863
0.034399
0.033897
0.033365
0.032800
0.032206
0.031588
0.030945
0.030389
0.034992
0.034748
0.034789
0.034592
0.034461
0.034277
0.034089
0.033873
0.033640
0.033385
0.033114
0.032826
0.032519
0.032194
0.032199
0.031839
0.031487
0.031085
0.032227
0.031725
0.031419
0.030906
0.030444
0.029938
0.029420
0.028878
0.028318
0.027741
0.027147
0.026538
0.026795
0.026138
0.025617
0.024959
0.024314
0.023647
0.022972
0.022285
0.027970
0.034431
0.034294
0.034336
0.034048
0.033843
0.033558
0.033254
0.033051
0.032669
0.032264
0.031819
0.031345
0.030841
0.030310
0.029753
0.029173
0.028603
0.028024
0.036064
0.035905
0.036297
0.036238
0.036319
0.036307
0.036297
0.036375
0.036384
0.036293
0.036168
0.036030
0.035852
0.039082
0.039820
0.039856
0.039737
0.039593
0.039462
0.039289
0.039081
0.039074
0.038793
0.038498
0.038155
0.041596
0.044364
0.044503
0.044668
0.044689
0.044716
0.044697
0.044649
0.044783
0.044649
0.044517
0.044355
0.044156
0.043923
0.043658
0.044020
0.043644
0.043348
0.042943
0.042542
0.042917
0.042477
0.042339
0.041894
0.041461
0.040989
0.040502
0.040372
0.039928
0.039486
0.039004
0.038508
0.041407
0.040952
0.040864
0.040460
0.040416
0.040033
0.039668
0.039259
0.038870
0.038442
0.038001
0.037556
0.037099
0.036630
0.038843
0.038147
0.037890
0.037263
0.037502
0.036943
0.036482
0.035938
0.035406
0.034841
0.034267
0.033672
0.036026
0.035806
0.035693
0.036548
0.036591
0.036526
0.036440
0.036343
0.036225
0.036091
0.035939
0.035770
0.035585
0.035384
0.035168
0.034939
0.034702
0.034450
0.034185
0.033908
0.033620
0.033320
0.033008
0.032686
0.032354
0.032105
0.031750
0.031397
0.031134
0.032796
0.032553
0.032393
0.032246
0.032018
0.031810
0.031587
0.031358
0.031487
0.031228
0.030997
0.030728
0.030777
0.030508
0.035027
0.034504
0.035657
0.035221
0.035073
0.034732
0.034427
0.034073
0.037897
0.037289
0.037227
0.036723
0.036335
0.035862
0.035375
0.034848
0.034293
0.034231
0.033836
0.033236
0.032583
0.035856
0.035058
0.034811
0.035609
0.035459
0.034967
0.034458
0.035492
0.034819
0.034381
0.033727
0.033130
0.032485
0.031834
0.031162
0.030476
0.029776
0.031663
0.031013
0.030880
0.032529
0.031946
0.032709
0.033481
0.033101
0.032790
0.034947
0.034375
0.034202
0.033701
0.033804
0.033321
0.032872
0.032351
0.031817
0.031250
0.030660
0.030047
0.029418
0.028770
0.028384
0.049865
0.048542
0.049577
0.048391
0.050714
0.050699
0.050786
0.051320
0.051231
0.051134
0.050934
0.052188
0.052003
0.051858
0.051865
0.051542
0.052103
0.053584
0.053428
0.054140
0.053898
0.053726
0.055344
0.056305
0.056150
0.055869
0.058958
0.058468
0.058405
0.057949
0.058252
0.057781
0.057379
0.056826
0.056251
0.057981
0.057549
0.057204
0.056728
0.056248
0.055723
0.055172
0.056088
0.055682
0.055128
0.054440
0.053737
0.052999
0.052272
0.051537
0.051278
0.051228
0.050434
0.049678
0.049280
0.048431
0.047605
0.046718
0.045820
0.045123
0.044192
0.043252
0.042467
0.041495
0.041238
0.040263
0.039357
0.038445
0.037931
0.037413
0.039798
0.039287
0.039092
0.038303
0.037579
0.036812
0.036007
0.036525
0.035592
0.034826
0.034172
0.034089
0.033162
0.032301
0.031366
0.030411
0.029432
0.028447
0.027442
0.033408
0.032494
0.032114
0.031307
0.030626
0.030421
0.029788
0.029176
0.029079
0.028923
0.028249
0.027562
0.029399
0.028518
0.028746
0.027932
0.027325
0.026611
0.025895
0.025150
0.024397
0.023627
0.022911
0.022662
0.021981
0.021376
0.020666
0.021916
0.021100
0.020536
0.019982
0.019284
0.018915
0.019533
0.018892
0.018326
0.017677
0.017363
0.016697
0.016066
0.015395
0.021774
0.021605
0.021505
0.021158
0.020934
0.020810
0.020540
0.020733
0.020508
0.020316
0.019987
0.019662
0.019358
0.019075
0.018874
0.018573
0.018432
0.018081
0.018317
0.017905
0.017559
0.017135
0.016716
0.016274
0.016734
0.016223
0.016695
0.016323
0.015979
0.015730
0.016067
0.015637
0.028574
0.027474
0.028148
0.027447
0.028228
0.027772
0.030630
0.030172
0.029922
0.029832
0.029379
0.028871
0.028282
0.029801
0.029025
0.028638
0.027871
0.028599
0.028094
0.027578
0.027036
0.026542
0.025970
0.025450
0.024856
0.025866
0.025659
0.025689
0.025143
0.024624
0.024104
0.023548
0.023339
0.022765
0.022220
0.021646
0.021080
0.020700
0.020129
0.019583
0.019109
0.018771
0.018544
0.018299
0.018142
0.018545
0.018330
0.018127
0.017894
0.017655
0.017406
0.017147
0.016879
0.016602
0.016317
0.016120
0.015812
0.016257
0.015902
0.015644
0.015302
0.014980
0.014650
0.014319
0.014126
0.013772
0.013655
0.013297
0.012964
0.012612
0.012278
0.011966
0.011618
0.011270
0.010914
0.010574
0.010234
0.009893
0.010725
0.011195
0.010978
0.010820
0.010596
0.010394
0.010174
0.009954
0.009880
0.009638
0.009422
0.009191
0.009060
0.008815
0.008585
0.008336
0.008160
0.007929
0.007702
0.007465
0.007601
0.008119
0.008855
0.008714
0.008606
0.008611
0.008530
0.008899
0.008918
0.008841
0.008719
0.008592
0.008460
0.008353
0.008279
0.008156
0.008027
0.008109
0.007978
0.008096
0.008442
0.008298
0.008175
0.008015
0.007858
0.007690
0.007516
0.007334
0.007147
0.006955
0.006759
0.006557
0.006414
0.006200
0.005992
0.005788
0.005585
0.005378
0.005171
0.004964
0.005372
0.005186
0.005036
0.004887
0.004733
0.004583
0.004431
0.004277
0.004180
0.004042
0.004564
0.004427
0.004342
0.004214
0.004098
0.003975
0.004027
0.003895
0.003790
0.003661
0.003539
0.003657
0.003730
0.003765
0.003654
0.003551
0.003445
0.003343
0.003462
0.003357
0.003262
0.008076
0.007589
0.008465
0.008127
0.008298
0.008110
0.007989
0.007805
0.007619
0.007408
0.007184
0.006945
0.006696
0.006437
0.006402
0.006107
0.005843
0.005544
0.005302
0.005012
0.004730
0.004443
0.004161
0.003880
0.003602
0.003327
0.003226
0.003249
0.003811
0.003559
0.003372
0.005902
0.005793
0.005783
0.005706
0.005631
0.005555
0.005475
0.005803
0.005716
0.005662
0.005574
0.005488
0.005604
0.005492
0.005661
0.005530
0.005625
0.005511
0.005411
0.005299
0.005196
0.005090
0.004982
0.004867
0.004747
0.004623
0.004494
0.004361
0.004224
0.004085
0.003942
0.003798
0.004035
0.003859
0.003744
0.003580
0.003434
0.003286
0.003140
0.002992
0.002843
0.002694
0.002545
0.002408
0.002281
0.002933
0.002817
0.002799
0.002743
0.002677
0.002605
0.002714
0.002650
0.002612
0.002559
0.002512
0.002463
0.002411
0.002357
0.003012
0.002965
0.002968
0.003070
0.003342
0.003316
0.003320
0.003293
0.003274
0.003247
0.003220
0.003196
0.027273
0.025937
0.027795
0.027195
0.027398
0.027225
0.027088
0.026933
0.026600
0.026199
0.026087
0.025537
0.024966
0.024313
0.023794
0.023052
0.022600
0.022117
0.021414
0.020589
0.019737
0.018900
0.018594
0.017665
0.016805
0.015880
0.014974
0.014069
0.013163
0.012268
0.011382
0.010718
0.009843
0.009019
0.008188
0.007388
0.006832
0.009101
0.008236
0.007785
0.007322
0.007296
0.007223
0.007152
0.007063
0.006965
0.006857
0.006740
0.012306
0.011886
0.012213
0.011960
0.011895
0.015638
0.016830
0.017019
0.017106
0.017039
0.016926
0.016769
0.016698
0.016463
0.016213
0.015929
0.015630
0.015302
0.014949
0.014810
0.014477
0.014078
0.013651
0.013209
0.012754
0.012288
0.011812
0.011467
0.010967
0.010512
0.010514
0.010081
0.009630
0.009144
0.008671
0.008199
0.008202
0.008654
0.008283
0.007927
0.007501
0.007688
0.008545
0.008296
0.021814
0.021148
0.022122
0.021677
0.021849
0.021766
0.021555
0.021275
0.020939
0.023478
0.023017
0.022793
0.022379
0.021984
0.021549
0.021066
0.020546
0.020729
0.020279
0.019823
0.019341
0.018848
0.018341
0.018830
0.018257
0.017813
0.017264
0.016748
0.016219
0.015695
0.015173
0.014686
0.014182
0.013705
0.013250
0.012807
0.013475
0.014214
0.013876
0.013559
0.013380
0.013352
0.013313
0.013258
0.013205
0.013158
0.013098
0.013169
0.013094
0.013013
0.012920
0.012819
0.012709
0.013519
0.013509
0.013512
0.013499
0.013486
0.013468
0.013448
0.013423
0.013396
0.013365
0.013333
0.013313
0.013300
0.013283
0.013263
0.013239
0.013213
0.013185
0.013153
0.013120
0.013087
0.013623
0.013610
0.013639
0.013637
0.013661
0.013679
0.013694
0.013705
0.013741
0.013748
0.015484
0.015507
0.015657
0.015703
0.015779
0.015836
0.016029
0.016083
0.016620
0.016637
0.016713
0.016733
0.016851
0.016868
0.016885
0.016889
0.016888
0.016878
0.016861
0.016837
0.016806
0.016768
0.016886
0.016851
0.016817
0.016772
0.017888
0.017851
0.017914
0.017891
0.017893
0.017904
0.017889
0.017868
0.017839
0.017805
0.017810
0.017765
0.017719
0.017667
0.017609
0.017547
0.040281
0.039037
0.041009
0.040439
0.040648
0.040475
0.040338
0.040072
0.039752
0.039349
0.038876
0.038335
0.037732
0.037071
0.036358
0.036130
0.035298
0.034499
0.034403
0.033465
0.032598
0.031632
0.030673
0.029691
0.028701
0.027703
0.026783
0.025774
0.025215
0.024216
0.024000
0.022986
0.022102
0.021144
0.020234
0.019327
0.018442
0.019836
0.018871
0.022088
0.021032
0.021082
0.020768
0.020585
0.020327
0.050345
0.048813
0.050867
0.050140
0.050335
0.050020
0.049715
0.049585
0.049002
0.048341
0.047554
0.046680
0.045715
0.044670
0.043851
0.042662
0.041849
0.042042
0.040779
0.039529
0.038187
0.036832
0.035456
0.034066
0.032659
0.031239
0.029811
0.028378
0.026946
0.025519
0.024247
0.022855
0.021496
0.021132
0.019858
0.018775
0.017618
0.016516
0.015424
0.014360
0.013321
0.012663
0.012115
0.011531
0.010958
0.010396
0.010579
0.010393
0.010250
0.010069
0.019224
0.018814
0.019373
0.019205
0.026895
0.026606
0.027102
0.026948
0.028972
0.029060
0.029286
0.029329
0.031649
0.032322
0.032400
0.033049
0.037611
0.037523
0.037815
0.037722
0.037681
0.039013
0.038766
0.040109
0.040064
0.039989
0.039873
0.039695
0.039525
0.039260
0.038960
0.038613
0.038236
0.037821
0.037394
0.036903
0.036381
0.036042
0.035481
0.034911
0.034758
0.034149
0.033547
0.034606
0.035369
0.034767
0.034621
0.033960
0.033525
0.032854
0.032196
0.031490
0.030772
0.030032
0.029274
0.028823
0.028218
0.030288
0.029987
0.045838
0.044307
0.045095
0.057171
0.055771
0.056192
0.054976
0.054252
0.053185
0.052109
0.050886
0.058266
0.056520
0.055825
0.054169
0.052732
0.051112
0.049458
0.056944
0.054748
0.053614
0.051503
0.050174
0.050299
0.048472
0.046713
0.044808
0.042911
0.040968
0.039000
0.037009
0.035215
0.033191
0.031187
0.029512
0.031334
0.032953
0.031258
0.029822
0.028140
0.030573
0.029873
0.029388
0.028952
0.028254
0.027569
0.026806
0.026020
0.025277
0.024488
0.023687
0.022860
0.022020
0.021249
0.032372
0.033213
0.033659
0.033332
0.033126
0.033003
0.041159
0.041028
0.041243
0.041114
0.041167
0.040967
0.040723
0.042823
0.042595
0.042432
0.042130
0.041904
0.041528
0.042752
0.042267
0.041901
0.042543
0.042037
0.041614
0.041040
0.041811
0.041209
0.040665
0.040000
0.039319
0.041741
0.041153
0.040712
0.040101
0.039501
0.039056
0.038378
0.037681
0.036942
0.036192
0.035615
0.034817
0.037499
0.037011
0.036441
0.040059
0.039224
0.038803
0.038415
0.037704
0.036971
0.036173
0.035346
0.034776
0.033891
0.032986
0.032051
0.031102
0.030126
0.029126
0.028104
0.029584
0.028619
0.027863
0.026964
0.026298
0.025392
0.024502
0.023811
0.022891
0.021993
0.021058
0.020121
0.023519
0.026448
0.026023
0.025549
0.024989
0.024434
0.023852
0.023342
0.022727
0.022144
0.021549
0.020946
0.020375
0.019814
0.019274
0.018776
0.018295
0.017819
0.017422
0.017032
0.017902
0.017414
0.017083
0.016663
0.016217
0.015749
0.016422
0.015893
0.015472
0.015099
0.014648
0.014129
0.013597
0.013566
0.013019
0.012495
0.014442
0.013997
0.013666
0.013239
0.012832
0.012407
0.011977
0.011692
0.014062
0.013623
0.013457
0.013930
0.013689
0.013519
0.013447
0.013201
0.012950
0.012670
0.012378
0.012069
0.011746
0.011408
0.013337
0.012859
0.012682
0.012353
0.013195
0.013996
0.013715
0.013499
0.013179
0.012870
0.012529
0.012175
0.011862
0.011471
0.011096
0.011815
0.011396
0.011094
0.010670
0.010317
0.009895
0.009581
0.009182
0.008751
0.008303
0.007853
0.007398
0.006941
0.006482
0.006023
0.005564
0.005109
0.004720
0.004355
0.003992
0.003640
0.003305
0.003011
0.003362
0.003119
0.002907
0.002683
0.002521
0.002321
0.002261
0.002062
0.001882
0.001732
0.002455
0.002320
0.002263
0.002156
0.002065
0.001967
0.009975
0.014344
0.014669
0.014924
0.014970
0.015505
0.015460
0.015431
0.015310
0.015785
0.015567
0.015374
0.016193
0.015888
0.018396
0.017900
0.017765
0.018585
0.018344
0.018262
0.018070
0.018366
0.017982
0.017643
0.017219
0.016800
0.016358
0.015896
0.015415
0.014916
0.014403
0.013889
0.013491
0.012965
0.018857
0.017997
0.018208
0.017583
0.017141
0.016584
0.034902
0.037400
0.038254
0.037870
0.037684
0.037344
0.036940
0.036442
0.037027
0.036442
0.035847
0.037262
0.036662
0.036454
0.035793
0.035118
0.034379
0.033595
0.032762
0.032756
0.031815
0.030929
0.034584
0.033673
0.033086
0.032295
0.032219
0.031516
0.030708
0.030734
0.029961
0.029157
0.028341
0.027503
0.026655
0.025795
0.024929
0.024061
0.023190
0.022383
0.021508
0.020645
0.021237
0.020277
0.019556
0.020138
0.019671
0.019442
0.019026
0.018988
0.018571
0.018185
0.017857
0.017433
0.017017
0.016580
0.016138
0.015685
0.015872
0.015930
0.015512
0.015104
0.014666
0.014238
0.013803
0.013387
0.012970
0.013294
0.012944
0.012700
0.012503
0.012266
0.012043
0.011804
0.011562
0.011313
0.011364
0.011086
0.011000
0.015496
0.019271
0.019132
0.019409
0.019283
0.019303
0.019232
0.019160
0.019050
0.018918
0.018760
0.018580
0.018378
0.021336
0.021658
0.021647
0.021307
0.021040
0.020711
0.020643
0.020381
0.020114
0.019901
0.019730
0.019473
0.019219
0.018952
0.019901
0.019696
0.019829
0.019627
0.019830
0.019657
0.019504
0.021094
0.020791
0.020768
0.020547
0.020484
0.020383
0.020290
0.020179
0.020059
0.021101
0.020873
0.020814
0.020636
0.020843
0.021219
0.021056
0.020925
0.020778
0.020812
0.020613
0.020429
0.020216
0.021978
0.022665
0.022817
0.023429
0.023346
0.023259
0.023143
0.023154
0.023026
0.022898
0.022746
0.022584
0.022410
0.022225
0.022232
0.034534
0.033818
0.034590
0.034100
0.035008
0.034749
0.034551
0.034238
0.033898
0.033503
0.033105
0.032767
0.032296
0.031767
0.031206
0.030614
0.029998
0.029361
0.029213
0.028574
0.027955
0.027306
0.026654
0.025994
0.025520
0.024844
0.024437
0.023764
0.023124
0.022475
0.021836
0.021215
0.020582
0.019956
0.019337
0.018727
0.018253
0.017663
0.017095
0.016529
0.016025
0.015785
0.015543
0.015298
0.015051
0.014800
0.014666
0.014402
0.014154
0.013888
0.013626
0.013360
0.016167
0.015975
0.015967
0.015646
0.015418
0.015144
0.014872
0.014580
0.014279
0.013970
0.013651
0.013321
0.012985
0.012643
0.012293
0.011936
0.011572
0.011947
0.011601
0.011307
0.011297
0.013532
0.013088
0.012957
0.012567
0.012257
0.011904
0.011665
0.011322
0.013536
0.013162
0.013059
0.012769
0.012521
0.012370
0.012080
0.011901
0.011592
0.011298
0.011091
0.010785
0.010559
0.010314
0.010061
0.009796
0.009612
0.009380
0.009096
0.008806
0.008506
0.008202
0.007892
0.007581
0.007272
0.006962
0.006651
0.006340
0.006039
0.005747
0.005460
0.005684
0.005394
0.006239
0.006006
0.005913
0.006074
0.005999
0.005903
0.005790
0.005685
0.005571
0.005454
0.005605
0.005465
0.005385
0.005246
0.005117
0.004975
0.005172
0.005013
0.006295
0.006062
0.006021
0.007001
0.006842
0.006989
0.006819
0.006703
0.006541
0.006385
0.006216
0.006084
0.006037
0.005917
0.006033
0.005886
0.006553
0.006372
0.006251
0.006073
0.005911
0.005734
0.005558
0.005375
0.005194
0.005012
0.004828
0.012618
0.012808
0.013208
0.013056
0.013044
0.013122
0.013023
0.012907
0.012751
0.012593
0.012397
0.012178
0.011976
0.011726
0.011479
0.011208
0.010961
0.010657
0.011542
0.011221
0.010986
0.010661
0.010348
0.010012
0.010340
0.009994
0.009694
0.009352
0.009607
0.009211
0.008989
0.008600
0.008268
0.007915
0.007568
0.007215
0.006862
0.006507
0.006152
0.005799
0.005974
0.005628
0.005330
0.005002
0.004698
0.004395
0.004640
0.004538
0.004505
0.004419
0.004346
0.004267
0.005633
0.005565
0.005584
0.013873
0.013857
0.014454
0.014554
0.014815
0.014979
0.015151
0.015312
0.015423
0.015505
0.015576
0.016325
0.016309
0.016474
0.016428
0.016398
0.016326
0.016240
0.016747
0.016647
0.016570
0.016442
0.016537
0.016366
0.016217
0.016272
0.016079
0.015888
0.015714
0.016181
0.015991
0.015841
0.015649
0.016186
0.016399
0.025589
0.025683
0.026338
0.026123
0.026117
0.025982
0.025832
0.025631
0.025399
0.025128
0.025417
0.025133
0.024848
0.024509
0.024155
0.023773
0.023394
0.022962
0.022519
0.022055
0.021592
0.021113
0.020622
0.020119
0.019839
0.019343
0.018856
0.018380
0.017917
0.017446
0.016973
0.016498
0.016021
0.015544
0.018492
0.018403
0.018248
0.017840
0.017479
0.017374
0.016996
0.016639
0.024251
0.023810
0.024037
0.023739
0.023592
0.023430
0.023197
0.022940
0.022651
0.022337
0.021999
0.021639
0.023763
0.023227
0.023005
0.022514
0.026108
0.025904
0.025930
0.026551
0.026423
0.026567
0.026409
0.026524
0.026312
0.026188
0.025955
0.025700
0.025414
0.025110
0.024785
0.024926
0.024922
0.024559
0.024198
0.023859
0.024586
0.024188
0.023886
0.025046
0.024587
0.024307
0.023854
0.023435
0.022976
0.022505
0.023179
0.022641
0.022208
0.021669
0.021310
0.021172
0.020652
0.023091
0.022633
0.023185
0.022822
0.022517
0.022124
0.021736
0.021318
0.020887
0.020745
0.020268
0.019819
0.019330
0.018907
0.018421
0.017926
0.017419
0.027642
0.026544
0.026865
0.026140
0.025726
0.025683
0.025122
0.024538
0.026479
0.025720
0.025912
0.025108
0.024443
0.024853
0.024031
0.025989
0.025094
0.024454
0.023666
0.023993
0.023248
0.022540
0.023649
0.022809
0.022199
0.022287
0.021483
0.020885
0.020207
0.019644
0.019807
0.020644
0.020296
0.019799
0.019569
0.019041
0.018531
0.019784
0.019289
0.018880
0.022932
0.022499
0.022633
0.022323
0.022802
0.022537
0.022318
0.022019
0.021803
0.021516
0.021217
0.020882
0.022332
0.022123
0.021978
0.021757
0.022718
0.023803
0.023673
0.023588
0.023353
0.023114
0.026852
0.026544
0.026596
0.026328
0.026121
0.025849
0.025559
0.025232
0.024879
0.024506
0.024106
0.025662
0.025312
0.025081
0.025733
0.025427
0.025517
0.025148
0.024876
0.024480
0.024085
0.023730
0.023283
0.023873
0.023332
0.023719
0.023245
0.022811
0.022293
0.021777
0.021238
0.020685
0.020117
0.020980
0.020646
0.021534
0.021138
0.020852
0.020801
0.021162
0.020797
0.020453
0.020056
0.019657
0.019241
0.018835
0.018711
0.019439
0.019191
0.044769
0.043147
0.044938
0.044141
0.044133
0.054181
0.053474
0.053744
0.053294
0.052845
0.052439
0.053492
0.052852
0.052245
0.051463
0.050638
0.049729
0.051179
0.050359
0.049656
0.048789
0.048886
0.048397
0.047539
0.046637
0.045687
0.044710
0.043720
0.042867
0.041842
0.040827
0.039997
0.039042
0.038026
0.037005
0.035986
0.037351
0.036416
0.035727
0.034850
0.034079
0.033876
0.033659
0.033425
0.033176
0.033356
0.033430
0.033146
0.032849
0.032660
0.032603
0.032258
0.031891
0.031620
0.031202
0.030780
0.030844
0.030383
0.030764
0.030324
0.030881
0.030465
0.030099
0.029686
0.029395
0.028957
0.028517
0.028458
0.027992
0.027542
0.027052
0.026562
0.026057
0.028220
0.029107
0.028963
0.028633
0.028528
0.028183
0.027846
0.028047
0.027716
0.027585
0.027450
0.027387
0.027303
0.027204
0.027469
0.027326
0.027206
0.027044
0.026937
0.026767
0.026612
0.026421
0.026218
0.026000
0.025894
0.025750
0.025510
0.026244
0.025928
0.025925
0.025635
0.026359
0.026044
0.025825
0.025774
0.025468
0.025656
0.025361
0.025058
0.024717
0.024366
0.024000
0.023622
0.023231
0.022828
0.022414
0.021990
0.021616
0.021171
0.020966
0.020514
0.020086
0.019640
0.019206
0.018764
0.018573
0.019260
0.020145
0.019772
0.025568
0.025254
0.025398
0.027466
0.027295
0.027941
0.027936
0.028657
0.028493
0.028666
0.028572
0.028429
0.028248
0.028049
0.027824
0.027586
0.027376
0.027267
0.027120
0.026922
0.026694
0.026459
0.026202
0.027686
0.027441
0.027273
0.026965
0.026693
0.026395
0.026093
0.025773
0.025444
0.025102
0.024758
0.024972
0.024611
0.024297
0.023961
0.023599
0.023236
0.022899
0.022516
0.022130
0.021735
0.021592
0.021166
0.020891
0.020474
0.020085
0.019687
0.019288
0.018894
0.018499
0.018129
0.017727
0.017337
0.016952
0.016564
0.016175
0.015784
0.015427
0.015351
0.014960
0.014595
0.014215
0.013841
0.013462
0.013083
0.012739
0.012370
0.011990
0.011607
0.011224
0.011077
0.010680
0.010317
0.009931
0.009560
0.009190
0.009240
0.008901
0.008629
0.008319
0.008048
0.007768
0.009562
0.009919
0.009880
0.009926
0.009811
0.009700
0.009687
0.010338
0.010168
0.013107
0.012701
0.012809
0.012516
0.012407
0.012168
0.011942
0.011682
0.011412
0.011124
0.011401
0.011136
0.010900
0.010630
0.010413
0.010138
0.010146
0.009892
0.010669
0.010390
0.010195
0.012281
0.011842
0.011935
0.011847
0.011765
0.011470
0.011191
0.010912
0.010604
0.010308
0.009974
0.009632
0.009738
0.009399
0.009185
0.008846
0.008519
0.008239
0.008140
0.007790
0.007620
0.007311
0.007022
0.007311
0.006966
0.006784
0.006456
0.006280
0.005978
0.005714
0.005531
0.005471
0.005216
0.004967
0.004719
0.004486
0.004315
0.004139
0.003990
0.003814
0.003641
0.003468
0.003295
0.003124
0.002952
0.002797
0.002643
0.002490
0.002729
0.002918
0.002820
0.002718
0.003894
0.003756
0.003762
0.003700
0.003638
0.003580
0.003827
0.003830
0.003794
0.003997
0.003928
0.003887
0.003817
0.003994
0.012117
0.011804
0.012411
0.012180
0.012221
0.012122
0.012031
0.011890
0.011724
0.011528
0.011305
0.011055
0.010780
0.010484
0.010579
0.010224
0.010120
0.009744
0.009946
0.009518
0.009176
0.008753
0.008349
0.007997
0.007611
0.007339
0.007447
0.007036
0.006673
0.006276
0.005896
0.005514
0.005418
0.005122
0.004800
0.004807
0.004502
0.004236
0.003954
0.003733
0.003463
0.003250
0.003180
0.003111
0.003035
0.002957
0.002876
0.002868
0.002792
0.002988
0.002909
0.002994
0.002901
0.002830
0.002748
0.002687
0.002622
0.002555
0.013892
0.013519
0.014328
0.014235
0.014643
0.014679
0.019158
0.019511
0.020065
0.020429
0.020811
0.021152
0.021458
0.021724
0.021953
0.022145
0.022299
0.022417
0.022688
0.022725
0.022754
0.022729
0.022677
0.022590
0.022472
0.022324
0.022316
0.022117
0.021901
0.021648
0.021371
0.021067
0.020744
0.020399
0.020133
0.019746
0.019345
0.018920
0.018476
0.018014
0.017535
0.024200
0.023830
0.024076
0.028899
0.028765
0.028979
0.028710
0.028544
0.028283
0.027995
0.027654
0.027271
0.026846
0.026480
0.026498
0.026011
0.025492
0.024891
0.024661
0.024569
0.023933
0.023833
0.023113
0.022452
0.021712
0.020972
0.020206
0.019427
0.018631
0.024891
0.024416
0.024445
0.024031
0.023718
0.023341
0.023129
0.022746
0.022359
0.021953
0.021536
0.021307
0.020933
0.020706
0.020346
0.020077
0.019820
0.019550
0.019263
0.018962
0.018771
0.020719
0.020762
0.020674
0.024521
0.024383
0.024534
0.024500
0.024517
0.024415
0.025174
0.025210
0.025268
0.025364
0.029421
0.029246
0.030337
0.030159
0.030246
0.030131
0.030046
0.029904
0.030750
0.030658
0.030547
0.031026
0.030893
0.030783
0.030615
0.030439
0.030238
0.030380
0.030169
0.029979
0.029744
0.029517
0.029257
0.029090
0.028805
0.028990
0.029330
0.029161
0.028997
0.029239
0.029041
0.028882
0.028701
0.028520
0.028338
0.028159
0.027977
0.027790
0.027599
0.027464
0.027321
0.027279
0.027248
0.027142
0.027079
0.026955
0.026888
0.026752
0.026616
0.026463
0.026311
0.026160
0.025998
0.025825
0.025641
0.025537
0.025331
0.026076
0.025905
0.025804
0.025643
0.025494
0.028108
0.027793
0.027837
0.027916
0.027735
0.027590
0.027638
0.027397
0.027297
0.027016
0.026749
0.026446
0.026136
0.025808
0.025815
0.025444
0.025115
0.024731
0.025561
0.025256
0.025013
0.026242
0.025894
0.025888
0.025583
0.025374
0.025123
0.025969
0.025726
0.026479
0.026260
0.026094
0.025875
0.025652
0.025414
0.025331
0.025200
0.025233
0.024962
0.024704
0.024427
0.024140
0.023839
0.023527
0.023204
0.022873
0.022532
0.022187
0.021833
0.022482
0.022075
0.021777
0.022252
0.022450
0.022121
0.021755
0.022131
0.023186
0.022888
0.022612
0.022525
0.022221
0.021907
0.021633
0.021291
0.020941
0.020835
0.020476
0.020124
0.019870
0.019503
0.019148
0.018777
0.022603
0.022156
0.022094
0.021750
0.021490
0.021270
0.022842
0.022653
0.022760
0.022539
0.022385
0.023136
0.022860
0.022772
0.022500
0.022266
0.021997
0.021724
0.021437
0.021140
0.020860
0.020835
0.020535
0.020290
0.023663
0.023214
0.023247
0.023432
0.023217
0.022968
0.022926
0.022646
0.022682
0.022359
0.022080
0.022403
0.022131
0.022025
0.021747
0.021483
0.021199
0.020908
0.020636
0.020362
0.020768
0.020486
0.020261
0.020018
0.022921
0.022628
0.023928
0.023869
0.023842
0.023698
0.023688
0.023547
0.023519
0.023358
0.023204
0.023026
0.022853
0.022660
0.022464
0.022259
0.022115
0.021968
0.021972
0.021826
0.021680
0.021517
0.021348
0.021168
0.021419
0.021191
0.021232
0.021000
0.021167
0.020953
0.020762
0.020548
0.020332
0.020234
0.020749
0.020558
0.020647
0.020442
0.020265
0.022632
0.022294
0.022371
0.022127
0.023969
0.023830
0.024465
0.024599
0.024650
0.024632
0.024676
0.024656
0.024622
0.024571
0.024505
0.024426
0.024335
0.024230
0.024267
0.024138
0.024008
0.023992
0.023858
0.023823
0.023647
0.023575
0.023394
0.023228
0.023032
0.022827
0.022655
0.022434
0.022209
0.021979
0.021746
0.021508
0.021265
0.021017
0.020765
0.020512
0.020416
0.020894
0.022744
0.022440
0.022378
0.022110
0.022046
0.021808
0.021584
0.021333
0.021265
0.021072
0.020814
0.020535
0.020296
0.020008
0.019738
0.021561
0.021261
0.021137
0.020862
0.020628
0.020368
0.020134
0.019866
0.019597
0.019351
0.019064
0.019269
0.018936
0.018673
0.018348
0.018074
0.017752
0.017439
0.017119
0.016797
0.016476
0.016171
0.015847
0.015538
0.015239
0.015261
0.015039
0.014874
0.014658
0.014543
0.014341
0.017115
0.017150
0.017200
0.017097
0.017083
0.017006
0.016934
0.017068
0.017036
0.017023
0.016991
0.016961
0.017357
0.017299
0.017350
0.017304
0.017452
0.017434
0.017431
0.017518
0.017484
0.017505
0.017794
0.017729
0.017707
0.017637
0.017575
0.017502
0.017426
0.017341
0.017250
0.017332
0.017297
0.017191
0.017078
0.016953
0.016828
0.016720
0.016590
0.016463
0.017744
0.017651
0.017633
0.017581
0.017519
0.017561
0.017477
0.017399
0.017309
0.017214
0.017112
0.017003
0.016898
0.016786
0.016670
0.016722
0.016679
0.016565
0.016779
0.018433
0.018286
0.018672
0.018513
0.018441
0.018303
0.018170
0.018015
0.017963
0.017790
0.017617
0.017455
0.017253
0.017051
0.016871
0.016644
0.016575
0.016332
0.016095
0.015840
0.015581
0.015313
0.015041
0.014921
0.014630
0.014792
0.015232
0.015007
0.014782
0.014538
0.014317
0.014085
0.013855
0.013608
0.013356
0.013098
0.012839
0.012845
0.012583
0.012422
0.012167
0.011926
0.011669
0.011411
0.011147
0.010878
0.010606
0.010625
0.010353
0.010100
0.009826
0.009556
0.009280
0.009004
0.011106
0.010711
0.010647
0.010340
0.010111
0.009843
0.010024
0.009739
0.009506
0.009266
0.008990
0.008710
0.008419
0.008124
0.007831
0.007750
0.007437
0.007163
0.006876
0.006585
0.006289
0.006025
0.005736
0.005468
0.005201
0.004933
0.004665
0.004397
0.004129
0.003862
0.003596
0.003350
0.003159
0.002926
0.002708
0.002488
0.002273
0.002069
0.001882
0.001714
0.001554
0.001455
0.004970
0.005537
0.005770
0.005867
0.005877
0.005865
0.005843
0.005799
0.005742
0.005669
0.005784
0.005680
0.005632
0.005513
0.005391
0.005432
0.005432
0.005310
0.005169
0.005022
0.007579
0.007284
0.007342
0.007119
0.007096
0.006919
0.006997
0.006794
0.006667
0.006451
0.006243
0.006018
0.009404
0.008985
0.009239
0.008910
0.008723
0.008457
0.008201
0.007951
0.007660
0.007412
0.007188
0.006955
0.006709
0.006861
0.006607
0.006394
0.006136
0.005891
0.005640
0.005392
0.005138
0.005652
0.005498
0.005357
0.005100
0.004862
0.004611
0.004508
0.004259
0.004083
0.003902
0.004134
0.003986
0.003851
0.003708
0.003714
0.004889
0.004694
0.004662
0.004639
0.004514
0.004383
0.004499
0.004400
0.004367
0.004408
0.004358
0.004308
0.004249
0.004185
0.004114
0.004039
0.003959
0.003875
0.003815
0.003725
0.003633
0.003537
0.003446
0.003346
0.003245
0.003246
0.003151
0.003158
0.003135
0.003054
0.003001
0.002914
0.002830
0.002743
0.005376
0.005083
0.005799
0.005577
0.005697
0.005549
0.005486
0.005381
0.005278
0.005158
0.005030
0.005949
0.005744
0.005672
0.005580
0.005427
0.005255
0.005082
0.004891
0.004693
0.004490
0.004284
0.004199
0.004352
0.004521
0.004352
0.004188
0.004012
0.003837
0.003693
0.003517
0.003341
0.003164
0.002989
0.002817
0.002648
0.002489
0.002426
0.002395
0.002300
0.002204
0.002105
0.002005
0.001956
0.001865
0.001777
0.001686
0.001600
0.001523
0.001452
0.001381
0.001309
0.001241
0.001183
0.001119
0.001052
0.000985
0.000918
0.000853
0.000791
0.000729
0.000668
0.000608
0.000548
0.000492
0.000444
0.000436
0.000401
0.001563
0.001504
0.001578
0.001592
0.001598
0.001597
0.001599
0.001621
0.001606
0.001592
0.001623
0.001610
0.001626
0.001605
0.001584
0.001558
0.001529
0.001497
0.001462
0.001465
0.010899
0.010612
0.011315
0.011258
0.011415
0.011466
0.012309
0.012244
0.012278
0.012176
0.012087
0.012220
0.012689
0.012509
0.012340
0.012107
0.011860
0.011584
0.011561
0.011415
0.011120
0.010844
0.010501
0.010197
0.009826
0.009463
0.009071
0.008675
0.008268
0.007857
0.007440
0.007020
0.006598
0.006176
0.005754
0.005341
0.004935
0.004534
0.004281
0.003889
0.003517
0.004538
0.004076
0.003852
0.003495
0.003327
0.003001
0.002944
0.002861
0.002780
0.002691
0.002597
0.002499
0.002397
0.002291
0.002183
0.002072
0.001964
0.001858
0.001750
0.001642
0.001533
0.001424
0.001316
0.001213
0.001114
0.001016
0.000926
0.000831
0.000737
0.000647
0.000558
0.000473
0.000451
0.000371
0.000517
0.000506
0.000462
0.000446
0.000424
0.000408
0.000400
0.000391
0.000381
0.000371
0.000359
0.000351
0.000343
0.000520
0.000496
0.000501
0.000916
0.000893
0.000911
0.000895
0.000887
0.000875
0.000861
0.000845
0.000827
0.000807
0.000787
0.000765
0.000742
0.000718
0.000693
0.000666
0.001504
0.001453
0.001492
0.001471
0.001460
0.001445
0.001428
0.001407
0.001383
0.001355
0.001325
0.001294
0.001260
0.001316
0.001271
0.001239
0.002232
0.002136
0.002178
0.002114
0.002083
0.002034
0.001986
0.001932
0.001873
0.001810
0.001803
0.001729
0.001719
0.001641
0.001677
0.002236
0.002156
0.002130
0.002056
0.001993
0.001923
0.001851
0.001867
0.002624
0.002607
0.002584
0.002491
0.002413
0.002326
0.002237
0.002149
0.002686
0.002577
0.002546
0.002452
0.002428
0.002338
0.002253
0.002159
0.002082
0.001982
0.001904
0.001874
0.001792
0.002359
0.002235
0.002204
0.002093
0.002009
0.001911
0.001816
0.001716
0.001616
0.001513
0.001443
0.001340
0.001242
0.001140
0.001042
0.000948
0.000852
0.000773
0.000695
0.000631
0.000579
0.000529
0.000480
0.000432
0.000385
0.000339
0.000294
0.000251
0.000223
0.000197
0.000171
0.000146
0.000137
0.000573
0.000526
0.000642
0.007653
0.007607
0.008135
0.008112
0.008229
0.008781
0.008791
0.008836
0.008806
0.008767
0.008697
0.008605
0.008489
0.008352
0.008194
0.008018
0.007824
0.007615
0.007391
0.007163
0.006913
0.006653
0.006383
0.006105
0.005819
0.005528
0.005232
0.004943
0.004640
0.004337
0.004033
0.003729
0.003426
0.003126
0.002831
0.002590
0.002301
0.002026
0.001762
0.001507
0.005863
0.005503
0.005627
0.005395
0.005275
0.006036
0.006002
0.006084
0.006180
0.006181
0.006171
0.006137
0.006089
0.006024
0.005945
0.005852
0.005745
0.005626
0.005495
0.005354
0.005203
0.005077
0.004907
0.004886
0.004713
0.004545
0.004365
0.004248
0.005947
0.005701
0.005654
0.005449
0.005290
0.005191
0.005197
0.005002
0.004843
0.004852
0.004634
0.004441
0.004301
0.004087
0.003871
0.003651
0.003555
0.003332
0.003122
0.003021
0.002929
0.002833
0.002733
0.002629
0.002543
0.002435
0.002326
0.002214
0.002101
0.001986
0.001871
0.001755
0.001823
0.001702
0.001601
0.001487
0.001378
0.001270
0.001162
0.001079
0.000972
0.001835
0.001693
0.001703
0.001597
0.001530
0.001472
0.001448
0.001420
0.001389
0.001882
0.001817
0.001819
0.002165
0.002120
0.002107
0.002044
0.001998
0.001941
0.001883
0.001820
0.001754
0.001685
0.001612
0.001538
0.001461
0.001383
0.001304
0.001224
0.001144
0.001063
0.000985
0.000908
0.000832
0.000756
0.000682
0.000609
0.000537
0.000522
0.000477
0.000420
0.000372
0.000338
0.000305
0.000274
0.000243
0.000213
0.000192
0.000221
0.000374
0.000352
0.000363
0.000353
0.000350
0.000342
0.000336
0.000338
0.000328
0.000581
0.000557
0.001030
0.000999
0.001025
0.001009
0.002274
0.002198
0.002297
0.002255
0.006973
0.006863
0.007186
0.007133
0.010892
0.010681
0.010954
0.010822
0.010796
0.010746
0.010638
0.010497
0.010454
0.010298
0.010089
0.009852
0.009594
0.009316
0.009021
0.008709
0.008383
0.008292
0.007935
0.007993
0.007613
0.007275
0.006897
0.006525
0.006146
0.005786
0.005402
0.005021
0.004639
0.004261
0.003885
0.003514
0.003148
0.002853
0.002537
0.002237
0.001940
0.001920
0.001639
0.001386
0.001164
0.001007
0.001099
0.001062
0.001043
0.001008
0.001376
0.001331
0.001329
0.001280
0.001248
0.001207
0.001167
0.001124
0.001080
0.001038
0.001497
0.001460
0.001452
0.001422
0.001395
0.001550
0.001581
0.001697
0.001728
0.001735
0.001739
0.010035
0.009860
0.010678
0.010649
0.010816
0.010882
0.010942
0.010994
0.010987
0.010961
0.015215
0.014953
0.015162
0.014968
0.014868
0.014693
0.014500
0.014267
0.014005
0.013711
0.013391
0.013044
0.012674
0.012351
0.011943
0.011522
0.011118
0.010666
0.010204
0.009731
0.009249
0.008761
0.008268
0.007772
0.007274
0.006777
0.006280
0.005787
0.005301
0.004817
0.004340
0.003870
0.003411
0.003214
0.002773
0.002376
0.002124
0.001949
0.001774
0.001603
0.001457
0.001331
0.001207
0.001086
0.001149
0.001025
0.000992
0.000957
0.000923
0.000887
0.000850
0.000818
0.000839
0.000895
0.000913
0.000888
0.000985
0.000948
0.000930
0.000928
0.000900
0.009808
0.009497
0.010167
0.010086
0.010229
0.010264
0.010297
0.010301
0.010279
0.010210
0.011092
0.010922
0.010856
0.010805
0.010622
0.010424
0.010192
0.010778
0.010604
0.010710
0.010396
0.010113
0.009795
0.009468
0.013291
0.013253
0.013325
0.013229
0.013144
0.013037
0.012913
0.012780
0.012622
0.012449
0.012324
0.012120
0.011923
0.011717
0.011525
0.011294
0.011056
0.010804
0.010611
0.010335
0.010060
0.009769
0.010286
0.009955
0.012806
0.012584
0.012522
0.012357
0.012353
0.012271
0.012107
0.011926
0.011728
0.011518
0.011468
0.011227
0.010991
0.010730
0.010480
0.014738
0.014471
0.014583
0.014380
0.014301
0.014125
0.013970
0.013766
0.013551
0.013315
0.013062
0.014549
0.014452
0.014438
0.014342
0.014273
0.014211
0.014137
0.014109
0.014005
0.013981
0.014073
0.013939
0.014347
0.015156
0.015056
0.015012
0.014924
0.014816
0.014685
0.014541
0.014421
0.014259
0.014087
0.013899
0.013698
0.013485
0.013260
0.013024
0.012776
0.012603
0.012333
0.012134
0.011850
0.011567
0.011272
0.010985
0.010677
0.010365
0.010044
0.009722
0.009437
0.009159
0.008874
0.008641
0.008402
0.008158
0.007911
0.007660
0.007538
0.007431
0.007186
0.006935
0.006679
0.006421
0.006161
0.005902
0.005643
0.005488
0.005222
0.004986
0.004746
0.004507
0.004266
0.004083
0.003876
0.003638
0.003399
0.003158
0.003159
0.002907
0.003709
0.003438
0.003283
0.003043
0.002827
0.002600
0.002373
0.002220
0.002092
0.002018
0.001964
0.001906
0.001893
0.001830
0.001782
0.001735
0.001687
0.001637
0.001584
0.001528
0.001470
0.001411
0.001350
0.001287
0.001225
0.001164
0.001103
0.001192
0.001129
0.001079
0.001019
0.001051
0.000990
0.000939
0.000880
0.000824
0.000768
0.002399
0.002984
0.003163
0.006944
0.006769
0.007016
0.006877
0.006851
0.006761
0.006701
0.006661
0.008091
0.008767
0.008775
0.008757
0.008689
0.008614
0.008648
0.008534
0.008417
0.008302
0.008149
0.008290
0.008098
0.007947
0.007763
0.007567
0.007360
0.007158
0.006947
0.006732
0.006539
0.006414
0.006184
0.005966
0.005734
0.005506
0.005484
0.005623
0.005541
0.005339
0.005131
0.004971
0.004892
0.004792
0.004687
0.004579
0.004691
0.007543
0.007216
0.007354
0.007119
0.007016
0.006849
0.006711
0.006552
0.006385
0.006206
0.006042
0.005891
0.006150
0.005952
0.005792
0.005598
0.005421
0.005422
0.005229
0.005051
0.005740
0.005572
0.005458
0.005428
0.005299
0.005282
0.007788
0.007512
0.007578
0.007382
0.007453
0.007322
0.007206
0.007108
0.006966
0.006821
0.006715
0.006625
0.006526
0.006450
0.011882
0.011468
0.011771
0.011505
0.011416
0.012675
0.012422
0.012925
0.012619
0.012436
0.012137
0.011852
0.011530
0.013068
0.012986
0.012815
0.013026
0.012628
0.012291
0.011878
0.013407
0.012940
0.012661
0.012218
0.011789
0.011331
0.010869
0.010438
0.010024
0.009603
0.009187
0.008757
0.008326
0.007923
0.008030
0.007598
0.007560
0.007175
0.006812
0.006419
0.006109
0.005872
0.005835
0.005590
0.005485
0.005256
0.005148
0.004955
0.004777
0.004588
0.004402
0.004215
0.004029
0.003862
0.003708
0.003929
0.003757
0.003640
0.003487
0.003664
0.003537
0.004170
0.004037
0.004385
0.004275
0.004225
0.005380
0.005422
0.005426
0.005393
0.005340
0.005259
0.005171
0.005223
0.005125
0.005038
0.004931
0.004831
0.005291
0.005665
0.005555
0.006838
0.006767
0.006768
0.006605
0.006471
0.006311
0.006145
0.005967
0.005779
0.005693
0.006647
0.006528
0.006411
0.006520
0.006331
0.006148
0.005945
0.005741
0.005532
0.005325
0.005119
0.004920
0.004920
0.004746
0.004556
0.004953
0.004733
0.004573
0.004366
0.004174
0.003976
0.003803
0.003637
0.004009
0.003866
0.005209
0.005069
0.005208
0.005112
0.005054
0.004972
0.005627
0.005523
0.005528
0.005439
0.005376
0.005293
0.005207
0.005111
0.005007
0.004896
0.004779
0.004677
0.004550
0.005244
0.005069
0.004997
0.004837
0.004939
0.004772
0.004644
0.004480
0.004367
0.004203
0.004045
0.003927
0.003765
0.003772
0.003810
0.004481
0.004330
0.004243
0.004688
0.004553
0.004930
0.005702
0.005666
0.010433
0.010241
0.013461
0.013245
0.013522
0.013729
0.013751
0.013729
0.013703
0.013613
0.013501
0.013380
0.013438
0.013578
0.013407
0.013221
0.013016
0.012795
0.012577
0.012340
0.012272
0.012008
0.011807
0.011542
0.011251
0.010949
0.010637
0.010317
0.009991
0.009660
0.010043
0.009706
0.009430
0.009104
0.021294
0.020688
0.021337
0.021001
0.021006
0.020938
0.020947
0.020722
0.020504
0.020269
0.019998
0.019687
0.019399
0.019294
0.019008
0.019505
0.019132
0.018819
0.018672
0.018283
0.017866
0.017426
0.016981
0.016499
0.016002
0.015486
0.014957
0.014422
0.013874
0.013368
0.012809
0.012247
0.017581
0.016812
0.016992
0.025251
0.024993
0.025113
0.026315
0.026236
0.026116
0.025830
0.025539
0.025195
0.024815
0.024460
0.024011
0.023552
0.023038
0.022499
0.021931
0.021338
0.020723
0.020087
0.019473
0.018800
0.018458
0.017781
0.018143
0.017555
0.016948
0.016257
0.015594
0.014917
0.014274
0.019696
0.019254
0.019125
0.018764
0.018477
0.018157
0.017843
0.017581
0.017383
0.017152
0.017149
0.016881
0.017551
0.017244
0.017068
0.016799
0.016544
0.016261
0.015967
0.015655
0.015946
0.015598
0.015309
0.014951
0.014600
0.014229
0.013953
0.013566
0.013176
0.012772
0.012362
0.011945
0.016836
0.016478
0.016559
0.016314
0.016150
0.015928
0.015713
0.015474
0.015240
0.014981
0.014907
0.014639
0.014370
0.014088
0.013801
0.013490
0.013723
0.013619
0.018554
0.018095
0.018166
0.017709
0.017402
0.017006
0.016609
0.016175
0.015719
0.015237
0.014734
0.014211
0.018606
0.018277
0.018185
0.017884
0.017632
0.017335
0.017034
0.016712
0.016433
0.016083
0.015723
0.015359
0.014987
0.014608
0.014229
0.014849
0.014470
0.014163
0.013791
0.013931
0.013532
0.013195
0.012878
0.012498
0.012111
0.011719
0.011331
0.010990
0.010604
0.010315
0.010014
0.009712
0.009402
0.009089
0.008772
0.008459
0.008151
0.007839
0.007526
0.007219
0.006922
0.008059
0.007762
0.007569
0.007295
0.007043
0.006800
0.006615
0.006344
0.006082
0.005853
0.005759
0.005485
0.005226
0.004951
0.004681
0.005037
0.004775
0.004589
0.004338
0.004118
0.003958
0.003830
0.003694
0.003551
0.003773
0.003622
0.003574
0.003511
0.003457
0.003393
0.003326
0.003337
0.003493
0.003427
0.003363
0.003519
0.005474
0.005492
0.005569
0.005518
0.005501
0.005463
0.005417
0.005361
0.005672
0.005637
0.005622
0.005599
0.005581
0.005486
0.005385
0.006156
0.006068
0.006520
0.006436
0.006478
0.006570
0.006502
0.006435
0.006360
0.006274
0.006180
0.006077
0.005967
0.005849
0.005724
0.005592
0.005455
0.005326
0.005189
0.005041
0.004889
0.004733
0.004795
0.004645
0.004537
0.004386
0.004241
0.004091
0.003948
0.003803
0.003659
0.003538
0.003446
0.003435
0.007768
0.007462
0.007733
0.007557
0.007523
0.007468
0.007378
0.007269
0.007149
0.007823
0.007633
0.007537
0.007362
0.007194
0.007023
0.006833
0.006624
0.006400
0.006168
0.006100
0.005859
0.005633
0.005391
0.005146
0.004897
0.004646
0.006729
0.006494
0.006435
0.006357
0.006201
0.006042
0.005873
0.005702
0.005525
0.005406
0.005252
0.005949
0.005705
0.005601
0.005384
0.005270
0.005792
0.005828
0.005775
0.005649
0.005534
0.005407
0.005313
0.005345
0.005200
0.005073
0.004918
0.004766
0.004603
0.004436
0.004263
0.004133
0.005326
0.005198
0.005338
0.005464
0.005424
0.005380
0.006058
0.006084
0.006090
0.006020
0.006753
0.006671
0.006672
0.006605
0.006586
0.006521
0.006472
0.006419
0.006401
0.006340
0.006284
0.006312
0.006234
0.006200
0.006114
0.006034
0.005963
0.005878
0.005792
0.005744
0.005650
0.005553
0.005469
0.005362
0.005255
0.005142
0.005238
0.005137
0.005054
0.004958
0.004864
0.004769
0.004685
0.004698
0.004634
0.004574
0.004510
0.004466
0.004835
0.004760
0.004728
0.004661
0.004605
0.004543
0.004480
0.004413
0.004345
0.004274
0.004211
0.004155
0.004097
0.004036
0.003972
0.003905
0.003921
0.003849
0.003780
0.003704
0.003666
0.003587
0.004780
0.004656
0.004676
0.004581
0.004521
0.004442
0.004362
0.004274
0.004245
0.004148
0.004050
0.003943
0.003834
0.003721
0.003606
0.003487
0.003459
0.003347
0.003721
0.003645
0.003592
0.003531
0.003462
0.003391
0.003368
0.003317
0.003258
0.003196
0.003132
0.003068
0.003008
0.002948
0.002887
0.002825
0.002762
0.002706
0.002645
0.002584
0.002568
0.002856
0.002780
0.002765
0.002718
0.002681
0.002637
0.002592
0.002545
0.002495
0.002444
0.002390
0.002335
0.002279
0.002222
0.003219
0.003511
0.003556
0.003508
0.003787
0.003731
0.003714
0.003659
0.003611
0.003813
0.003790
0.003778
0.008622
0.008400
0.009131
0.009013
0.009134
0.009292
0.009343
0.009533
0.009670
0.009719
0.009793
0.009870
0.009914
0.009944
0.009961
0.010061
0.010487
0.010475
0.010471
0.010430
0.010381
0.010316
0.010236
0.010229
0.010122
0.011349
0.011525
0.011545
0.011502
0.011452
0.011422
0.011347
0.011378
0.011398
0.011330
0.011236
0.014462
0.014391
0.014564
0.014535
0.014550
0.014529
0.014497
0.014443
0.014375
0.015299
0.015285
0.015365
0.018371
0.018227
0.018455
0.018364
0.018354
0.018281
0.034600
0.033452
0.034780
0.034245
0.034553
0.034273
0.034069
0.033719
0.033329
0.032863
0.032421
0.031849
0.031243
0.030591
0.029901
0.029174
0.028449
0.027685
0.029745
0.029041
0.028486
0.027795
0.027139
0.026457
0.025780
0.025095
0.024424
0.023739
0.023061
0.024698
0.024144
0.023756
0.023258
0.022805
0.022352
0.021972
0.021616
0.021522
0.021507
0.021663
0.021609
0.021573
0.021502
0.021428
0.021341
0.021247
0.021266
0.021142
0.021023
0.020881
0.020814
0.020646
0.020482
0.020340
0.020153
0.019954
0.019746
0.019529
0.020868
0.020722
0.030451
0.029790
0.030437
0.030085
0.030135
0.029928
0.029739
0.029482
0.029195
0.029921
0.029502
0.029951
0.029543
0.029178
0.029683
0.029275
0.028902
0.028467
0.028013
0.027533
0.027036
0.026533
0.026003
0.025474
0.024919
0.024361
0.023789
0.023214
0.022635
0.022052
0.021468
0.020883
0.020299
0.019716
0.019137
0.018562
0.017992
0.017428
0.016870
0.016320
0.016039
0.015728
0.015446
0.015132
0.014823
0.014508
0.014192
0.013873
0.016296
0.017036
0.017920
0.020753
0.020417
0.020673
0.020386
0.020228
0.019987
0.019754
0.019495
0.019215
0.018913
0.018591
0.018250
0.018056
0.017685
0.017313
0.016948
0.016583
0.016207
0.015823
0.015432
0.017035
0.016649
0.016541
0.016206
0.020045
0.019615
0.019615
0.019279
0.019032
0.018790
0.018655
0.018489
0.018258
0.018055
0.017947
0.017674
0.017408
0.017180
0.016990
0.016752
0.016650
0.016399
0.016150
0.015921
0.015727
0.015523
0.015309
0.015089
0.014858
0.014619
0.014372
0.014123
0.013876
0.013623
0.017287
0.016923
0.017267
0.016967
0.016801
0.016550
0.016318
0.016093
0.015853
0.015591
0.015313
0.015219
0.014906
0.014597
0.014259
0.013914
0.014992
0.014546
0.014281
0.013860
0.013482
0.013071
0.012689
0.012259
0.011825
0.011379
0.010930
0.010476
0.010017
0.009688
0.009261
0.008971
0.008575
0.008190
0.007797
0.007411
0.007025
0.007456
0.007114
0.007304
0.006989
0.006722
0.006426
0.006234
0.005950
0.005704
0.005444
0.005303
0.005613
0.005465
0.005350
0.005216
0.005094
0.004965
0.005494
0.005314
0.005239
0.007141
0.006883
0.007033
0.006835
0.006728
0.006571
0.006419
0.006256
0.006093
0.005921
0.005760
0.005573
0.010483
0.009887
0.010118
0.009699
0.009514
0.009220
0.008952
0.008649
0.008343
0.008024
0.007696
0.007357
0.007012
0.006662
0.006315
0.005979
0.005642
0.005479
0.005155
0.004836
0.004524
0.004214
0.003920
0.003629
0.003360
0.003128
0.002911
0.002700
0.002495
0.002294
0.002098
0.001909
0.001729
0.001597
0.001432
0.001280
0.001231
0.001203
0.001179
0.002502
0.004856
0.004877
0.005014
0.005002
0.005025
0.005022
0.005011
0.004987
0.004952
0.004903
0.004854
0.007732
0.007569
0.007701
0.007591
0.007539
0.007448
0.007346
0.007225
0.007088
0.006936
0.006770
0.006591
0.009155
0.008810
0.008830
0.008551
0.008357
0.008112
0.007865
0.007599
0.007322
0.007032
0.006731
0.006421
0.006104
0.005781
0.005453
0.005121
0.004925
0.004617
0.004319
0.004014
0.003711
0.003519
0.003218
0.002934
0.002762
0.002543
0.002330
0.002259
0.002048
0.001858
0.001661
0.001471
0.001284
0.001175
0.001028
0.000939
0.000845
0.000756
0.000748
0.000658
0.000583
0.000567
0.001644
0.003480
0.003454
0.003567
0.003885
0.003875
0.004422
0.004384
0.004388
0.004369
0.004313
0.004241
0.004159
0.004065
0.003961
0.003877
0.003754
0.003628
0.003563
0.003421
0.003283
0.003135
0.002984
0.002913
0.002755
0.002605
0.002448
0.002291
0.002156
0.002012
0.001861
0.002567
0.002440
0.002363
0.002208
0.002079
0.002996
0.002783
0.002739
0.002564
0.002438
0.002310
0.002242
0.002166
0.002086
0.002002
0.001918
0.001840
0.002534
0.002430
0.002411
0.002394
0.002327
0.002259
0.002183
0.003399
0.003249
0.003269
0.003161
0.003089
0.002995
0.002902
0.002800
0.002695
0.002587
0.002637
0.002514
0.002410
0.002641
0.002507
0.003408
0.003263
0.003284
0.003201
0.003143
0.009033
0.008633
0.009017
0.008788
0.008754
0.010016
0.009842
0.009793
0.009585
0.009407
0.009182
0.008941
0.008676
0.008395
0.008097
0.007784
0.007559
0.007217
0.006878
0.007242
0.006947
0.006653
0.006329
0.006472
0.006819
0.006470
0.006195
0.005842
0.005516
0.005626
0.005270
0.004977
0.004636
0.004312
0.003992
0.003675
0.004573
0.004379
0.004180
0.003937
0.003758
0.003679
0.003615
0.003545
0.003491
0.003415
0.003369
0.003317
0.003259
0.003245
0.003174
0.003107
0.003363
0.003257
0.003201
0.003099
0.003010
0.002910
0.002809
0.002703
0.002595
0.002485
0.002374
0.002260
0.002148
0.002127
0.002031
0.001937
0.001840
0.001754
0.002639
0.002515
0.002517
0.002420
0.004044
0.003871
0.003923
0.003798
0.003727
0.003626
0.003530
0.003641
0.003549
0.003462
0.003564
0.003448
0.003354
0.003234
0.004044
0.003879
0.003853
0.003730
0.003681
0.003664
0.003573
0.003859
0.003747
0.003670
0.004111
0.004053
0.003977
0.003881
0.003767
0.003647
0.003759
0.003636
0.003737
0.003616
0.003520
0.003401
0.003688
0.003562
0.003478
0.003359
0.003279
0.003268
0.003197
0.003128
0.003051
0.002972
0.002889
0.002804
0.002805
0.002897
0.002844
0.002767
0.003387
0.004154
0.004161
0.004152
0.004126
0.004154
0.004121
0.004088
0.004045
0.003999
0.004145
0.004100
0.004060
0.004010
0.003960
0.003914
0.004794
0.004694
0.004783
0.004724
0.004694
0.004645
0.004594
0.004535
0.004471
0.004400
0.004324
0.004244
0.004158
0.004218
0.004113
0.004028
0.003920
0.003817
0.003709
0.003615
0.003501
0.003386
0.003268
0.005476
0.005294
0.005363
0.005302
0.005285
0.005207
0.005536
0.005434
0.005363
0.005254
0.005149
0.006028
0.005854
0.008867
0.018480
0.018146
0.018723
0.018397
0.018678
0.018485
0.018304
0.018035
0.017729
0.017370
0.017020
0.016722
0.016253
0.015766
0.015235
0.014685
0.014109
0.013513
0.012903
0.012734
0.012071
0.011445
0.010777
0.010115
0.009447
0.009294
0.008626
0.008231
0.007572
0.006971
0.006342
0.006131
0.005512
0.005179
0.004654
0.004444
0.003944
0.003527
0.003087
0.002700
0.002383
0.002291
0.002709
0.002626
0.002675
0.002865
0.002810
0.002758
