2.36399	 19.6452	 1.78348e-07	 -0.00021998	 0	 0	 4.94066e-323	 0	 0	 0	 0.7144	-0.7144	 1.22118	 1.49128	 0.670563	 0	0	 1	 83 
 20.0171	 15.2613	 1.23717e-06	 -0.000347523	 0	 0	 2.47033e-323	 5.43472e-323	 8.44852e-322	 9.23903e-322	 0.7144	-0.7144	 1.22118	 1.49128	 0.670563	 0	0	 0	 -2 
 24.4506	 14.1975	 -3.1032e-06	 -0.000352269	 0	 0	 4.94066e-323	 4.94066e-323	 0	 0	 0.7144	-0.7144	 1.22118	 1.49128	 0.670563	 0	0	 2	 126 
 4.4567	 12.8393	 -4.9037e-06	 -0.000227051	 0	 0	 -7.90505e-323	 -4.44659e-323	 -1.11659e-321	 0	 0.7144	-0.7144	 1.22118	 1.49128	 0.670563	 0	0	 1	 87 
 36.2299	 3.71491	 2.17294e-06	 -0.000362877	 0	 0	 0	 0	 0	 0	 0.7144	-0.7144	 1.22118	 1.49128	 0.670563	 0	0	 1	 119 
 17.8111	 6.05962	 3.27439e-07	 -0.000303096	 0	 0	 6.91692e-323	 -1.4822e-323	 8.44852e-322	 0	 0.7144	-0.7144	 1	 1	 1	 0	0	 1	 164 
 15.2729	 10.3166	 -2.00633e-05	 -0.000303209	 0	 0	 -2.96439e-323	 -9.88131e-324	 0	 0	 0.7144	-0.7144	 1.22118	 1.49128	 0.670563	 0	0	 2	 97 
 4.27638	 10.6063	 -1.00586e-05	 -0.000228389	 0	 0	 4.94066e-323	 4.44659e-323	 0	 3.80431e-322	 0.7144	-0.7144	 1	 1	 1	 0	0	 0	 -2 
 23.9299	 19.9494	 -5.61638e-07	 -0.000349663	 0	 0	 -4.94066e-323	 -1.97626e-323	 0	 0	 0.7144	-0.7144	 1.22118	 1.49128	 0.670563	 0	0	 1	 43 
 5.54387	 3.80527	 -4.91551e-06	 -0.000224777	 0	 0	 -1.4822e-323	 0	 0	 0	 0.7144	-0.7144	 1	 1	 1	 0	0	 1	 214 
 22.519	 2.95807	 -4.48894e-06	 -0.00034745	 0	 0	 -3.95253e-323	 4.94066e-323	 6.47226e-322	 3.31024e-322	 0.7144	-0.7144	 1	 1	 1	 -4.94066e-324	0	 2	 135 
 16.6152	 8.23311	 2.1789e-05	 -0.000285418	 0	 0	 1.97626e-323	 4.94066e-323	 -3.16202e-322	 1.02766e-321	 0.7144	-0.7144	 1.22118	 1.49128	 0.670563	 4.94066e-324	0	 0	 -2 
 19.6959	 10.0656	 -4.9965e-06	 -0.000356628	 0	 0	 -1.4822e-323	 -3.45846e-323	 8.44852e-322	 6.62048e-322	 0.7144	-0.7144	 1	 1	 1	 -4.94066e-324	-4.94066e-324	 1	 117 
 4.71155	 24.667	 -4.93727e-06	 -0.00022477	 0	 0	 4.94066e-324	 4.44659e-323	 3.31024e-322	 0	 0.7144	-0.7144	 1.22118	 1.49128	 0.670563	 0	0	 0	 -2 
 24.7577	 16.6273	 -1.33591e-06	 -0.000351649	 0	 0	 0	 4.94066e-323	 0	 0	 0.7144	-0.7144	 1.22118	 1.49128	 0.670563	 0	0	 2	 108 
 35.6484	 22.5514	 2.93275e-06	 -0.000362826	 0	 0	 9.88131e-324	 0	 -3.31024e-322	 0	 0.7144	-0.7144	 1	 1	 1	 4.94066e-324	0	 1	 183 
 39.3075	 18.8725	 5.54469e-06	 -0.00036247	 0	 0	 0	 -3.45846e-323	 0	 -9.0414e-322	 0.7144	-0.7144	 1.22118	 1.49128	 0.670563	 0	0	 1	 92 
 39.9131	 21.8052	 3.25104e-06	 -0.000365389	 0	 0	 1.4822e-323	 1.97626e-323	 0	 -8.44852e-322	 0.7144	-0.7144	 1	 1	 1	 0	4.94066e-324	 1	 152 
 1.97038	 10.2196	 -9.49492e-06	 -0.000207557	 0	 0	 0	 -2.47033e-323	 0	 0	 0.7144	-0.7144	 1.22118	 1.49128	 0.670563	 0	0	 1	 27 
 5.06074	 18.3687	 -3.11167e-06	 -0.000222104	 0	 0	 4.94066e-324	 -1.4822e-323	 0	 8.10268e-322	 0.7144	-0.7144	 1.22118	 1.49128	 0.670563	 0	-4.94066e-324	 1	 59 
 33.0386	 10.7988	 4.15003e-06	 -0.000361879	 0	 0	 7.90505e-323	 -4.94066e-323	 9.0414e-322	 0	 0.7144	-0.7144	 1	 1	 1	 0	0	 0	 -2 
 45.2999	 9.98964	 2.12266e-06	 -0.000368934	 0	 0	 9.88131e-324	 -2.47033e-323	 0	 -4.99006e-322	 0.7144	-0.7144	 1	 1	 1	 0	0	 1	 156 
 47.8273	 17.7002	 9.50529e-07	 -0.000367227	 0	 0	 2.47033e-323	 0	 0	 0	 0.7144	-0.7144	 1	 1	 1	 0	0	 1	 9 
 39.0603	 10.7217	 2.54178e-06	 -0.000366661	 0	 0	 -4.94066e-323	 1.4822e-323	 0	 0	 0.7144	-0.7144	 1.22118	 1.49128	 0.670563	 0	0	 1	 179 
 25.262	 24.6511	 -7.83126e-07	 -0.00034924	 0	 0	 5.92879e-323	 0	 3.21143e-322	 5.2865e-322	 0.7144	-0.7144	 1.22118	 1.49128	 0.670563	 0	-4.94066e-324	 1	 73 
 2.75895	 14.685	 1.11548e-05	 -0.000215241	 0	 0	 9.88131e-324	 1.4822e-323	 0	 -2.42092e-322	 0.7144	-0.7144	 1.22118	 1.49128	 0.670563	 0	0	 1	 132 
 34.6786	 24.5522	 2.27974e-06	 -0.000362975	 0	 0	 -1.4822e-323	 0	 0	 0	 0.7144	-0.7144	 1.22118	 1.49128	 0.670563	 0	0	 1	 203 
 45.7393	 2.18125	 1.5955e-06	 -0.000366946	 0	 0	 1.97626e-323	 0	 0	 0	 0.7144	-0.7144	 1	 1	 1	 0	0	 1	 103 
 36.8844	 11.1696	 3.29062e-06	 -0.000362681	 0	 0	 4.94066e-323	 -9.88131e-324	 -4.44659e-323	 -3.16202e-322	 0.7144	-0.7144	 1	 1	 1	 0	0	 1	 155 
 38.2487	 12.7902	 3.87299e-06	 -0.000366034	 0	 0	 -3.48754e-73	 2.73395e-74	 -1.45388e-71	 1.13972e-72	 0.7144	-0.7144	 1	 1	 1	 7.51498e-74	-1.43475e-74	 1	 10 
 22.2308	 11.1769	 -1.93575e-06	 -0.000346582	 0	 0	 -9.88131e-324	 7.41098e-323	 0	 1.082e-321	 0.7144	-0.7144	 1	 1	 1	 0	0	 1	 193 
 33.2531	 2.81891	 1.37015e-06	 -0.000363042	 0	 0	 -3.95253e-323	 -4.44659e-323	 0	 -1.29939e-321	 0.7144	-0.7144	 1.22118	 1.49128	 0.670563	 0	4.94066e-324	 1	 89 
 15.6832	 21.4256	 1.2484e-05	 -0.000325616	 0	 0	 1.4822e-323	 1.18576e-322	 -8.44852e-322	 1.49702e-321	 0.7144	-0.7144	 1.22118	 1.49128	 0.670563	 4.94066e-324	0	 2	 121 
 22.9702	 17.9463	 -8.93403e-08	 -0.000349891	 0	 0	 -4.44659e-323	 -4.44659e-323	 -3.21143e-322	 -3.21143e-322	 0.7144	-0.7144	 1	 1	 1	 0	0	 2	 200 
 16.8487	 17.4869	 7.38099e-06	 -0.000318111	 0	 0	 4.44659e-323	 -1.97626e-323	 1.2401e-321	 0	 0.7144	-0.7144	 1	 1	 1	 -4.94066e-324	0	 1	 4 
 48.1482	 8.58144	 2.94787e-07	 -0.000369593	 0	 0	 1.4822e-323	 3.95253e-323	 0	 -6.47226e-322	 0.7144	-0.7144	 1	 1	 1	 0	4.94066e-324	 1	 129 
 27.833	 5.58085	 1.14645e-06	 -0.000350076	 0	 0	 -4.44659e-323	 1.97626e-323	 -8.69556e-322	 9.0414e-322	 0.7144	-0.7144	 1.22118	 1.49128	 0.670563	 0	-4.94066e-324	 1	 93 
 29.0969	 13.5075	 1.2232e-06	 -0.000350201	 0	 0	 1.4822e-323	 -9.88131e-324	 3.21143e-322	 -6.32404e-322	 0.7144	-0.7144	 1	 1	 1	 0	4.94066e-324	 2	 91 
 41.4128	 18.1587	 3.94075e-06	 -0.00036587	 0	 0	 4.94066e-323	 9.88131e-324	 0	 4.496e-322	 0.7144	-0.7144	 1	 1	 1	 0	-4.94066e-324	 1	 215 
 37.3325	 23.9996	 2.95528e-06	 -0.000362811	 0	 0	 9.88131e-324	 3.45846e-323	 -3.31024e-322	 -6.62048e-322	 0.7144	-0.7144	 1.22118	 1.49128	 0.670563	 4.94066e-324	4.94066e-324	 0	 -2 
 21.811	 9.21507	 -2.09938e-06	 -0.000347095	 0	 0	 1.97626e-323	 -1.97626e-323	 0	 0	 0.7144	-0.7144	 1	 1	 1	 0	0	 0	 -2 
 31.575	 21.3474	 1.5537e-06	 -0.00036115	 0	 0	 9.88131e-324	 1.97626e-323	 0	 0	 0.7144	-0.7144	 1.22118	 1.49128	 0.670563	 0	0	 1	 76 
 5.27213	 22.5177	 1.85656e-06	 -0.000222958	 0	 0	 6.42285e-323	 1.4822e-323	 9.0414e-322	 5.13828e-322	 0.7144	-0.7144	 1	 1	 1	 0	-4.94066e-324	 1	 149 
 21.2658	 1.11538	 2.06769e-06	 -0.000333534	 0	 0	 -4.94066e-323	 -1.97626e-323	 -3.80431e-322	 0	 0.7144	-0.7144	 1	 1	 1	 0	0	 1	 219 
 23.9841	 9.76447	 -4.55545e-06	 -0.000353887	 0	 0	 -1.97626e-323	 1.97626e-323	 0	 0	 0.7144	-0.7144	 1.22118	 1.49128	 0.670563	 0	0	 0	 -2 
 17.6272	 14.5966	 -1.99367e-05	 -0.000303258	 0	 0	 -6.42285e-323	 0	 -3.31024e-322	 0	 0.7144	-0.7144	 1.22118	 1.49128	 0.670563	 0	0	 1	 154 
 5.54523	 20.5364	 1.59241e-06	 -0.000223102	 0	 0	 -6.42285e-323	 -1.4822e-323	 -9.0414e-322	 8.10268e-322	 0.7144	-0.7144	 1	 1	 1	 0	-4.94066e-324	 1	 106 
 19.8968	 24.3661	 2.30541e-06	 -0.000333239	 0	 0	 0	 6.91692e-323	 0	 1.11659e-321	 0.7144	-0.7144	 1.22118	 1.49128	 0.670563	 0	0	 1	 5 
 7.27827	 24.2494	 -1.92824e-06	 -0.000261906	 0	 0	 -4.94066e-323	 1.97626e-323	 0	 3.31024e-322	 0.7144	-0.7144	 1.22118	 1.49128	 0.670563	 0	0	 1	 118 
 21.8367	 13.3672	 -3.31156e-06	 -0.00034644	 0	 0	 -1.13635e-322	 4.94066e-324	 -1.33398e-321	 1.11659e-321	 0.7144	-0.7144	 1.22118	 1.49128	 0.670563	 0	-4.94066e-324	 2	 55 
 47.7773	 6.38044	 3.96837e-06	 -0.0003663	 0	 0	 5.92879e-323	 -6.91692e-323	 3.21143e-322	 -8.44852e-322	 0.7144	-0.7144	 1.22118	 1.49128	 0.670563	 0	0	 0	 -2 
 30.7559	 3.24648	 2.11877e-06	 -0.000359996	 0	 0	 2.96439e-323	 0	 -6.57107e-322	 0	 0.7144	-0.7144	 1.22118	 1.49128	 0.670563	 4.94066e-324	0	 1	 36 
 16.437	 12.4639	 -1.99416e-05	 -0.00030326	 0	 0	 2.96439e-323	 9.88131e-324	 0	 0	 0.7144	-0.7144	 1.22118	 1.49128	 0.670563	 0	0	 2	 63 
 28.33	 7.74575	 1.19319e-06	 -0.000350083	 0	 0	 -7.90505e-323	 2.96439e-323	 -6.47226e-322	 0	 0.7144	-0.7144	 1	 1	 1	 0	0	 0	 -2 
 6.64105	 12.436	 -6.26483e-06	 -0.000234216	 0	 0	 -3.95253e-323	 -7.90505e-323	 -1.42291e-321	 -9.0414e-322	 0.7144	-0.7144	 1	 1	 1	 4.94066e-324	0	 1	 131 
 24.3042	 7.24908	 -3.34839e-06	 -0.000347795	 0	 0	 -6.42285e-323	 -9.88131e-324	 -8.44852e-322	 6.47226e-322	 0.7144	-0.7144	 1.22118	 1.49128	 0.670563	 0	0	 1	 160 
 11.7827	 14.3058	 1.08221e-05	 -0.000270693	 0	 0	 2.47033e-323	 1.97626e-323	 0	 0	 0.7144	-0.7144	 1.22118	 1.49128	 0.670563	 0	0	 3	 99 
 9.19194	 18.3725	 -8.41609e-06	 -0.00024682	 0	 0	 4.44659e-323	 -1.97626e-323	 0	 1.97626e-323	 0.7144	-0.7144	 1.22118	 1.49128	 0.670563	 0	0	 1	 141 
 5.31677	 15.8157	 2.28801e-05	 -0.000223569	 0	 0	 3.95253e-323	 1.13635e-322	 0	 1.37844e-321	 0.7144	-0.7144	 1.22118	 1.49128	 0.670563	 0	0	 0	 -2 
 47.9362	 1.21736	 4.79283e-07	 -0.00036701	 0	 0	 -3.95253e-323	 3.95253e-323	 -1.37844e-321	 1.37844e-321	 0.7144	-0.7144	 1	 1	 1	 4.94066e-324	-4.94066e-324	 1	 50 
 28.6464	 9.72078	 1.26236e-06	 -0.000350234	 0	 0	 -2.96439e-323	 1.4822e-323	 -3.21143e-322	 2.47033e-322	 0.7144	-0.7144	 1	 1	 1	 0	0	 0	 -2 
 8.55059	 13.5712	 1.79975e-06	 -0.000247343	 0	 0	 -4.94066e-323	 -9.88131e-324	 -5.13828e-322	 0	 0.7144	-0.7144	 1.22118	 1.49128	 0.670563	 0	0	 1	 74 
 9.28386	 21.0619	 -4.62401e-08	 -0.000240232	 0	 0	 -6.42285e-323	 0	 -3.80431e-322	 0	 0.7144	-0.7144	 1.22118	 1.49128	 0.670563	 0	0	 1	 70 
 32.3387	 7.07869	 2.7128e-06	 -0.000361007	 0	 0	 0	 -4.94066e-323	 0	 -1.48714e-321	 0.7144	-0.7144	 1.22118	 1.49128	 0.670563	 0	4.94066e-324	 1	 128 
 43.8601	 21.5318	 3.23893e-06	 -0.000365875	 0	 0	 0	 -7.41098e-323	 0	 -1.63042e-321	 0.7144	-0.7144	 1	 1	 1	 0	4.94066e-324	 1	 110 
 37.3866	 1.22397	 4.77749e-07	 -0.000363609	 0	 0	 -1.97626e-323	 9.88131e-324	 0	 0	 0.7144	-0.7144	 1	 1	 1	 0	0	 1	 212 
 32.6441	 14.5462	 5.72143e-06	 -0.000356394	 0	 0	 7.41098e-323	 -4.94066e-323	 1.81322e-321	 -1.29939e-321	 0.7144	-0.7144	 1	 1	 1	 -4.94066e-324	4.94066e-324	 1	 11 
 43.908	 18.7632	 2.42732e-06	 -0.000365497	 0	 0	 -3.95253e-323	 0	 0	 2.61855e-322	 0.7144	-0.7144	 1.22118	 1.49128	 0.670563	 0	0	 1	 134 
 13.0315	 10.78	 -1.71574e-06	 -0.000294027	 0	 0	 -4.94066e-323	 -2.96439e-323	 0	 -8.10268e-322	 0.7144	-0.7144	 1	 1	 1	 0	4.94066e-324	 1	 40 
 14.1401	 14.9668	 1.56583e-05	 -0.00028402	 0	 0	 0	 7.41098e-323	 0	 8.10268e-322	 0.7144	-0.7144	 1.22118	 1.49128	 0.670563	 0	0	 1	 44 
 5.03937	 8.25286	 -1.40757e-05	 -0.000228487	 0	 0	 0	 4.94066e-324	 0	 0	 0.7144	-0.7144	 1.22118	 1.49128	 0.670563	 0	0	 1	 167 
 32.4123	 23.6418	 1.53694e-06	 -0.000361143	 0	 0	 0	 -1.4822e-323	 0	 0	 0.7144	-0.7144	 1.22118	 1.49128	 0.670563	 0	0	 2	 60 
 42.6267	 2.52183	 3.27167e-06	 -0.000365418	 0	 0	 3.45846e-323	 2.47033e-323	 4.99006e-322	 -1.63042e-322	 0.7144	-0.7144	 1.22118	 1.49128	 0.670563	 0	4.94066e-324	 2	 130 
 12.4932	 4.02613	 -1.648e-06	 -0.000277383	 0	 0	 0	 0	 0	 0	 0.7144	-0.7144	 1	 1	 1	 0	0	 1	 75 
 2.57872	 7.83456	 -8.51873e-06	 -0.000207708	 0	 0	 -8.39912e-323	 -9.88131e-324	 -1.06224e-321	 -1.04742e-321	 0.7144	-0.7144	 1.22118	 1.49128	 0.670563	 0	4.94066e-324	 2	 213 
 33.6483	 8.87288	 1.16682e-06	 -0.000359853	 0	 0	 9.88131e-324	 9.88131e-324	 1.67982e-322	 0	 0.7144	-0.7144	 1	 1	 1	 0	0	 1	 115 
 3.5363	 5.5549	 -1.11025e-05	 -0.00021436	 0	 0	 -1.97626e-323	 -9.88131e-324	 0	 0	 0.7144	-0.7144	 1.22118	 1.49128	 0.670563	 0	0	 1	 153 
 43.3857	 11.1266	 1.84129e-06	 -0.000369268	 0	 0	 -1.97626e-323	 -1.4822e-323	 8.10268e-322	 -8.44852e-322	 0.7144	-0.7144	 1.22118	 1.49128	 0.670563	 -4.94066e-324	0	 1	 136 
 29.1743	 21.8663	 -2.29501e-06	 -0.000361313	 0	 0	 4.44659e-323	 1.97626e-323	 0	 0	 0.7144	-0.7144	 1	 1	 1	 0	0	 2	 21 
 39.9658	 14.1991	 3.65323e-06	 -0.000365764	 0	 0	 3.48754e-73	 -5.46789e-74	 1.45388e-71	 -2.27944e-72	 0.7144	-0.7144	 1.22118	 1.49128	 0.670563	 -7.51498e-74	2.86951e-74	 1	 35 
 14.1982	 19.7383	 -1.39375e-05	 -0.000308537	 0	 0	 0	 -4.94066e-323	 0	 0	 0.7144	-0.7144	 1	 1	 1	 0	0	 2	 208 
 48.0748	 22.2136	 -4.43534e-07	 -0.000366661	 0	 0	 -3.95253e-323	 1.97626e-323	 -5.13828e-322	 0	 0.7144	-0.7144	 1	 1	 1	 0	0	 1	 7 
 25.7257	 18.6266	 -1.07088e-06	 -0.000351847	 0	 0	 -6.91692e-323	 -7.41098e-323	 -1.4822e-321	 -8.10268e-322	 0.7144	-0.7144	 1	 1	 1	 4.94066e-324	0	 2	 54 
 2.16192	 1.57994	 -8.4391e-06	 -0.000213541	 0	 0	 4.94066e-323	 4.44659e-323	 3.31024e-322	 1.2401e-321	 0.7144	-0.7144	 1.22118	 1.49128	 0.670563	 0	-4.94066e-324	 1	 148 
 14.6098	 17.3653	 6.79128e-06	 -0.000281896	 0	 0	 -6.42285e-323	 -9.88131e-324	 -5.13828e-322	 0	 0.7144	-0.7144	 1.22118	 1.49128	 0.670563	 0	0	 1	 139 
 26.978	 12.6876	 6.16058e-08	 -0.000355751	 0	 0	 0	 0	 0	 0	 0.7144	-0.7144	 1.22118	 1.49128	 0.670563	 0	0	 1	 68 
 44.6977	 13.1869	 4.08037e-07	 -0.00036828	 0	 0	 -4.94066e-324	 4.94066e-324	 -3.31024e-322	 3.31024e-322	 0.7144	-0.7144	 1.22118	 1.49128	 0.670563	 0	0	 2	 52 
 9.78483	 1.00961	 -7.12692e-06	 -0.000270416	 0	 0	 -9.88131e-324	 1.97626e-323	 0	 0	 0.7144	-0.7144	 1.22118	 1.49128	 0.670563	 0	0	 2	 157 
 7.14505	 17.4809	 -1.02652e-05	 -0.000250636	 0	 0	 -4.94066e-324	 -6.42285e-323	 0	 -1.63042e-321	 0.7144	-0.7144	 1	 1	 1	 0	4.94066e-324	 1	 30 
 28.3559	 2.78831	 -6.16627e-08	 -0.000350102	 0	 0	 4.94066e-323	 1.97626e-323	 0	 -1.63042e-322	 0.7144	-0.7144	 1.22118	 1.49128	 0.670563	 0	0	 1	 158 
 30.3932	 15.3111	 4.09323e-06	 -0.0003523	 0	 0	 -9.88131e-324	 -1.97626e-323	 0	 0	 0.7144	-0.7144	 1.22118	 1.49128	 0.670563	 0	0	 1	 125 
 44.4847	 3.73911	 3.32418e-06	 -0.000365497	 0	 0	 -2.47033e-323	 -4.94066e-323	 1.63042e-322	 0	 0.7144	-0.7144	 1	 1	 1	 -4.94066e-324	0	 1	 174 
 41.9268	 0.181878	 3.19051e-06	 -0.000365446	 0	 0	 2.96439e-323	 -4.94066e-323	 0	 0	 0.7144	-0.7144	 1.22118	 1.49128	 0.670563	 0	0	 0	 -2 
 40.7467	 3.70474	 2.27901e-06	 -0.000366994	 0	 0	 -3.95253e-323	 9.88131e-324	 -1.63042e-322	 -6.47226e-322	 0.7144	-0.7144	 1	 1	 1	 0	0	 2	 216 
 3.01604	 17.4939	 -3.81832e-06	 -0.000219353	 0	 0	 1.97626e-323	 -4.94066e-324	 0	 -3.31024e-322	 0.7144	-0.7144	 1	 1	 1	 0	0	 2	 28 
 47.4877	 13.1183	 1.02727e-06	 -0.000368898	 0	 0	 3.95253e-323	 2.47033e-323	 0	 1.63042e-322	 0.7144	-0.7144	 1.22118	 1.49128	 0.670563	 0	0	 1	 23 
 31.5713	 18.9862	 1.03936e-06	 -0.000358568	 0	 0	 -4.94066e-323	 -9.38725e-323	 4.94066e-323	 -9.0414e-322	 0.7144	-0.7144	 1	 1	 1	 0	0	 1	 137 
 17.3321	 1.98174	 -1.1676e-05	 -0.000326269	 0	 0	 -4.44659e-323	 -9.88131e-324	 -5.13828e-322	 0	 0.7144	-0.7144	 1	 1	 1	 0	0	 1	 77 
 42.0085	 20.2985	 2.44826e-06	 -0.000365464	 0	 0	 -4.94066e-323	 -4.94066e-323	 0	 0	 0.7144	-0.7144	 1.22118	 1.49128	 0.670563	 0	0	 1	 127 
 41.647	 7.29507	 2.09654e-06	 -0.000367626	 0	 0	 -7.41098e-323	 -7.41098e-323	 -8.44852e-322	 -8.44852e-322	 0.7144	-0.7144	 1	 1	 1	 0	0	 0	 -2 
 41.9282	 22.7395	 3.27425e-06	 -0.000365436	 0	 0	 -4.44659e-323	 -4.44659e-323	 -1.49702e-321	 -1.49702e-321	 0.7144	-0.7144	 1.22118	 1.49128	 0.670563	 4.94066e-324	4.94066e-324	 0	 -2 
 38.6253	 16.5266	 4.27506e-06	 -0.000362158	 0	 0	 0	 1.97626e-323	 0	 0	 0.7144	-0.7144	 1.22118	 1.49128	 0.670563	 0	0	 2	 25 
 35.5315	 20.269	 2.46305e-06	 -0.000363081	 0	 0	 1.4822e-323	 2.96439e-323	 0	 0	 0.7144	-0.7144	 1.22118	 1.49128	 0.670563	 0	0	 0	 -2 
 19.4773	 2.60467	 -3.53183e-06	 -0.000347512	 0	 0	 -4.44659e-323	 4.94066e-323	 -1.29939e-321	 0	 0.7144	-0.7144	 1.22118	 1.49128	 0.670563	 4.94066e-324	0	 1	 61 
 7.39701	 1.68891	 -1.9066e-06	 -0.000261906	 0	 0	 -4.44659e-323	 1.4822e-323	 -9.88131e-322	 -3.21143e-322	 0.7144	-0.7144	 1.22118	 1.49128	 0.670563	 0	4.94066e-324	 1	 56 
 26.7139	 15.1157	 -1.65518e-06	 -0.000355934	 0	 0	 0	 0	 0	 0	 0.7144	-0.7144	 1.22118	 1.49128	 0.670563	 0	0	 2	 69 
 15.4129	 6.10321	 1.21612e-05	 -0.00028067	 0	 0	 -1.97626e-323	 -4.94066e-323	 3.16202e-322	 -1.02766e-321	 0.7144	-0.7144	 1.22118	 1.49128	 0.670563	 -4.94066e-324	0	 0	 -2 
 20.7788	 17.5831	 -6.50607e-07	 -0.000346746	 0	 0	 2.96439e-323	 -2.96439e-323	 1.2401e-321	 0	 0.7144	-0.7144	 1.22118	 1.49128	 0.670563	 -4.94066e-324	0	 1	 45 
 35.4306	 1.64219	 8.61239e-07	 -0.00036246	 0	 0	 0	 -9.88131e-324	 3.21143e-322	 -5.73116e-322	 0.7144	-0.7144	 1	 1	 1	 0	4.94066e-324	 1	 49 
 42.4271	 14.1152	 3.22741e-06	 -0.000366006	 0	 0	 7.41098e-323	 2.96439e-323	 1.2401e-321	 0	 0.7144	-0.7144	 1.22118	 1.49128	 0.670563	 0	0	 1	 2 
 10.9049	 9.75629	 1.08219e-05	 -0.000270693	 0	 0	 -5.43472e-323	 1.97626e-323	 -1.64524e-321	 -1.63042e-322	 0.7144	-0.7144	 1	 1	 1	 4.94066e-324	0	 1	 85 
 11.8177	 24.6321	 6.36804e-06	 -0.000254707	 0	 0	 9.88131e-324	 -1.97626e-323	 0	 0	 0.7144	-0.7144	 1.22118	 1.49128	 0.670563	 0	0	 1	 37 
 35.4163	 16.2676	 5.0022e-06	 -0.000361411	 0	 0	 4.94066e-323	 2.96439e-323	 9.0414e-322	 -2.47033e-323	 0.7144	-0.7144	 1.22118	 1.49128	 0.670563	 0	0	 1	 147 
 46.102	 24.9408	 3.16803e-06	 -0.000366001	 0	 0	 3.95253e-323	 -1.97626e-323	 0	 0	 0.7144	-0.7144	 1.22118	 1.49128	 0.670563	 0	0	 2	 66 
 30.268	 5.78192	 2.21132e-06	 -0.000359911	 0	 0	 9.88131e-324	 -1.97626e-323	 0	 0	 0.7144	-0.7144	 1.22118	 1.49128	 0.670563	 0	0	 2	 123 
 39.4808	 8.25113	 2.69332e-06	 -0.000365283	 0	 0	 3.45846e-323	 -2.96439e-323	 4.89125e-322	 -4.10074e-322	 0.7144	-0.7144	 1	 1	 1	 0	0	 2	 79 
 43.8775	 23.8157	 3.12755e-06	 -0.00036435	 0	 0	 4.44659e-323	 0	 0	 0	 0.7144	-0.7144	 1	 1	 1	 0	0	 1	 109 
 31.6593	 0.967849	 -4.60295e-07	 -0.000361525	 0	 0	 -1.4822e-323	 0	 -6.62048e-322	 0	 0.7144	-0.7144	 1.22118	 1.49128	 0.670563	 4.94066e-324	0	 1	 86 
 21.485	 7.01159	 -2.21505e-06	 -0.000347628	 0	 0	 5.92879e-323	 -2.96439e-323	 8.34971e-322	 -9.58487e-322	 0.7144	-0.7144	 1.22118	 1.49128	 0.670563	 0	0	 1	 95 
 11.6818	 2.18794	 -1.73463e-06	 -0.000277736	 0	 0	 0	 0	 0	 0	 0.7144	-0.7144	 1	 1	 1	 0	0	 0	 -2 
 39.7756	 24.0221	 3.02606e-06	 -0.000365392	 0	 0	 1.13635e-322	 4.94066e-324	 1.29939e-321	 0	 0.7144	-0.7144	 1.22118	 1.49128	 0.670563	 0	0	 0	 -2 
 32.2869	 4.85585	 2.16156e-06	 -0.000360022	 0	 0	 6.42285e-323	 9.88131e-324	 1.69465e-321	 -6.47226e-322	 0.7144	-0.7144	 1	 1	 1	 -4.94066e-324	0	 1	 94 
 24.5565	 22.3129	 -7.80117e-07	 -0.000349242	 0	 0	 -5.92879e-323	 0	 -3.21143e-322	 -5.2865e-322	 0.7144	-0.7144	 1.22118	 1.49128	 0.670563	 0	4.94066e-324	 2	 88 
 37.1439	 14.8715	 4.35756e-06	 -0.000362222	 0	 0	 4.94066e-323	 -2.96439e-323	 9.0414e-322	 0	 0.7144	-0.7144	 1	 1	 1	 0	0	 1	 190 
 45.6284	 20.1682	 2.12745e-06	 -0.000365125	 0	 0	 2.96439e-323	 9.88131e-324	 3.21143e-322	 -6.27463e-322	 0.7144	-0.7144	 1	 1	 1	 0	0	 1	 143 
 26.4085	 10.3126	 6.17224e-08	 -0.000355751	 0	 0	 2.47033e-323	 4.94066e-323	 5.73116e-322	 0	 0.7144	-0.7144	 1.22118	 1.49128	 0.670563	 -4.94066e-324	0	 1	 84 
 5.15787	 1.84288	 -4.92232e-06	 -0.000224779	 0	 0	 3.95253e-323	 0	 1.29939e-321	 0	 0.7144	-0.7144	 1	 1	 1	 -4.94066e-324	0	 1	 34 
 47.412	 10.6771	 2.12323e-06	 -0.000368935	 0	 0	 -1.97626e-323	 -3.45846e-323	 0	 -9.88131e-322	 0.7144	-0.7144	 1.22118	 1.49128	 0.670563	 0	4.94066e-324	 0	 -2 
 9.64513	 7.92692	 1.08158e-05	 -0.000270689	 0	 0	 0	 7.90505e-323	 0	 6.47226e-322	 0.7144	-0.7144	 1.22118	 1.49128	 0.670563	 0	0	 2	 177 
 38.6038	 4.28917	 2.7506e-06	 -0.000365261	 0	 0	 -9.88131e-324	 6.42285e-323	 -1.63042e-322	 1.69465e-321	 0.7144	-0.7144	 1.22118	 1.49128	 0.670563	 0	-4.94066e-324	 1	 14 
 31.364	 9.70523	 2.87316e-06	 -0.000359958	 0	 0	 -2.96439e-323	 0	 -8.44852e-322	 0	 0.7144	-0.7144	 1	 1	 1	 4.94066e-324	0	 1	 105 
 35.7949	 6.10167	 2.0963e-06	 -0.000363079	 0	 0	 4.44659e-323	 -1.97626e-323	 1.51184e-321	 -1.97626e-322	 0.7144	-0.7144	 1	 1	 1	 -4.94066e-324	0	 1	 180 
 14.8002	 3.72533	 -2.98635e-06	 -0.000276419	 0	 0	 -4.94066e-324	 5.92879e-323	 -9.0414e-322	 8.10268e-322	 0.7144	-0.7144	 1.22118	 1.49128	 0.670563	 4.94066e-324	0	 2	 176 
 19.6254	 19.9699	 1.39141e-06	 -0.000340917	 0	 0	 8.89318e-323	 1.4822e-323	 1.90215e-321	 1.11659e-321	 0.7144	-0.7144	 1	 1	 1	 -4.94066e-324	-4.94066e-324	 0	 -2 
 18.7975	 7.79957	 -1.75288e-06	 -0.000301867	 0	 0	 -6.91692e-323	 1.4822e-323	 -8.44852e-322	 0	 0.7144	-0.7144	 1	 1	 1	 0	0	 1	 112 
 25.0715	 2.10232	 3.21855e-07	 -0.000349399	 0	 0	 -1.97626e-323	 -1.97626e-323	 8.44852e-322	 0	 0.7144	-0.7144	 1.22118	 1.49128	 0.670563	 -4.94066e-324	0	 1	 101 
 43.4999	 8.68658	 1.9833e-06	 -0.000369324	 0	 0	 5.92879e-323	 -5.92879e-323	 2.17389e-322	 -2.17389e-322	 0.7144	-0.7144	 1.22118	 1.49128	 0.670563	 0	0	 1	 181 
 41.1242	 12.049	 3.12771e-06	 -0.000366042	 0	 0	 1.97626e-323	 -2.96439e-323	 0	 1.63042e-322	 0.7144	-0.7144	 1.22118	 1.49128	 0.670563	 0	-4.94066e-324	 2	 140 
 45.7698	 17.5384	 -5.55475e-07	 -0.000369337	 0	 0	 -4.94066e-323	 -3.45846e-323	 -4.496e-322	 -3.31024e-322	 0.7144	-0.7144	 1	 1	 1	 0	0	 1	 171 
 11.0631	 11.9718	 1.08219e-05	 -0.000270693	 0	 0	 -2.47033e-323	 -1.97626e-323	 0	 0	 0.7144	-0.7144	 1.22118	 1.49128	 0.670563	 0	0	 0	 -2 
 43.0374	 16.4812	 3.84545e-06	 -0.000366043	 0	 0	 6.42285e-323	 -1.4822e-323	 1.69465e-321	 0	 0.7144	-0.7144	 1.22118	 1.49128	 0.670563	 -4.94066e-324	0	 1	 0 
 44.0609	 5.9869	 2.4356e-06	 -0.000367454	 0	 0	 9.88131e-324	 -1.18576e-322	 1.63042e-322	 -1.51678e-321	 0.7144	-0.7144	 1.22118	 1.49128	 0.670563	 0	0	 0	 -2 
 34.6137	 14.1964	 4.94576e-06	 -0.000361398	 0	 0	 7.41098e-323	 4.94066e-323	 1.81322e-321	 1.29939e-321	 0.7144	-0.7144	 1	 1	 1	 -4.94066e-324	-4.94066e-324	 2	 169 
 12.0558	 16.7328	 1.08221e-05	 -0.000270693	 0	 0	 -4.94066e-323	 3.45846e-323	 0	 8.44852e-322	 0.7144	-0.7144	 1.22118	 1.49128	 0.670563	 0	-4.94066e-324	 1	 57 
 47.8435	 20.0038	 1.97253e-06	 -0.000367161	 0	 0	 4.94066e-324	 -2.47033e-323	 0	 -9.88131e-322	 0.7144	-0.7144	 1.22118	 1.49128	 0.670563	 0	4.94066e-324	 1	 168 
 17.2077	 23.0484	 1.12739e-05	 -0.000323822	 0	 0	 1.97626e-323	 9.88131e-324	 5.13828e-322	 0	 0.7144	-0.7144	 1	 1	 1	 -4.94066e-324	0	 1	 80 
 30.3146	 8.00263	 2.8048e-06	 -0.000359922	 0	 0	 2.96439e-323	 0	 8.44852e-322	 0	 0.7144	-0.7144	 1	 1	 1	 -4.94066e-324	0	 1	 210 
 31.3381	 12.7494	 5.80697e-06	 -0.000356465	 0	 0	 0	 6.42285e-323	 -1.63042e-322	 1.69465e-321	 0.7144	-0.7144	 1.22118	 1.49128	 0.670563	 0	-4.94066e-324	 1	 133 
 8.7909	 11.0578	 3.32692e-06	 -0.000254974	 0	 0	 -2.47033e-323	 6.91692e-323	 0	 1.76381e-321	 0.7144	-0.7144	 1.22118	 1.49128	 0.670563	 0	-4.94066e-324	 2	 159 
 5.95406	 5.98825	 -4.9087e-06	 -0.000224774	 0	 0	 -4.44659e-323	 1.4822e-323	 -3.21143e-322	 0	 0.7144	-0.7144	 1.22118	 1.49128	 0.670563	 0	0	 2	 8 
 41.9471	 5.30448	 2.28942e-06	 -0.000367001	 0	 0	 3.95253e-323	 -9.88131e-324	 1.63042e-322	 6.47226e-322	 0.7144	-0.7144	 1	 1	 1	 0	0	 1	 82 
 27.1967	 22.2424	 7.02156e-07	 -0.000352182	 0	 0	 0	 0	 0	 0	 0.7144	-0.7144	 1	 1	 1	 0	0	 3	 178 
 44.0573	 0.810261	 3.31502e-06	 -0.00036573	 0	 0	 0	 -4.94066e-324	 0	 0	 0.7144	-0.7144	 1	 1	 1	 0	0	 1	 96 
 41.2384	 9.60929	 3.27534e-06	 -0.000366036	 0	 0	 -3.95253e-323	 1.97626e-323	 0	 2.56914e-322	 0.7144	-0.7144	 1.22118	 1.49128	 0.670563	 0	0	 2	 194 
 12.7836	 6.49648	 -1.20361e-05	 -0.000327521	 0	 0	 -1.97626e-323	 -6.91692e-323	 0	 -1.4822e-321	 0.7144	-0.7144	 1.22118	 1.49128	 0.670563	 0	4.94066e-324	 1	 191 
 20.7823	 4.66929	 -3.38173e-06	 -0.000347593	 0	 0	 -1.4822e-323	 -4.94066e-323	 0	 4.94066e-323	 0.7144	-0.7144	 1.22118	 1.49128	 0.670563	 0	0	 1	 16 
 3.62083	 3.25488	 -8.43238e-06	 -0.000213522	 0	 0	 -7.41098e-323	 9.88131e-324	 -6.62048e-322	 0	 0.7144	-0.7144	 1	 1	 1	 0	0	 1	 38 
 19.8795	 12.0599	 -5.03255e-06	 -0.000356582	 0	 0	 -6.91692e-323	 -6.91692e-323	 -1.4822e-321	 -1.4822e-321	 0.7144	-0.7144	 1	 1	 1	 4.94066e-324	4.94066e-324	 1	 67 
 24.3145	 11.9724	 -3.34082e-06	 -0.00035292	 0	 0	 -1.97626e-323	 1.97626e-323	 0	 0	 0.7144	-0.7144	 1	 1	 1	 0	0	 1	 138 
 21.6015	 19.6489	 8.06282e-07	 -0.000346978	 0	 0	 2.47033e-323	 -1.97626e-323	 6.62048e-322	 0	 0.7144	-0.7144	 1	 1	 1	 0	0	 1	 22 
 37.9495	 6.64224	 2.68761e-06	 -0.000365277	 0	 0	 4.94066e-323	 -4.94066e-323	 0	 -6.47226e-322	 0.7144	-0.7144	 1.22118	 1.49128	 0.670563	 0	0	 0	 -2 
 12.2017	 20.7037	 3.10618e-06	 -0.000272933	 0	 0	 -3.45846e-323	 -4.44659e-323	 -1.4822e-322	 -3.06321e-322	 0.7144	-0.7144	 1	 1	 1	 0	0	 1	 217 
 9.63545	 23.5008	 -3.84323e-06	 -0.00023839	 0	 0	 -4.94066e-323	 -3.95253e-323	 4.94066e-323	 0	 0.7144	-0.7144	 1.22118	 1.49128	 0.670563	 0	0	 2	 209 
 30.0226	 24.155	 1.07761e-06	 -0.000362771	 0	 0	 9.88131e-324	 4.94066e-324	 0	 0	 0.7144	-0.7144	 1.22118	 1.49128	 0.670563	 0	0	 1	 62 
 14.8463	 1.50418	 8.39682e-06	 -0.000276392	 0	 0	 2.96439e-323	 4.94066e-324	 0	 0	 0.7144	-0.7144	 1	 1	 1	 0	0	 1	 161 
 27.0113	 1.02027	 -7.02196e-08	 -0.000350105	 0	 0	 1.97626e-323	 -9.38725e-323	 -8.44852e-322	 -1.15611e-321	 0.7144	-0.7144	 1	 1	 1	 4.94066e-324	0	 1	 182 
 13.5887	 12.7012	 -1.46457e-06	 -0.000294081	 0	 0	 -1.4822e-323	 9.88131e-324	 8.44852e-322	 1.63042e-322	 0.7144	-0.7144	 1	 1	 1	 -4.94066e-324	0	 1	 32 
 26.3598	 8.09195	 7.6883e-08	 -0.000355752	 0	 0	 4.94066e-324	 1.4822e-323	 0	 0	 0.7144	-0.7144	 1	 1	 1	 0	0	 2	 202 
 11.4223	 18.8618	 3.10013e-06	 -0.000272931	 0	 0	 3.45846e-323	 4.44659e-323	 1.4822e-322	 3.06321e-322	 0.7144	-0.7144	 1	 1	 1	 0	0	 1	 185 
 7.43126	 19.736	 -3.9869e-06	 -0.000240986	 0	 0	 0	 -5.92879e-323	 0	 -1.02766e-321	 0.7144	-0.7144	 1	 1	 1	 0	0	 1	 122 
 23.1906	 5.07534	 -3.34669e-06	 -0.000347798	 0	 0	 6.42285e-323	 9.88131e-324	 8.44852e-322	 -6.47226e-322	 0.7144	-0.7144	 1.22118	 1.49128	 0.670563	 0	0	 2	 151 
 47.2128	 15.5453	 4.62536e-06	 -0.000368448	 0	 0	 -2.96439e-323	 -4.94066e-324	 0	 0	 0.7144	-0.7144	 1.22118	 1.49128	 0.670563	 0	0	 1	 78 
 45.7565	 7.75212	 2.14809e-06	 -0.00036895	 0	 0	 4.94066e-324	 4.94066e-323	 9.0414e-322	 3.31024e-322	 0.7144	-0.7144	 1.22118	 1.49128	 0.670563	 -4.94066e-324	0	 1	 41 
 6.48673	 10.2202	 -6.30852e-06	 -0.000234305	 0	 0	 1.97626e-323	 0	 0	 0	 0.7144	-0.7144	 1.22118	 1.49128	 0.670563	 0	0	 1	 205 
 29.4713	 11.5428	 1.30461e-06	 -0.000350207	 0	 0	 -1.4822e-323	 9.88131e-324	 -3.21143e-322	 6.32404e-322	 0.7144	-0.7144	 1	 1	 1	 0	-4.94066e-324	 1	 102 
 27.8004	 24.1491	 7.38891e-07	 -0.000352187	 0	 0	 0	 0	 0	 0	 0.7144	-0.7144	 1	 1	 1	 0	0	 2	 17 
 32.2677	 16.877	 7.57646e-06	 -0.000356399	 0	 0	 9.88131e-324	 1.97626e-323	 0	 0	 0.7144	-0.7144	 1.22118	 1.49128	 0.670563	 0	0	 1	 98 
 22.47	 15.7328	 -3.09877e-06	 -0.000345913	 0	 0	 -1.97626e-323	 -1.97626e-323	 0	 0	 0.7144	-0.7144	 1.22118	 1.49128	 0.670563	 0	0	 1	 64 
 29.83	 19.9732	 4.86164e-07	 -0.000359802	 0	 0	 -3.95253e-323	 -5.43472e-323	 0	 -1.63042e-322	 0.7144	-0.7144	 1	 1	 1	 0	0	 1	 124 
 7.96772	 4.06366	 -1.35168e-06	 -0.000262038	 0	 0	 4.44659e-323	 -7.90505e-323	 9.88131e-322	 -6.47226e-322	 0.7144	-0.7144	 1.22118	 1.49128	 0.670563	 0	0	 2	 81 
 28.3452	 16.6232	 2.15123e-07	 -0.00035794	 0	 0	 -3.95253e-323	 -7.90505e-323	 -1.15611e-321	 -6.47226e-322	 0.7144	-0.7144	 1	 1	 1	 4.94066e-324	0	 1	 204 
 40.8287	 16.2459	 3.82074e-06	 -0.000365839	 0	 0	 -4.94066e-323	 -9.88131e-324	 0	 -4.496e-322	 0.7144	-0.7144	 1	 1	 1	 0	4.94066e-324	 1	 13 
 13.3061	 22.3712	 8.3606e-06	 -0.000276383	 0	 0	 1.97626e-323	 -7.90505e-323	 0	 -6.47226e-322	 0.7144	-0.7144	 1	 1	 1	 0	0	 2	 48 
 39.5962	 1.46117	 1.0002e-06	 -0.000364826	 0	 0	 -1.97626e-323	 3.45846e-323	 0	 1.11659e-321	 0.7144	-0.7144	 1.22118	 1.49128	 0.670563	 0	-4.94066e-324	 1	 162 
 35.4834	 8.07731	 -3.57822e-07	 -0.000363447	 0	 0	 -4.44659e-323	 1.97626e-323	 -1.51184e-321	 1.97626e-322	 0.7144	-0.7144	 1	 1	 1	 4.94066e-324	0	 1	 111 
 21.8308	 21.8585	 -1.58454e-06	 -0.000346671	 0	 0	 2.47033e-323	 -1.4822e-323	 -8.10268e-322	 8.10268e-322	 0.7144	-0.7144	 1.22118	 1.49128	 0.670563	 4.94066e-324	-4.94066e-324	 1	 189 
 27.9395	 18.8071	 -5.2979e-07	 -0.000358059	 0	 0	 6.91692e-323	 -3.95253e-323	 1.51184e-321	 -3.16202e-322	 0.7144	-0.7144	 1.22118	 1.49128	 0.670563	 -4.94066e-324	0	 1	 145 
 40.0881	 6.04214	 2.05763e-06	 -0.000367582	 0	 0	 -1.08694e-322	 4.94066e-323	 -1.29939e-321	 0	 0.7144	-0.7144	 1	 1	 1	 0	0	 1	 47 
 37.8993	 20.868	 2.80104e-06	 -0.000364422	 0	 0	 -2.96439e-323	 -4.94066e-324	 -1.15611e-321	 0	 0.7144	-0.7144	 1.22118	 1.49128	 0.670563	 4.94066e-324	0	 0	 -2 
 14.3244	 24.3452	 8.39789e-06	 -0.000276393	 0	 0	 2.96439e-323	 9.88131e-324	 3.90312e-322	 4.496e-322	 0.7144	-0.7144	 1.22118	 1.49128	 0.670563	 0	-4.94066e-324	 1	 201 
 9.18723	 15.9294	 1.21275e-06	 -0.000247147	 0	 0	 4.94066e-324	 9.88131e-324	 -1.06224e-321	 0	 0.7144	-0.7144	 1.22118	 1.49128	 0.670563	 4.94066e-324	0	 1	 24 
 36.8731	 18.2281	 5.01249e-06	 -0.000361399	 0	 0	 4.94066e-323	 -6.91692e-323	 6.47226e-322	 -4.496e-322	 0.7144	-0.7144	 1.22118	 1.49128	 0.670563	 0	0	 1	 175 
 45.8551	 22.5105	 3.47938e-06	 -0.000366084	 0	 0	 1.97626e-323	 7.41098e-323	 0	 1.63042e-321	 0.7144	-0.7144	 1.22118	 1.49128	 0.670563	 0	-4.94066e-324	 2	 163 
 26.4161	 3.87033	 3.24989e-07	 -0.000349401	 0	 0	 4.44659e-323	 1.4822e-323	 4.34778e-322	 3.21143e-322	 0.7144	-0.7144	 1	 1	 1	 0	0	 1	 26 
 33.3371	 19.9253	 2.05065e-06	 -0.000360472	 0	 0	 6.42285e-323	 -1.4822e-323	 1.69465e-321	 0	 0.7144	-0.7144	 1	 1	 1	 -4.94066e-324	0	 2	 39 
 44.9967	 15.3935	 4.64169e-06	 -0.000368759	 0	 0	 9.88131e-324	 -1.18576e-322	 0	 -1.49702e-321	 0.7144	-0.7144	 1	 1	 1	 0	0	 1	 120 
 29.9913	 17.7593	 3.35853e-07	 -0.000358097	 0	 0	 6.42285e-323	 -4.94066e-324	 1.69465e-321	 0	 0.7144	-0.7144	 1	 1	 1	 -4.94066e-324	0	 1	 100 
 16.9093	 0.0265742	 -1.08066e-05	 -0.000326756	 0	 0	 4.44659e-323	 9.88131e-324	 5.13828e-322	 0	 0.7144	-0.7144	 1	 1	 1	 0	0	 1	 116 
 36.2686	 13.073	 4.37742e-06	 -0.000362264	 0	 0	 4.94066e-323	 0	 0	 0	 0.7144	-0.7144	 1	 1	 1	 0	0	 2	 113 
 34.1343	 18.0818	 9.12375e-06	 -0.000358407	 0	 0	 -2.96439e-323	 9.88131e-324	 0	 -1.08694e-322	 0.7144	-0.7144	 1	 1	 1	 0	0	 1	 218 
 34.2858	 4.78918	 2.07509e-06	 -0.000363047	 0	 0	 -4.94066e-324	 -4.94066e-324	 0	 -3.31024e-322	 0.7144	-0.7144	 1	 1	 1	 0	0	 0	 0 
 22.5427	 23.9626	 -1.61165e-06	 -0.000346663	 0	 0	 -1.97626e-323	 -4.94066e-324	 -1.63042e-322	 0	 0.7144	-0.7144	 1	 1	 1	 0	0	 0	 0 
 19.6186	 22.1624	 8.57699e-06	 -0.000335097	 0	 0	 6.91692e-323	 9.88131e-324	 1.11659e-321	 0	 0.7144	-0.7144	 1	 1	 1	 0	0	 0	 0 
 16.9618	 4.24857	 5.68976e-06	 -0.000305696	 0	 0	 8.89318e-323	 4.94066e-324	 1.2154e-321	 0	 0.7144	-0.7144	 1	 1	 1	 0	0	 0	 0 
 2.43069	 24.3748	 -4.88721e-06	 -0.000213236	 0	 0	 -7.90505e-323	 3.95253e-323	 -1.11659e-321	 0	 0.7144	-0.7144	 1	 1	 1	 0	0	 0	 0 
 33.7647	 21.8792	 2.06479e-06	 -0.000360448	 0	 0	 -9.88131e-324	 0	 3.31024e-322	 0	 0.7144	-0.7144	 1	 1	 1	 -4.94066e-324	0	 0	 0 
 17.8894	 21.1569	 5.0048e-06	 -0.000328299	 0	 0	 3.95253e-323	 2.47033e-323	 0	 0	 0.7144	-0.7144	 1	 1	 1	 0	0	 0	 0 
 26.0538	 20.6006	 1.5854e-07	 -0.000351872	 0	 0	 -1.18576e-322	 9.88131e-324	 -1.4822e-321	 0	 0.7144	-0.7144	 1	 1	 1	 0	0	 0	 0 
 2.26809	 12.4374	 -4.15872e-06	 -0.00021178	 0	 0	 9.88131e-324	 5.92879e-323	 3.80431e-322	 1.37844e-321	 0.7144	-0.7144	 1	 1	 1	 0	-4.94066e-324	 0	 0 
 7.24763	 22.0281	 -1.66514e-06	 -0.000261786	 0	 0	 0	 -3.95253e-323	 0	 0	 0.7144	-0.7144	 1	 1	 1	 0	0	 0	 0 
 16.7873	 19.4878	 2.13781e-06	 -0.000324886	 0	 0	 0	 -5.43472e-323	 3.80431e-322	 -6.17582e-322	 0.7144	-0.7144	 1	 1	 1	 -4.94066e-324	0	 0	 0 
 35.1204	 10.2268	 2.55413e-06	 -0.000361338	 0	 0	 -4.94066e-323	 9.88131e-324	 4.44659e-323	 3.16202e-322	 0.7144	-0.7144	 1	 1	 1	 0	0	 0	 0 
 13.8215	 8.46089	 -1.20088e-05	 -0.000327498	 0	 0	 -5.92879e-323	 -9.88131e-324	 -8.10268e-322	 0	 0.7144	-0.7144	 1	 1	 1	 0	0	 0	 0 
 37.3481	 8.80069	 1.91011e-07	 -0.000364816	 0	 0	 7.41098e-323	 -1.97626e-323	 1.81322e-321	 0	 0.7144	-0.7144	 1	 1	 1	 -4.94066e-324	0	 0	 0 
 23.2479	 0.834118	 -1.61369e-06	 -0.000346662	 0	 0	 1.97626e-323	 4.94066e-324	 1.63042e-322	 0	 0.7144	-0.7144	 1	 1	 1	 0	0	 0	 0 
 46.0457	 4.98939	 3.41503e-06	 -0.000365611	 0	 0	 1.4822e-323	 -3.95253e-323	 0	 6.47226e-322	 0.7144	-0.7144	 1	 1	 1	 0	-4.94066e-324	 0	 0 
 34.472	 12.1937	 4.16884e-06	 -0.000361879	 0	 0	 -3.45846e-323	 0	 -3.31024e-322	 0	 0.7144	-0.7144	 1	 1	 1	 0	0	 0	 0 
 3.52972	 21.5359	 1.70253e-07	 -0.000219969	 0	 0	 -2.96439e-323	 4.94066e-324	 -1.2401e-321	 0	 0.7144	-0.7144	 1	 1	 1	 4.94066e-324	0	 0	 0 
 48.2043	 24.2239	 2.84604e-06	 -0.000366985	 0	 0	 -1.97626e-323	 -8.39912e-323	 7.85564e-322	 -1.87745e-321	 0.7144	-0.7144	 1	 1	 1	 -4.94066e-324	4.94066e-324	 0	 0 
 2.364	 19.6346	 1.78348e-07	 -0.00021998	 0	 0	 4.94066e-323	 0	 0	 0	 0.715543	-0.715543	 1.22118	 1.49128	 0.670563	 0	0	 1	 83 
 20.0172	 15.2447	 1.23717e-06	 -0.000347523	 0	 0	 1.97626e-323	 9.88131e-324	 8.44852e-322	 9.23903e-322	 0.715543	-0.715543	 1.22118	 1.49128	 0.670563	 0	-4.94066e-324	 0	 -2 
 24.4505	 14.1806	 -3.1032e-06	 -0.000352269	 0	 0	 4.94066e-323	 4.94066e-323	 0	 0	 0.715543	-0.715543	 1.22118	 1.49128	 0.670563	 0	0	 2	 126 
 4.45646	 12.8284	 -4.9037e-06	 -0.000227051	 0	 0	 -5.92879e-323	 -4.44659e-323	 -1.11659e-321	 0	 0.715543	-0.715543	 1.22118	 1.49128	 0.670563	 0	0	 1	 87 
 36.23	 3.69751	 2.17294e-06	 -0.000362877	 0	 0	 0	 0	 0	 0	 0.715543	-0.715543	 1.22118	 1.49128	 0.670563	 0	0	 1	 119 
 17.8112	 6.04508	 3.27439e-07	 -0.000303096	 0	 0	 6.42285e-323	 -1.4822e-323	 8.44852e-322	 0	 0.715543	-0.715543	 1	 1	 1	 0	0	 1	 164 
 15.2719	 10.3021	 -2.00633e-05	 -0.000303209	 0	 0	 -2.96439e-323	 -9.88131e-324	 0	 0	 0.715543	-0.715543	 1.22118	 1.49128	 0.670563	 0	0	 2	 97 
 4.27589	 10.5954	 -1.00586e-05	 -0.000228389	 0	 0	 4.94066e-323	 -9.88131e-324	 0	 3.80431e-322	 0.715543	-0.715543	 1	 1	 1	 0	-4.94066e-324	 0	 -2 
 23.9299	 19.9327	 -5.61638e-07	 -0.000349663	 0	 0	 -4.94066e-323	 -1.97626e-323	 0	 0	 0.715543	-0.715543	 1.22118	 1.49128	 0.670563	 0	0	 1	 43 
 5.54363	 3.79449	 -4.91641e-06	 -0.00022478	 0	 0	 -4.44659e-323	 -1.4822e-323	 -3.06321e-322	 2.61855e-322	 0.715543	-0.715543	 1	 1	 1	 0	-4.94066e-324	 1	 214 
 22.5187	 2.9414	 -4.48894e-06	 -0.00034745	 0	 0	 -1.18576e-322	 3.45846e-323	 -1.49702e-321	 3.31024e-322	 0.715543	-0.715543	 1	 1	 1	 0	0	 2	 135 
 16.6162	 8.21942	 2.1789e-05	 -0.000285418	 0	 0	 8.39912e-323	 6.91692e-323	 1.82804e-321	 1.02766e-321	 0.715543	-0.715543	 1.22118	 1.49128	 0.670563	 -4.94066e-324	0	 0	 -2 
 19.6957	 10.0485	 -4.9965e-06	 -0.000356628	 0	 0	 -1.97626e-323	 -3.45846e-323	 8.44852e-322	 6.62048e-322	 0.715543	-0.715543	 1	 1	 1	 -4.94066e-324	-4.94066e-324	 1	 117 
 4.71131	 24.6562	 -4.92677e-06	 -0.000224797	 0	 0	 0	 1.4822e-323	 0	 1.2401e-321	 0.715543	-0.715543	 1.22118	 1.49128	 0.670563	 0	-4.94066e-324	 0	 -2 
 24.7577	 16.6105	 -1.33591e-06	 -0.000351649	 0	 0	 0	 4.94066e-323	 0	 0	 0.715543	-0.715543	 1.22118	 1.49128	 0.670563	 0	0	 2	 108 
 35.6485	 22.534	 2.93275e-06	 -0.000362826	 0	 0	 7.41098e-323	 0	 1.81322e-321	 0	 0.715543	-0.715543	 1	 1	 1	 -4.94066e-324	0	 1	 183 
 39.3078	 18.8551	 5.54469e-06	 -0.00036247	 0	 0	 0	 -9.38725e-323	 0	 -9.0414e-322	 0.715543	-0.715543	 1.22118	 1.49128	 0.670563	 0	0	 1	 92 
 39.9132	 21.7876	 3.25104e-06	 -0.000365389	 0	 0	 1.4822e-323	 2.47033e-323	 0	 -8.44852e-322	 0.715543	-0.715543	 1	 1	 1	 0	4.94066e-324	 1	 152 
 1.96993	 10.2096	 -9.49492e-06	 -0.000207557	 0	 0	 0	 -2.47033e-323	 0	 0	 0.715543	-0.715543	 1.22118	 1.49128	 0.670563	 0	0	 1	 27 
 5.06059	 18.358	 -3.11167e-06	 -0.000222104	 0	 0	 4.94066e-324	 -1.97626e-323	 0	 8.10268e-322	 0.715543	-0.715543	 1.22118	 1.49128	 0.670563	 0	-4.94066e-324	 1	 59 
 33.0388	 10.7815	 4.15003e-06	 -0.000361879	 0	 0	 -1.4822e-323	 -4.94066e-323	 -1.2401e-321	 0	 0.715543	-0.715543	 1	 1	 1	 4.94066e-324	0	 0	 -2 
 45.3	 9.97194	 2.12266e-06	 -0.000368934	 0	 0	 9.88131e-324	 -3.45846e-323	 0	 -4.99006e-322	 0.715543	-0.715543	 1	 1	 1	 0	0	 1	 156 
 47.8274	 17.6826	 9.50529e-07	 -0.000367227	 0	 0	 2.47033e-323	 0	 0	 0	 0.715543	-0.715543	 1	 1	 1	 0	0	 1	 9 
 39.0604	 10.7041	 2.54178e-06	 -0.000366661	 0	 0	 -4.94066e-323	 1.4822e-323	 0	 0	 0.715543	-0.715543	 1.22118	 1.49128	 0.670563	 0	0	 1	 179 
 25.262	 24.6344	 -7.83126e-07	 -0.00034924	 0	 0	 4.44659e-323	 9.88131e-324	 3.21143e-322	 5.2865e-322	 0.715543	-0.715543	 1.22118	 1.49128	 0.670563	 0	-4.94066e-324	 1	 73 
 2.75948	 14.6746	 1.11548e-05	 -0.000215241	 0	 0	 9.88131e-324	 1.4822e-323	 0	 -2.42092e-322	 0.715543	-0.715543	 1.22118	 1.49128	 0.670563	 0	0	 1	 132 
 34.6787	 24.5348	 2.27974e-06	 -0.000362975	 0	 0	 -1.4822e-323	 0	 0	 0	 0.715543	-0.715543	 1.22118	 1.49128	 0.670563	 0	0	 1	 203 
 45.7394	 2.16364	 1.5955e-06	 -0.000366946	 0	 0	 1.97626e-323	 0	 0	 0	 0.715543	-0.715543	 1	 1	 1	 0	0	 1	 103 
 36.8845	 11.1522	 3.29062e-06	 -0.000362681	 0	 0	 4.94066e-323	 4.94066e-324	 -4.44659e-323	 -3.16202e-322	 0.715543	-0.715543	 1	 1	 1	 0	0	 1	 155 
 38.2488	 12.7727	 3.87299e-06	 -0.000366034	 0	 0	 -2.96439e-323	 -1.4822e-323	 0	 -3.21143e-322	 0.715543	-0.715543	 1	 1	 1	 0	0	 1	 10 
 22.2307	 11.1602	 -1.93575e-06	 -0.000346582	 0	 0	 -9.88131e-324	 4.94066e-324	 0	 -1.06224e-321	 0.715543	-0.715543	 1	 1	 1	 0	4.94066e-324	 1	 193 
 33.2532	 2.8015	 1.37015e-06	 -0.000363042	 0	 0	 -3.95253e-323	 -4.94066e-323	 0	 -1.29939e-321	 0.715543	-0.715543	 1.22118	 1.49128	 0.670563	 0	4.94066e-324	 1	 89 
 15.6838	 21.41	 1.2484e-05	 -0.000325616	 0	 0	 1.97626e-323	 4.44659e-323	 -8.44852e-322	 1.49702e-321	 0.715543	-0.715543	 1.22118	 1.49128	 0.670563	 4.94066e-324	-4.94066e-324	 2	 121 
 22.9702	 17.9295	 -8.93403e-08	 -0.000349891	 0	 0	 -2.96439e-323	 -2.96439e-323	 -3.21143e-322	 -3.21143e-322	 0.715543	-0.715543	 1	 1	 1	 0	0	 2	 200 
 16.8491	 17.4716	 7.38099e-06	 -0.000318111	 0	 0	 8.89318e-323	 -1.97626e-323	 1.2401e-321	 0	 0.715543	-0.715543	 1	 1	 1	 0	0	 1	 4 
 48.1482	 8.56371	 2.94787e-07	 -0.000369593	 0	 0	 1.4822e-323	 1.18576e-322	 0	 1.49702e-321	 0.715543	-0.715543	 1	 1	 1	 0	0	 1	 129 
 27.8331	 5.56405	 1.14645e-06	 -0.000350076	 0	 0	 -4.44659e-323	 7.90505e-323	 -8.69556e-322	 9.0414e-322	 0.715543	-0.715543	 1.22118	 1.49128	 0.670563	 0	0	 1	 93 
 29.097	 13.4907	 1.2232e-06	 -0.000350201	 0	 0	 0	 6.91692e-323	 3.21143e-322	 1.51184e-321	 0.715543	-0.715543	 1	 1	 1	 0	-4.94066e-324	 2	 91 
 41.413	 18.1411	 3.93586e-06	 -0.000365876	 0	 0	 4.94066e-323	 4.94066e-323	 0	 0	 0.715543	-0.715543	 1	 1	 1	 0	0	 1	 215 
 37.3327	 23.9822	 2.95528e-06	 -0.000362811	 0	 0	 7.41098e-323	 3.45846e-323	 1.81322e-321	 -6.62048e-322	 0.715543	-0.715543	 1.22118	 1.49128	 0.670563	 -4.94066e-324	4.94066e-324	 0	 -2 
 21.8109	 9.19842	 -2.09938e-06	 -0.000347095	 0	 0	 1.97626e-323	 -1.97626e-323	 0	 0	 0.715543	-0.715543	 1	 1	 1	 0	0	 0	 -2 
 31.5751	 21.3301	 1.5537e-06	 -0.00036115	 0	 0	 9.88131e-324	 1.97626e-323	 0	 0	 0.715543	-0.715543	 1.22118	 1.49128	 0.670563	 0	0	 1	 76 
 5.27222	 22.507	 1.844e-06	 -0.000223037	 0	 0	 -7.90505e-323	 -9.88131e-324	 -6.47226e-322	 -4.496e-322	 0.715543	-0.715543	 1	 1	 1	 0	4.94066e-324	 1	 149 
 21.2659	 1.09938	 2.06769e-06	 -0.000333534	 0	 0	 4.94066e-324	 -1.97626e-323	 -3.80431e-322	 0	 0.715543	-0.715543	 1	 1	 1	 4.94066e-324	0	 1	 219 
 23.9839	 9.74749	 -4.55545e-06	 -0.000353887	 0	 0	 -1.97626e-323	 1.97626e-323	 0	 0	 0.715543	-0.715543	 1.22118	 1.49128	 0.670563	 0	0	 0	 -2 
 17.6263	 14.5821	 -1.99367e-05	 -0.000303258	 0	 0	 -4.94066e-323	 0	 -3.31024e-322	 0	 0.715543	-0.715543	 1.22118	 1.49128	 0.670563	 0	0	 1	 154 
 5.54531	 20.5257	 1.59241e-06	 -0.000223102	 0	 0	 2.96439e-323	 -1.97626e-323	 1.2401e-321	 8.10268e-322	 0.715543	-0.715543	 1	 1	 1	 -4.94066e-324	-4.94066e-324	 1	 106 
 19.8969	 24.3501	 2.30541e-06	 -0.000333239	 0	 0	 0	 0	 0	 -1.02766e-321	 0.715543	-0.715543	 1.22118	 1.49128	 0.670563	 0	4.94066e-324	 1	 5 
 7.27817	 24.2369	 -1.92824e-06	 -0.000261906	 0	 0	 -4.94066e-323	 4.94066e-324	 0	 3.31024e-322	 0.715543	-0.715543	 1.22118	 1.49128	 0.670563	 0	0	 1	 118 
 21.8365	 13.3506	 -3.31156e-06	 -0.00034644	 0	 0	 3.45846e-323	 8.89318e-323	 8.10268e-322	 1.11659e-321	 0.715543	-0.715543	 1.22118	 1.49128	 0.670563	 -4.94066e-324	0	 2	 55 
 47.7775	 6.36287	 3.96837e-06	 -0.0003663	 0	 0	 4.44659e-323	 -6.42285e-323	 3.21143e-322	 -8.44852e-322	 0.715543	-0.715543	 1.22118	 1.49128	 0.670563	 0	0	 0	 -2 
 30.756	 3.22921	 2.11877e-06	 -0.000359996	 0	 0	 2.96439e-323	 0	 -6.57107e-322	 0	 0.715543	-0.715543	 1.22118	 1.49128	 0.670563	 4.94066e-324	0	 1	 36 
 16.436	 12.4493	 -1.99416e-05	 -0.00030326	 0	 0	 2.96439e-323	 9.88131e-324	 0	 0	 0.715543	-0.715543	 1.22118	 1.49128	 0.670563	 0	0	 2	 63 
 28.33	 7.72895	 1.19319e-06	 -0.000350083	 0	 0	 -4.94066e-323	 2.96439e-323	 -6.47226e-322	 0	 0.715543	-0.715543	 1	 1	 1	 0	0	 0	 -2 
 6.64075	 12.4248	 -6.26483e-06	 -0.000234216	 0	 0	 4.44659e-323	 1.4822e-323	 7.21336e-322	 1.2401e-321	 0.715543	-0.715543	 1	 1	 1	 0	-4.94066e-324	 1	 131 
 24.304	 7.2324	 -3.34839e-06	 -0.000347795	 0	 0	 -5.92879e-323	 -3.95253e-323	 -8.44852e-322	 6.47226e-322	 0.715543	-0.715543	 1.22118	 1.49128	 0.670563	 0	-4.94066e-324	 1	 160 
 11.7832	 14.2928	 1.08221e-05	 -0.000270693	 0	 0	 2.47033e-323	 1.97626e-323	 0	 0	 0.715543	-0.715543	 1.22118	 1.49128	 0.670563	 0	0	 3	 99 
 9.19154	 18.3607	 -8.41609e-06	 -0.00024682	 0	 0	 4.44659e-323	 -1.97626e-323	 0	 1.97626e-323	 0.715543	-0.715543	 1.22118	 1.49128	 0.670563	 0	0	 1	 141 
 5.31787	 15.805	 2.28801e-05	 -0.000223569	 0	 0	 3.95253e-323	 1.13635e-322	 0	 1.37844e-321	 0.715543	-0.715543	 1.22118	 1.49128	 0.670563	 0	0	 0	 -2 
 47.9362	 1.19975	 4.79283e-07	 -0.00036701	 0	 0	 -3.95253e-323	 3.95253e-323	 -1.37844e-321	 1.37844e-321	 0.715543	-0.715543	 1	 1	 1	 4.94066e-324	-4.94066e-324	 1	 50 
 28.6465	 9.70398	 1.26236e-06	 -0.000350234	 0	 0	 -1.4822e-323	 1.4822e-323	 -3.21143e-322	 2.47033e-322	 0.715543	-0.715543	 1	 1	 1	 0	0	 0	 -2 
 8.55067	 13.5594	 1.79975e-06	 -0.000247343	 0	 0	 -5.92879e-323	 -9.88131e-324	 -5.13828e-322	 0	 0.715543	-0.715543	 1.22118	 1.49128	 0.670563	 0	0	 1	 74 
 9.28386	 21.0504	 -4.62401e-08	 -0.000240232	 0	 0	 -9.88131e-324	 0	 -3.80431e-322	 0	 0.715543	-0.715543	 1.22118	 1.49128	 0.670563	 0	0	 1	 70 
 32.3388	 7.06137	 2.7128e-06	 -0.000361007	 0	 0	 0	 -4.94066e-323	 0	 -1.48714e-321	 0.715543	-0.715543	 1.22118	 1.49128	 0.670563	 0	4.94066e-324	 1	 128 
 43.8603	 21.5142	 3.23893e-06	 -0.000365875	 0	 0	 0	 -6.42285e-323	 0	 -1.63042e-321	 0.715543	-0.715543	 1	 1	 1	 0	4.94066e-324	 1	 110 
 37.3866	 1.20653	 4.77749e-07	 -0.000363609	 0	 0	 -1.97626e-323	 9.88131e-324	 0	 0	 0.715543	-0.715543	 1	 1	 1	 0	0	 1	 212 
 32.6444	 14.5291	 5.72143e-06	 -0.000356394	 0	 0	 -6.42285e-323	 -5.43472e-323	 -3.31024e-322	 -1.29939e-321	 0.715543	-0.715543	 1	 1	 1	 0	4.94066e-324	 1	 11 
 43.9081	 18.7457	 2.42732e-06	 -0.000365497	 0	 0	 -3.95253e-323	 -1.4822e-323	 0	 2.61855e-322	 0.715543	-0.715543	 1.22118	 1.49128	 0.670563	 0	-4.94066e-324	 1	 134 
 13.0314	 10.7658	 -1.71574e-06	 -0.000294027	 0	 0	 -4.94066e-323	 -2.47033e-323	 0	 -8.10268e-322	 0.715543	-0.715543	 1	 1	 1	 0	0	 1	 40 
 14.1409	 14.9532	 1.56583e-05	 -0.00028402	 0	 0	 0	 6.91692e-323	 0	 8.10268e-322	 0.715543	-0.715543	 1.22118	 1.49128	 0.670563	 0	0	 1	 44 
 5.0387	 8.2419	 -1.40929e-05	 -0.000228485	 0	 0	 -1.13635e-322	 0	 -1.31916e-321	 0	 0.715543	-0.715543	 1.22118	 1.49128	 0.670563	 0	0	 1	 167 
 32.4123	 23.6245	 1.53694e-06	 -0.000361143	 0	 0	 0	 -1.4822e-323	 0	 0	 0.715543	-0.715543	 1.22118	 1.49128	 0.670563	 0	0	 2	 60 
 42.6269	 2.5043	 3.27167e-06	 -0.000365418	 0	 0	 4.44659e-323	 0	 4.99006e-322	 -1.63042e-322	 0.715543	-0.715543	 1.22118	 1.49128	 0.670563	 0	0	 2	 130 
 12.4931	 4.01282	 -1.648e-06	 -0.000277383	 0	 0	 0	 0	 0	 0	 0.715543	-0.715543	 1	 1	 1	 0	0	 1	 75 
 2.57831	 7.8246	 -8.51873e-06	 -0.000207708	 0	 0	 4.94066e-323	 -2.96439e-323	 1.082e-321	 -1.04742e-321	 0.715543	-0.715543	 1.22118	 1.49128	 0.670563	 -4.94066e-324	4.94066e-324	 2	 213 
 33.6483	 8.85562	 1.16682e-06	 -0.000359853	 0	 0	 3.45846e-323	 9.88131e-324	 1.67982e-322	 0	 0.715543	-0.715543	 1	 1	 1	 0	0	 1	 115 
 3.53577	 5.54462	 -1.11025e-05	 -0.00021436	 0	 0	 -1.97626e-323	 -9.88131e-324	 0	 0	 0.715543	-0.715543	 1.22118	 1.49128	 0.670563	 0	0	 1	 153 
 43.3858	 11.1089	 1.84129e-06	 -0.000369268	 0	 0	 -2.47033e-323	 3.95253e-323	 8.10268e-322	 1.29939e-321	 0.715543	-0.715543	 1.22118	 1.49128	 0.670563	 -4.94066e-324	-4.94066e-324	 1	 136 
 29.1742	 21.849	 -2.29501e-06	 -0.000361313	 0	 0	 4.44659e-323	 1.97626e-323	 0	 0	 0.715543	-0.715543	 1	 1	 1	 0	0	 2	 21 
 39.966	 14.1816	 3.65327e-06	 -0.000365766	 0	 0	 3.95253e-323	 4.44659e-323	 4.10074e-322	 1.49702e-321	 0.715543	-0.715543	 1.22118	 1.49128	 0.670563	 0	-4.94066e-324	 1	 35 
 14.1975	 19.7235	 -1.39375e-05	 -0.000308537	 0	 0	 0	 -4.94066e-323	 0	 0	 0.715543	-0.715543	 1	 1	 1	 0	0	 2	 208 
 48.0747	 22.196	 -4.43534e-07	 -0.000366661	 0	 0	 -4.94066e-323	 1.97626e-323	 -5.13828e-322	 0	 0.715543	-0.715543	 1	 1	 1	 0	0	 1	 7 
 25.7256	 18.6097	 -1.07088e-06	 -0.000351847	 0	 0	 -6.91692e-323	 -6.91692e-323	 -1.4822e-321	 -8.10268e-322	 0.715543	-0.715543	 1	 1	 1	 4.94066e-324	0	 2	 54 
 2.16151	 1.56969	 -8.4391e-06	 -0.000213541	 0	 0	 3.45846e-323	 8.89318e-323	 3.31024e-322	 1.2401e-321	 0.715543	-0.715543	 1.22118	 1.49128	 0.670563	 0	0	 1	 148 
 14.6101	 17.3518	 6.79128e-06	 -0.000281896	 0	 0	 -7.41098e-323	 -9.88131e-324	 -5.13828e-322	 0	 0.715543	-0.715543	 1.22118	 1.49128	 0.670563	 0	0	 1	 139 
 26.978	 12.6706	 6.16058e-08	 -0.000355751	 0	 0	 0	 0	 0	 0	 0.715543	-0.715543	 1.22118	 1.49128	 0.670563	 0	0	 1	 68 
 44.6977	 13.1692	 4.08037e-07	 -0.00036828	 0	 0	 9.88131e-324	 -9.88131e-324	 -3.31024e-322	 3.31024e-322	 0.715543	-0.715543	 1.22118	 1.49128	 0.670563	 4.94066e-324	-4.94066e-324	 2	 52 
 9.78449	 0.996633	 -7.12692e-06	 -0.000270416	 0	 0	 -9.88131e-324	 1.97626e-323	 0	 0	 0.715543	-0.715543	 1.22118	 1.49128	 0.670563	 0	0	 2	 157 
 7.14456	 17.4688	 -1.02652e-05	 -0.000250636	 0	 0	 -4.94066e-324	 -5.43472e-323	 0	 -1.63042e-321	 0.715543	-0.715543	 1	 1	 1	 0	4.94066e-324	 1	 30 
 28.3559	 2.77152	 -6.16627e-08	 -0.000350102	 0	 0	 4.94066e-323	 -4.94066e-324	 0	 -1.63042e-322	 0.715543	-0.715543	 1.22118	 1.49128	 0.670563	 0	0	 1	 158 
 30.3934	 15.2942	 4.09323e-06	 -0.0003523	 0	 0	 -9.88131e-324	 -1.97626e-323	 0	 0	 0.715543	-0.715543	 1.22118	 1.49128	 0.670563	 0	0	 1	 125 
 44.4848	 3.72157	 3.32418e-06	 -0.000365497	 0	 0	 0	 -4.94066e-323	 1.63042e-322	 0	 0.715543	-0.715543	 1	 1	 1	 0	0	 1	 174 
 41.9269	 0.164345	 3.19359e-06	 -0.000365439	 0	 0	 -2.96439e-323	 0	 -4.19956e-322	 0	 0.715543	-0.715543	 1.22118	 1.49128	 0.670563	 0	0	 0	 -2 
 40.7469	 3.68713	 2.27901e-06	 -0.000366994	 0	 0	 8.89318e-323	 3.95253e-323	 1.9812e-321	 -6.47226e-322	 0.715543	-0.715543	 1	 1	 1	 -4.94066e-324	4.94066e-324	 2	 216 
 3.01586	 17.4833	 -3.81832e-06	 -0.000219353	 0	 0	 1.97626e-323	 9.88131e-324	 0	 -3.31024e-322	 0.715543	-0.715543	 1	 1	 1	 0	4.94066e-324	 2	 28 
 47.4877	 13.1006	 1.02727e-06	 -0.000368898	 0	 0	 3.95253e-323	 4.94066e-323	 0	 1.63042e-322	 0.715543	-0.715543	 1.22118	 1.49128	 0.670563	 0	0	 1	 23 
 31.5713	 18.969	 1.03936e-06	 -0.000358568	 0	 0	 -4.94066e-323	 1.03754e-322	 4.94066e-323	 1.2401e-321	 0.715543	-0.715543	 1	 1	 1	 0	0	 1	 137 
 17.3316	 1.96609	 -1.1676e-05	 -0.000326269	 0	 0	 -5.43472e-323	 -9.88131e-324	 -5.13828e-322	 0	 0.715543	-0.715543	 1	 1	 1	 0	0	 1	 77 
 42.0087	 20.2809	 2.45155e-06	 -0.00036546	 0	 0	 -6.42285e-323	 0	 -1.69465e-321	 0	 0.715543	-0.715543	 1.22118	 1.49128	 0.670563	 4.94066e-324	0	 1	 127 
 41.6471	 7.27744	 2.09654e-06	 -0.000367626	 0	 0	 -6.91692e-323	 -6.91692e-323	 -8.44852e-322	 -8.44852e-322	 0.715543	-0.715543	 1	 1	 1	 0	0	 0	 -2 
 41.9283	 22.722	 3.27117e-06	 -0.000365443	 0	 0	 2.96439e-323	 0	 4.19956e-322	 0	 0.715543	-0.715543	 1.22118	 1.49128	 0.670563	 0	0	 0	 -2 
 38.6255	 16.5092	 4.27506e-06	 -0.000362158	 0	 0	 0	 1.97626e-323	 0	 0	 0.715543	-0.715543	 1.22118	 1.49128	 0.670563	 0	0	 2	 25 
 35.5316	 20.2515	 2.46305e-06	 -0.000363081	 0	 0	 1.4822e-323	 2.96439e-323	 0	 0	 0.715543	-0.715543	 1.22118	 1.49128	 0.670563	 0	0	 0	 -2 
 19.4771	 2.588	 -3.53183e-06	 -0.000347512	 0	 0	 -4.94066e-323	 4.94066e-323	 -1.29939e-321	 0	 0.715543	-0.715543	 1.22118	 1.49128	 0.670563	 4.94066e-324	0	 1	 61 
 7.39692	 1.67634	 -1.9066e-06	 -0.000261906	 0	 0	 -6.42285e-323	 7.90505e-323	 -9.88131e-322	 1.8231e-321	 0.715543	-0.715543	 1.22118	 1.49128	 0.670563	 0	-4.94066e-324	 1	 56 
 26.7138	 15.0986	 -1.65518e-06	 -0.000355934	 0	 0	 0	 0	 0	 0	 0.715543	-0.715543	 1.22118	 1.49128	 0.670563	 0	0	 2	 69 
 15.4135	 6.08974	 1.21612e-05	 -0.00028067	 0	 0	 -8.39912e-323	 -6.91692e-323	 -1.82804e-321	 -1.02766e-321	 0.715543	-0.715543	 1.22118	 1.49128	 0.670563	 4.94066e-324	0	 0	 -2 
 20.7787	 17.5665	 -6.50607e-07	 -0.000346746	 0	 0	 7.41098e-323	 -2.96439e-323	 1.2401e-321	 0	 0.715543	-0.715543	 1.22118	 1.49128	 0.670563	 0	0	 1	 45 
 35.4307	 1.6248	 8.61239e-07	 -0.00036246	 0	 0	 -1.4822e-323	 6.91692e-323	 3.21143e-322	 1.57113e-321	 0.715543	-0.715543	 1	 1	 1	 -4.94066e-324	-4.94066e-324	 1	 49 
 42.4272	 14.0977	 3.22741e-06	 -0.000366006	 0	 0	 -3.45846e-323	 2.96439e-323	 -9.0414e-322	 0	 0.715543	-0.715543	 1.22118	 1.49128	 0.670563	 0	0	 1	 2 
 10.9054	 9.7433	 1.08219e-05	 -0.000270693	 0	 0	 4.94066e-324	 -4.94066e-324	 4.99006e-322	 -1.63042e-322	 0.715543	-0.715543	 1	 1	 1	 -4.94066e-324	0	 1	 85 
 11.818	 24.6199	 6.36804e-06	 -0.000254707	 0	 0	 9.88131e-324	 -1.97626e-323	 0	 0	 0.715543	-0.715543	 1.22118	 1.49128	 0.670563	 0	0	 1	 37 
 35.4165	 16.2503	 5.0022e-06	 -0.000361411	 0	 0	 -4.44659e-323	 2.96439e-323	 -1.2401e-321	 -2.47033e-323	 0.715543	-0.715543	 1.22118	 1.49128	 0.670563	 4.94066e-324	0	 1	 147 
 46.1021	 24.9232	 3.16803e-06	 -0.000366001	 0	 0	 3.95253e-323	 -1.97626e-323	 0	 0	 0.715543	-0.715543	 1.22118	 1.49128	 0.670563	 0	0	 2	 66 
 30.2681	 5.76465	 2.21132e-06	 -0.000359911	 0	 0	 9.88131e-324	 -1.97626e-323	 0	 0	 0.715543	-0.715543	 1.22118	 1.49128	 0.670563	 0	0	 2	 123 
 39.481	 8.23361	 2.69332e-06	 -0.000365283	 0	 0	 4.44659e-323	 7.41098e-323	 4.89125e-322	 1.73417e-321	 0.715543	-0.715543	 1	 1	 1	 0	-4.94066e-324	 2	 79 
 43.8776	 23.7982	 3.12755e-06	 -0.00036435	 0	 0	 4.44659e-323	 0	 0	 0	 0.715543	-0.715543	 1	 1	 1	 0	0	 1	 109 
 31.6593	 0.950505	 -4.60295e-07	 -0.000361525	 0	 0	 -1.4822e-323	 0	 -6.62048e-322	 0	 0.715543	-0.715543	 1.22118	 1.49128	 0.670563	 4.94066e-324	0	 1	 86 
 21.4849	 6.99492	 -2.21505e-06	 -0.000347628	 0	 0	 5.43472e-323	 -8.89318e-323	 8.34971e-322	 -9.58487e-322	 0.715543	-0.715543	 1.22118	 1.49128	 0.670563	 0	0	 1	 95 
 11.6817	 2.17462	 -1.73463e-06	 -0.000277736	 0	 0	 0	 0	 0	 0	 0.715543	-0.715543	 1	 1	 1	 0	0	 0	 -2 
 39.7757	 24.0046	 3.02606e-06	 -0.000365392	 0	 0	 -3.45846e-323	 4.94066e-324	 -8.44852e-322	 0	 0.715543	-0.715543	 1.22118	 1.49128	 0.670563	 4.94066e-324	0	 0	 -2 
 32.287	 4.83858	 2.16156e-06	 -0.000360022	 0	 0	 6.42285e-323	 3.95253e-323	 1.69465e-321	 -6.47226e-322	 0.715543	-0.715543	 1	 1	 1	 -4.94066e-324	4.94066e-324	 1	 94 
 24.5565	 22.2961	 -7.80117e-07	 -0.000349242	 0	 0	 -4.44659e-323	 -9.88131e-324	 -3.21143e-322	 -5.2865e-322	 0.715543	-0.715543	 1.22118	 1.49128	 0.670563	 0	4.94066e-324	 2	 88 
 37.1441	 14.8541	 4.35756e-06	 -0.000362222	 0	 0	 -4.44659e-323	 -2.96439e-323	 -1.2401e-321	 0	 0.715543	-0.715543	 1	 1	 1	 4.94066e-324	0	 1	 190 
 45.6285	 20.1507	 2.1243e-06	 -0.000365126	 0	 0	 0	 4.94066e-323	 0	 0	 0.715543	-0.715543	 1	 1	 1	 0	0	 1	 143 
 26.4085	 10.2955	 6.17224e-08	 -0.000355751	 0	 0	 -5.43472e-323	 4.94066e-323	 -1.57113e-321	 0	 0.715543	-0.715543	 1.22118	 1.49128	 0.670563	 4.94066e-324	0	 1	 84 
 5.15763	 1.83209	 -4.92166e-06	 -0.000224787	 0	 0	 2.96439e-323	 -6.42285e-323	 0	 -3.31024e-322	 0.715543	-0.715543	 1	 1	 1	 0	0	 1	 34 
 47.4121	 10.6594	 2.12323e-06	 -0.000368935	 0	 0	 -1.97626e-323	 -5.43472e-323	 0	 -9.88131e-322	 0.715543	-0.715543	 1.22118	 1.49128	 0.670563	 0	0	 0	 -2 
 9.64565	 7.91393	 1.08158e-05	 -0.000270689	 0	 0	 0	 4.94066e-323	 0	 6.47226e-322	 0.715543	-0.715543	 1.22118	 1.49128	 0.670563	 0	0	 2	 177 
 38.604	 4.27164	 2.7506e-06	 -0.000365261	 0	 0	 -3.45846e-323	 6.42285e-323	 -1.63042e-322	 1.69465e-321	 0.715543	-0.715543	 1.22118	 1.49128	 0.670563	 0	-4.94066e-324	 1	 14 
 31.3641	 9.68796	 2.87316e-06	 -0.000359958	 0	 0	 -2.47033e-323	 0	 -8.44852e-322	 0	 0.715543	-0.715543	 1	 1	 1	 0	0	 1	 105 
 35.795	 6.08425	 2.0963e-06	 -0.000363079	 0	 0	 -7.90505e-323	 -4.44659e-323	 -6.32404e-322	 -1.97626e-322	 0.715543	-0.715543	 1	 1	 1	 0	0	 1	 180 
 14.8	 3.71207	 -2.98635e-06	 -0.000276419	 0	 0	 -6.42285e-323	 5.43472e-323	 -9.0414e-322	 8.10268e-322	 0.715543	-0.715543	 1.22118	 1.49128	 0.670563	 0	0	 2	 176 
 19.6255	 19.9536	 1.39141e-06	 -0.000340917	 0	 0	 8.89318e-323	 9.88131e-323	 1.90215e-321	 1.11659e-321	 0.715543	-0.715543	 1	 1	 1	 -4.94066e-324	0	 0	 -2 
 18.7974	 7.78508	 -1.75288e-06	 -0.000301867	 0	 0	 -6.42285e-323	 1.4822e-323	 -8.44852e-322	 0	 0.715543	-0.715543	 1	 1	 1	 0	0	 1	 112 
 25.0715	 2.08556	 3.21855e-07	 -0.000349399	 0	 0	 -2.47033e-323	 -1.97626e-323	 8.44852e-322	 0	 0.715543	-0.715543	 1.22118	 1.49128	 0.670563	 -4.94066e-324	0	 1	 101 
 43.5	 8.66886	 1.9833e-06	 -0.000369324	 0	 0	 -1.97626e-323	 1.97626e-323	 2.17389e-322	 -2.17389e-322	 0.715543	-0.715543	 1.22118	 1.49128	 0.670563	 0	0	 1	 181 
 41.1244	 12.0314	 3.12771e-06	 -0.000366042	 0	 0	 1.97626e-323	 -4.94066e-324	 0	 1.63042e-322	 0.715543	-0.715543	 1.22118	 1.49128	 0.670563	 0	0	 2	 140 
 45.7698	 17.5207	 -5.55475e-07	 -0.000369337	 0	 0	 -4.94066e-323	 -1.97626e-323	 -4.496e-322	 -3.31024e-322	 0.715543	-0.715543	 1	 1	 1	 0	0	 1	 171 
 11.0636	 11.9588	 1.08219e-05	 -0.000270693	 0	 0	 -2.47033e-323	 -1.97626e-323	 0	 0	 0.715543	-0.715543	 1.22118	 1.49128	 0.670563	 0	0	 0	 -2 
 43.0376	 16.4637	 3.84545e-06	 -0.000366043	 0	 0	 6.42285e-323	 -1.4822e-323	 1.69465e-321	 0	 0.715543	-0.715543	 1.22118	 1.49128	 0.670563	 -4.94066e-324	0	 1	 0 
 44.061	 5.96927	 2.4356e-06	 -0.000367454	 0	 0	 3.45846e-323	 -4.44659e-323	 1.63042e-322	 -1.51678e-321	 0.715543	-0.715543	 1.22118	 1.49128	 0.670563	 0	4.94066e-324	 0	 -2 
 34.614	 14.179	 4.94576e-06	 -0.000361398	 0	 0	 -6.42285e-323	 5.43472e-323	 -3.31024e-322	 1.29939e-321	 0.715543	-0.715543	 1	 1	 1	 0	-4.94066e-324	 2	 169 
 12.0563	 16.7198	 1.08221e-05	 -0.000270693	 0	 0	 -4.94066e-323	 2.96439e-323	 0	 8.44852e-322	 0.715543	-0.715543	 1.22118	 1.49128	 0.670563	 0	-4.94066e-324	 1	 57 
 47.8436	 19.9861	 1.97464e-06	 -0.00036716	 0	 0	 -4.44659e-323	 -4.94066e-323	 -1.49702e-321	 0	 0.715543	-0.715543	 1.22118	 1.49128	 0.670563	 4.94066e-324	0	 1	 168 
 17.2083	 23.0329	 1.12739e-05	 -0.000323822	 0	 0	 2.96439e-323	 9.88131e-324	 5.13828e-322	 0	 0.715543	-0.715543	 1	 1	 1	 0	0	 1	 80 
 30.3147	 7.98536	 2.8048e-06	 -0.000359922	 0	 0	 2.47033e-323	 0	 8.44852e-322	 0	 0.715543	-0.715543	 1	 1	 1	 0	0	 1	 210 
 31.3384	 12.7323	 5.80697e-06	 -0.000356465	 0	 0	 -2.47033e-323	 6.42285e-323	 -1.63042e-322	 1.69465e-321	 0.715543	-0.715543	 1.22118	 1.49128	 0.670563	 0	-4.94066e-324	 1	 133 
 8.79106	 11.0456	 3.32692e-06	 -0.000254974	 0	 0	 -2.47033e-323	 -2.96439e-323	 0	 -3.80431e-322	 0.715543	-0.715543	 1.22118	 1.49128	 0.670563	 0	0	 2	 159 
 5.95383	 5.97747	 -4.91338e-06	 -0.000224778	 0	 0	 1.13635e-322	 4.44659e-323	 1.31916e-321	 1.49702e-321	 0.715543	-0.715543	 1.22118	 1.49128	 0.670563	 0	-4.94066e-324	 2	 8 
 41.9472	 5.28687	 2.28942e-06	 -0.000367001	 0	 0	 -8.89318e-323	 -3.95253e-323	 -1.9812e-321	 6.47226e-322	 0.715543	-0.715543	 1	 1	 1	 4.94066e-324	-4.94066e-324	 1	 82 
 27.1967	 22.2255	 7.02156e-07	 -0.000352182	 0	 0	 0	 0	 0	 0	 0.715543	-0.715543	 1	 1	 1	 0	0	 3	 178 
 44.0574	 0.792715	 3.31502e-06	 -0.00036573	 0	 0	 0	 -4.94066e-324	 0	 0	 0.715543	-0.715543	 1	 1	 1	 0	0	 1	 96 
 41.2386	 9.59173	 3.27534e-06	 -0.000366036	 0	 0	 -3.95253e-323	 1.97626e-323	 0	 2.56914e-322	 0.715543	-0.715543	 1.22118	 1.49128	 0.670563	 0	0	 2	 194 
 12.7831	 6.48077	 -1.20361e-05	 -0.000327521	 0	 0	 -1.97626e-323	 -6.91692e-323	 0	 -1.4822e-321	 0.715543	-0.715543	 1.22118	 1.49128	 0.670563	 0	4.94066e-324	 1	 191 
 20.7821	 4.65262	 -3.38173e-06	 -0.000347593	 0	 0	 -1.4822e-323	 -4.94066e-323	 0	 4.94066e-323	 0.715543	-0.715543	 1.22118	 1.49128	 0.670563	 0	0	 1	 16 
 3.62043	 3.24463	 -8.43238e-06	 -0.000213522	 0	 0	 -7.41098e-323	 9.88131e-324	 -6.62048e-322	 0	 0.715543	-0.715543	 1	 1	 1	 0	0	 1	 38 
 19.8792	 12.0428	 -5.03255e-06	 -0.000356582	 0	 0	 -6.91692e-323	 -6.91692e-323	 -1.4822e-321	 -1.4822e-321	 0.715543	-0.715543	 1	 1	 1	 4.94066e-324	4.94066e-324	 1	 67 
 24.3143	 11.9554	 -3.34082e-06	 -0.00035292	 0	 0	 -1.97626e-323	 1.97626e-323	 0	 0	 0.715543	-0.715543	 1	 1	 1	 0	0	 1	 138 
 21.6016	 19.6323	 8.06282e-07	 -0.000346978	 0	 0	 2.47033e-323	 -1.97626e-323	 6.62048e-322	 0	 0.715543	-0.715543	 1	 1	 1	 0	0	 2	 144 
 37.9496	 6.62472	 2.68761e-06	 -0.000365277	 0	 0	 4.94066e-323	 -1.97626e-323	 0	 -6.47226e-322	 0.715543	-0.715543	 1.22118	 1.49128	 0.670563	 0	0	 0	 -2 
 12.2018	 20.6906	 3.10618e-06	 -0.000272933	 0	 0	 -3.45846e-323	 -2.96439e-323	 -1.4822e-322	 -3.06321e-322	 0.715543	-0.715543	 1	 1	 1	 0	0	 1	 217 
 9.63527	 23.4893	 -3.84323e-06	 -0.00023839	 0	 0	 -4.94066e-323	 -3.95253e-323	 4.94066e-323	 0	 0.715543	-0.715543	 1.22118	 1.49128	 0.670563	 0	0	 2	 209 
 30.0227	 24.1376	 1.07761e-06	 -0.000362771	 0	 0	 9.88131e-324	 4.94066e-324	 0	 0	 0.715543	-0.715543	 1.22118	 1.49128	 0.670563	 0	0	 1	 62 
 14.8467	 1.49092	 8.39682e-06	 -0.000276392	 0	 0	 2.96439e-323	 4.94066e-324	 0	 0	 0.715543	-0.715543	 1	 1	 1	 0	0	 1	 161 
 27.0113	 1.00347	 -7.02196e-08	 -0.000350105	 0	 0	 2.47033e-323	 -7.41098e-323	 -8.44852e-322	 -1.15611e-321	 0.715543	-0.715543	 1	 1	 1	 4.94066e-324	0	 1	 182 
 13.5887	 12.6871	 -1.46457e-06	 -0.000294081	 0	 0	 -1.97626e-323	 3.45846e-323	 8.44852e-322	 1.63042e-322	 0.715543	-0.715543	 1	 1	 1	 -4.94066e-324	0	 1	 32 
 26.3598	 8.07489	 7.6883e-08	 -0.000355752	 0	 0	 4.94066e-324	 1.4822e-323	 0	 0	 0.715543	-0.715543	 1	 1	 1	 0	0	 2	 202 
 11.4225	 18.8487	 3.10013e-06	 -0.000272931	 0	 0	 3.45846e-323	 2.96439e-323	 1.4822e-322	 3.06321e-322	 0.715543	-0.715543	 1	 1	 1	 0	0	 1	 185 
 7.43107	 19.7244	 -3.9869e-06	 -0.000240986	 0	 0	 0	 -7.90505e-323	 0	 -1.02766e-321	 0.715543	-0.715543	 1	 1	 1	 0	0	 1	 122 
 23.1905	 5.05866	 -3.34669e-06	 -0.000347798	 0	 0	 5.92879e-323	 3.95253e-323	 8.44852e-322	 -6.47226e-322	 0.715543	-0.715543	 1.22118	 1.49128	 0.670563	 0	4.94066e-324	 2	 151 
 47.213	 15.5277	 4.62536e-06	 -0.000368448	 0	 0	 -2.96439e-323	 -4.94066e-324	 0	 0	 0.715543	-0.715543	 1.22118	 1.49128	 0.670563	 0	0	 1	 78 
 45.7566	 7.73442	 2.14809e-06	 -0.00036895	 0	 0	 6.42285e-323	 3.45846e-323	 9.0414e-322	 3.31024e-322	 0.715543	-0.715543	 1.22118	 1.49128	 0.670563	 0	0	 1	 41 
 6.48642	 10.2089	 -6.28855e-06	 -0.000234216	 0	 0	 4.94066e-323	 9.88131e-324	 4.496e-322	 0	 0.715543	-0.715543	 1.22118	 1.49128	 0.670563	 0	0	 1	 205 
 29.4713	 11.526	 1.30461e-06	 -0.000350207	 0	 0	 0	 -6.91692e-323	 -3.21143e-322	 -1.51184e-321	 0.715543	-0.715543	 1	 1	 1	 0	4.94066e-324	 1	 102 
 27.8004	 24.1322	 7.38891e-07	 -0.000352187	 0	 0	 0	 0	 0	 0	 0.715543	-0.715543	 1	 1	 1	 0	0	 2	 17 
 32.268	 16.8599	 7.57646e-06	 -0.000356399	 0	 0	 9.88131e-324	 1.97626e-323	 0	 0	 0.715543	-0.715543	 1.22118	 1.49128	 0.670563	 0	0	 1	 98 
 22.4698	 15.7162	 -3.09877e-06	 -0.000345913	 0	 0	 -1.97626e-323	 -1.97626e-323	 0	 0	 0.715543	-0.715543	 1.22118	 1.49128	 0.670563	 0	0	 1	 64 
 29.83	 19.9559	 4.86164e-07	 -0.000359802	 0	 0	 -3.95253e-323	 2.47033e-323	 0	 -1.63042e-322	 0.715543	-0.715543	 1	 1	 1	 0	4.94066e-324	 2	 192 
 7.96766	 4.05108	 -1.35168e-06	 -0.000262038	 0	 0	 6.42285e-323	 -4.94066e-323	 9.88131e-322	 -6.47226e-322	 0.715543	-0.715543	 1.22118	 1.49128	 0.670563	 0	0	 1	 81 
 28.3452	 16.6061	 2.15123e-07	 -0.00035794	 0	 0	 -1.97626e-323	 -4.94066e-323	 -1.15611e-321	 -6.47226e-322	 0.715543	-0.715543	 1	 1	 1	 4.94066e-324	0	 1	 204 
 40.8289	 16.2283	 3.82068e-06	 -0.000365835	 0	 0	 -7.41098e-323	 2.96439e-323	 -8.2509e-322	 0	 0.715543	-0.715543	 1	 1	 1	 0	0	 1	 13 
 13.3065	 22.3579	 8.3606e-06	 -0.000276383	 0	 0	 1.97626e-323	 -4.94066e-323	 0	 -6.47226e-322	 0.715543	-0.715543	 1	 1	 1	 0	0	 2	 48 
 39.5962	 1.44367	 1.0002e-06	 -0.000364826	 0	 0	 -1.97626e-323	 1.4822e-323	 0	 1.11659e-321	 0.715543	-0.715543	 1.22118	 1.49128	 0.670563	 0	-4.94066e-324	 1	 162 
 35.4834	 8.05988	 -3.57822e-07	 -0.000363447	 0	 0	 7.90505e-323	 4.44659e-323	 6.32404e-322	 1.97626e-322	 0.715543	-0.715543	 1	 1	 1	 0	0	 1	 111 
 21.8308	 21.8419	 -1.58454e-06	 -0.000346671	 0	 0	 -7.41098e-323	 -1.97626e-323	 -8.10268e-322	 8.10268e-322	 0.715543	-0.715543	 1.22118	 1.49128	 0.670563	 0	-4.94066e-324	 1	 189 
 27.9395	 18.7899	 -5.2979e-07	 -0.000358059	 0	 0	 -5.43472e-323	 -2.47033e-323	 -6.32404e-322	 -3.16202e-322	 0.715543	-0.715543	 1.22118	 1.49128	 0.670563	 0	0	 1	 145 
 40.0882	 6.0245	 2.05763e-06	 -0.000367582	 0	 0	 -1.13635e-322	 4.94066e-323	 -1.29939e-321	 0	 0.715543	-0.715543	 1	 1	 1	 0	0	 1	 47 
 37.8994	 20.8505	 2.80104e-06	 -0.000364422	 0	 0	 -9.88131e-324	 -4.94066e-324	 -1.15611e-321	 0	 0.715543	-0.715543	 1.22118	 1.49128	 0.670563	 4.94066e-324	0	 0	 -2 
 14.3248	 24.3319	 8.39789e-06	 -0.000276393	 0	 0	 -7.41098e-323	 9.88131e-324	 -1.75393e-321	 4.496e-322	 0.715543	-0.715543	 1.22118	 1.49128	 0.670563	 4.94066e-324	-4.94066e-324	 1	 201 
 9.18729	 15.9175	 1.21275e-06	 -0.000247147	 0	 0	 -1.4822e-323	 9.88131e-324	 -1.06224e-321	 0	 0.715543	-0.715543	 1.22118	 1.49128	 0.670563	 4.94066e-324	0	 1	 24 
 36.8733	 18.2107	 5.01249e-06	 -0.000361399	 0	 0	 1.97626e-323	 -6.91692e-323	 6.47226e-322	 -4.496e-322	 0.715543	-0.715543	 1.22118	 1.49128	 0.670563	 0	0	 1	 175 
 45.8552	 22.4929	 3.47938e-06	 -0.000366084	 0	 0	 1.97626e-323	 6.42285e-323	 0	 1.63042e-321	 0.715543	-0.715543	 1.22118	 1.49128	 0.670563	 0	-4.94066e-324	 2	 163 
 26.4161	 3.85357	 3.24989e-07	 -0.000349401	 0	 0	 -9.88131e-324	 0	 4.34778e-322	 3.21143e-322	 0.715543	-0.715543	 1	 1	 1	 -4.94066e-324	0	 1	 26 
 33.3372	 19.908	 2.05065e-06	 -0.000360472	 0	 0	 6.42285e-323	 -1.4822e-323	 1.69465e-321	 0	 0.715543	-0.715543	 1	 1	 1	 -4.94066e-324	0	 2	 39 
 44.997	 15.3758	 4.64169e-06	 -0.000368759	 0	 0	 9.88131e-324	 -4.44659e-323	 0	 -1.49702e-321	 0.715543	-0.715543	 1	 1	 1	 0	4.94066e-324	 1	 120 
 29.9913	 17.7421	 3.35853e-07	 -0.000358097	 0	 0	 6.42285e-323	 -4.94066e-324	 1.69465e-321	 0	 0.715543	-0.715543	 1	 1	 1	 -4.94066e-324	0	 1	 100 
 16.9087	 0.0108979	 -1.08066e-05	 -0.000326756	 0	 0	 5.43472e-323	 9.88131e-324	 5.13828e-322	 0	 0.715543	-0.715543	 1	 1	 1	 0	0	 1	 116 
 36.2688	 13.0556	 4.37742e-06	 -0.000362264	 0	 0	 4.94066e-323	 0	 0	 0	 0.715543	-0.715543	 1	 1	 1	 0	0	 1	 113 
 34.1347	 18.0646	 9.12375e-06	 -0.000358407	 0	 0	 -2.96439e-323	 -5.43472e-323	 0	 -1.08694e-322	 0.715543	-0.715543	 1	 1	 1	 0	0	 1	 218 
 34.2859	 4.77176	 2.07509e-06	 -0.000363047	 0	 0	 -4.94066e-324	 9.88131e-324	 0	 -3.31024e-322	 0.715543	-0.715543	 1	 1	 1	 0	4.94066e-324	 0	 0 
 22.5426	 23.9459	 -1.61165e-06	 -0.000346663	 0	 0	 -4.44659e-323	 -4.94066e-324	 -1.63042e-322	 0	 0.715543	-0.715543	 1	 1	 1	 0	0	 0	 0 
 19.619	 22.1463	 8.57699e-06	 -0.000335097	 0	 0	 0	 9.88131e-324	 -1.02766e-321	 0	 0.715543	-0.715543	 1	 1	 1	 4.94066e-324	0	 0	 0 
 16.9621	 4.23391	 5.68976e-06	 -0.000305696	 0	 0	 -1.97626e-323	 4.94066e-324	 -9.28843e-322	 0	 0.715543	-0.715543	 1	 1	 1	 4.94066e-324	0	 0	 0 
 2.43045	 24.3646	 -4.88721e-06	 -0.000213236	 0	 0	 -5.92879e-323	 3.95253e-323	 -1.11659e-321	 0	 0.715543	-0.715543	 1	 1	 1	 0	0	 0	 0 
 33.7648	 21.8619	 2.06479e-06	 -0.000360448	 0	 0	 -7.41098e-323	 0	 -1.81322e-321	 0	 0.715543	-0.715543	 1	 1	 1	 4.94066e-324	0	 0	 0 
 17.8896	 21.1411	 5.0048e-06	 -0.000328299	 0	 0	 3.95253e-323	 2.47033e-323	 0	 0	 0.715543	-0.715543	 1	 1	 1	 0	0	 0	 0 
 26.0538	 20.5837	 1.5854e-07	 -0.000351872	 0	 0	 -1.18576e-322	 9.88131e-324	 -1.4822e-321	 0	 0.715543	-0.715543	 1	 1	 1	 0	0	 0	 0 
 2.26789	 12.4273	 -4.15872e-06	 -0.00021178	 0	 0	 5.92879e-323	 5.92879e-323	 3.80431e-322	 1.37844e-321	 0.715543	-0.715543	 1	 1	 1	 0	-4.94066e-324	 0	 0 
 7.24755	 22.0156	 -1.66514e-06	 -0.000261786	 0	 0	 0	 -3.95253e-323	 0	 0	 0.715543	-0.715543	 1	 1	 1	 0	0	 0	 0 
 16.7874	 19.4722	 2.13781e-06	 -0.000324886	 0	 0	 4.94066e-323	 -2.47033e-323	 3.80431e-322	 -6.17582e-322	 0.715543	-0.715543	 1	 1	 1	 0	4.94066e-324	 0	 0 
 35.1205	 10.2095	 2.55413e-06	 -0.000361338	 0	 0	 -4.94066e-323	 -4.94066e-324	 4.44659e-323	 3.16202e-322	 0.715543	-0.715543	 1	 1	 1	 0	0	 0	 0 
 13.8209	 8.44518	 -1.20088e-05	 -0.000327498	 0	 0	 -5.43472e-323	 -9.88131e-324	 -8.10268e-322	 0	 0.715543	-0.715543	 1	 1	 1	 0	0	 0	 0 
 37.3481	 8.78318	 1.91011e-07	 -0.000364816	 0	 0	 -6.42285e-323	 -1.97626e-323	 -3.31024e-322	 0	 0.715543	-0.715543	 1	 1	 1	 0	0	 0	 0 
 23.2478	 0.817487	 -1.61369e-06	 -0.000346662	 0	 0	 4.44659e-323	 4.94066e-324	 1.63042e-322	 0	 0.715543	-0.715543	 1	 1	 1	 0	0	 0	 0 
 46.0458	 4.97185	 3.41503e-06	 -0.000365611	 0	 0	 1.4822e-323	 -1.18576e-322	 0	 -1.49702e-321	 0.715543	-0.715543	 1	 1	 1	 0	0	 0	 0 
 34.4722	 12.1763	 4.16884e-06	 -0.000361879	 0	 0	 -1.97626e-323	 0	 -3.31024e-322	 0	 0.715543	-0.715543	 1	 1	 1	 0	0	 0	 0 
 3.52973	 21.5253	 1.70253e-07	 -0.000219969	 0	 0	 -7.41098e-323	 4.94066e-324	 -1.2401e-321	 0	 0.715543	-0.715543	 1	 1	 1	 0	0	 0	 0 
 48.2044	 24.2063	 2.84604e-06	 -0.000366985	 0	 0	 -2.47033e-323	 5.43472e-323	 7.85564e-322	 2.66795e-322	 0.715543	-0.715543	 1	 1	 1	 -4.94066e-324	0	 0	 0 
 