0.011794
0.011787
0.011777
0.011767
0.011819
0.011805
0.011793
0.011788
0.011774
0.011755
0.011767
0.011746
0.011739
0.011766
0.011739
0.012846
0.012863
0.012952
0.012986
0.013036
0.013079
0.013123
0.013158
0.013189
0.013234
0.013258
0.013279
0.013303
0.013323
0.013338
0.013410
0.013429
0.013440
0.013457
0.013464
0.013458
0.013450
0.013451
0.013665
0.013664
0.013659
0.013655
0.013640
0.013623
0.013603
0.013579
0.013581
0.013566
0.013536
0.013581
0.013552
0.013521
0.013481
0.013441
0.013397
0.013441
0.013390
0.013346
0.013324
0.013279
0.013258
0.013217
0.013189
0.013135
0.013088
0.013029
0.012971
0.012909
0.012900
0.012858
0.012794
0.012741
0.014433
0.014450
0.014553
0.014619
0.014658
0.014721
0.014938
0.014962
0.015002
0.015016
0.015048
0.015058
0.015063
0.015062
0.015083
0.015076
0.015062
0.015077
0.015058
0.015039
0.015010
0.014993
0.014955
0.014915
0.014872
0.014829
0.014804
0.014781
0.014725
0.014669
0.014609
0.014543
0.014474
0.014425
0.014363
0.014289
0.014219
0.014259
0.014176
0.014170
0.014088
0.014039
0.013957
0.013874
0.013788
0.013700
0.013609
0.013520
0.013441
0.013367
0.013273
0.013178
0.013084
0.012987
0.012895
0.012801
0.012720
0.012668
0.012685
0.012616
0.012530
0.013975
0.014026
0.014058
0.014048
0.014046
0.014042
0.014033
0.014165
0.014169
0.014201
0.014206
0.014211
0.014210
0.014209
0.014206
0.014224
0.014260
0.014251
0.014261
0.014243
0.014224
0.014276
0.014261
0.014288
0.014259
0.014234
0.014212
0.014177
0.014142
0.014102
0.014696
0.014692
0.014786
0.014796
0.014812
0.014838
0.014846
0.014852
0.014862
0.014863
0.014865
0.014908
0.014934
0.014966
0.014968
0.014980
0.015009
0.015004
0.015024
0.015012
0.015016
0.015009
0.014995
0.014994
0.014977
0.014957
0.014933
0.014907
0.014879
0.015730
0.015733
0.015793
0.015789
0.015811
0.015811
0.015812
0.015828
0.015822
0.015814
0.015805
0.015789
0.015795
0.015787
0.015764
0.015738
0.015738
0.015763
0.015766
0.015739
0.015719
0.015688
0.015652
0.015626
0.015634
0.015605
0.015571
0.015528
0.015488
0.015438
0.015388
0.015340
0.015282
0.015229
0.015183
0.015123
0.015832
0.015843
0.015849
0.015941
0.016022
0.016034
0.016090
0.016103
0.016500
0.016515
0.016587
0.016616
0.016645
0.016688
0.016736
0.016773
0.016801
0.016833
0.016852
0.016942
0.016984
0.017008
0.017027
0.017050
0.017066
0.017083
0.017093
0.017102
0.017107
0.017145
0.017146
0.017236
0.017256
0.017265
0.017345
0.017342
0.017381
0.017378
0.017380
0.017374
0.017394
0.017396
0.017403
0.017395
0.017399
0.017387
0.017372
0.017353
0.017334
0.017313
0.017299
0.017275
0.017283
0.017281
0.017258
0.017274
0.017247
0.017218
0.017188
0.017258
0.017233
0.017206
0.017169
0.017134
0.017094
0.017066
0.017026
0.016984
0.016939
0.016897
0.016849
0.016806
0.016759
0.016719
0.017057
0.017159
0.017180
0.017164
0.017154
0.017147
0.017128
0.017128
0.017174
0.017163
0.017151
0.017135
0.017119
0.017102
0.017088
0.017068
0.017098
0.017077
0.017057
0.017048
0.017026
0.017006
0.016981
0.016955
0.016949
0.016924
0.016895
0.016868
0.016836
0.017122
0.017096
0.017095
0.017144
0.017120
0.017092
0.017061
0.017030
0.017020
0.016987
0.016988
0.016987
0.016953
0.016914
0.016912
0.016872
0.016956
0.016907
0.016925
0.016893
0.016861
0.016889
0.016853
0.016821
0.016778
0.016735
0.016774
0.016725
0.016682
0.016683
0.018487
0.018562
0.018653
0.018706
0.018749
0.018811
0.018888
0.018940
0.018993
0.019068
0.019111
0.019151
0.019292
0.019330
0.019392
0.019458
0.019554
0.019578
0.019610
0.019628
0.019643
0.019670
0.019696
0.019718
0.019762
0.019797
0.019893
0.019897
0.019928
0.019937
0.019934
0.019930
0.019915
0.019949
0.019926
0.019914
0.020021
0.019998
0.019968
0.019942
0.019980
0.020382
0.020387
0.020397
0.020411
0.020411
0.020406
0.020462
0.020450
0.020454
0.020437
0.020422
0.020398
0.020392
0.020363
0.020415
0.020389
0.020360
0.020324
0.020349
0.020312
0.020551
0.020525
0.020539
0.020533
0.020530
0.020556
0.020532
0.020508
0.020482
0.020495
0.020467
0.020438
0.020485
0.020484
0.020457
0.020422
0.020385
0.020363
0.020318
0.020351
0.020337
0.020437
0.020394
0.020497
0.020471
0.020450
0.020436
0.020395
0.020356
0.020311
0.020278
0.020227
0.020199
0.020234
0.020171
0.020130
0.020068
0.020059
0.020023
0.020029
0.019973
0.019932
0.019872
0.019813
0.019752
0.019696
0.019648
0.019581
0.019515
0.020189
0.020275
0.020688
0.020682
0.020722
0.020829
0.020968
0.020998
0.021013
0.021026
0.021038
0.021057
0.021065
0.021065
0.021103
0.021134
0.021151
0.021197
0.021189
0.021225
0.021293
0.021287
0.021323
0.021315
0.021309
0.021366
0.021671
0.021673
0.021826
0.021810
0.021872
0.022105
0.022132
0.022211
0.022231
0.022249
0.022281
0.022304
0.022326
0.022334
0.022367
0.022368
0.022396
0.022418
0.023232
0.023221
0.023278
0.023286
0.023311
0.023447
0.023475
0.023516
0.023541
0.023573
0.023603
0.023648
0.023669
0.023690
0.023708
0.023724
0.023750
0.023768
0.024216
0.024334
0.024439
0.024474
0.024530
0.024581
0.024631
0.024686
0.024736
0.024781
0.024823
0.024884
0.024929
0.025044
0.025260
0.025301
0.025346
0.025393
0.025450
0.025505
0.025543
0.025578
0.025651
0.025683
0.025715
0.025743
0.025774
0.025807
0.026025
0.026059
0.026145
0.026179
0.026244
0.026300
0.026392
0.026529
0.026592
0.026669
0.026790
0.026837
0.026887
0.026931
0.026975
0.027021
0.027647
0.027694
0.027802
0.027873
0.027991
0.028066
0.028133
0.028212
0.028323
0.028381
0.028443
0.028500
0.028583
0.028639
0.028693
0.028773
0.028869
0.028940
0.029003
0.029056
0.029128
0.029197
0.029254
0.029305
0.029354
0.029457
0.029530
0.029578
0.029646
0.029890
0.029959
0.030020
0.030085
0.030141
0.030197
0.030263
0.030317
0.030368
0.030436
0.030484
0.030610
0.030661
0.030711
0.030760
0.030808
0.030875
0.030918
0.031049
0.031103
0.031221
0.031287
0.031417
0.031479
0.031781
0.031834
0.031903
0.031956
0.032054
0.032109
0.032162
0.032215
0.032267
0.032313
0.032476
0.032543
0.032596
0.032644
0.032688
0.032773
0.032843
0.032932
0.032973
0.033031
0.033069
0.033151
0.033186
0.033222
0.033268
0.033382
0.033412
0.033621
0.033650
0.033843
0.033877
0.034008
0.034065
0.034109
0.034143
0.034209
0.034267
0.034392
0.034491
0.034541
0.034591
0.034622
0.034655
0.034699
0.034725
0.034789
0.034851
0.034872
0.034893
0.034966
0.035053
0.035125
0.035492
0.035507
0.035565
0.035694
0.035731
0.035763
0.035819
0.035846
0.035873
0.035966
0.035993
0.036222
0.036260
0.036297
0.036359
0.036425
0.036458
0.036490
0.036554
0.036582
0.036860
0.036925
0.036979
0.037020
0.037062
0.037100
0.037152
0.037190
0.037232
0.037285
0.037318
0.037381
0.037411
0.037442
0.037514
0.037541
0.037578
0.037635
0.037747
0.037840
0.037877
0.037931
0.038075
0.038131
0.038170
0.038204
0.038236
0.038266
0.038348
0.038382
0.038413
0.038448
0.038475
0.038501
0.038524
0.038551
0.038582
0.038653
0.038704
0.038762
0.038788
0.038811
0.038922
0.038969
0.038999
0.039027
0.039058
0.039296
0.039440
0.039490
0.039519
0.039580
0.039606
0.039638
0.039662
0.039701
0.039731
0.039801
0.039824
0.039856
0.039876
0.039895
0.039950
0.039975
0.040005
0.040021
0.040048
0.040062
0.040107
0.040154
0.040167
0.040194
0.040205
0.040216
0.040226
0.040236
0.040247
0.040292
0.040304
0.040315
0.040324
0.040333
0.040341
0.040348
0.040378
0.040413
0.040450
0.040459
0.040468
0.040486
0.040494
0.040576
0.040689
0.040702
0.040793
0.040808
0.040836
0.040857
0.040889
0.040910
0.041061
0.041071
0.041091
0.041119
0.041178
0.041192
0.041204
0.041394
0.043215
0.043172
0.043428
0.043423
0.043492
0.043605
0.043702
0.043731
0.043756
0.044055
0.044057
0.044087
0.044096
0.044100
0.044098
0.044127
0.044157
0.044151
0.044151
0.044148
0.044193
0.044178
0.044165
0.044149
0.044129
0.044105
0.044094
0.044066
0.044048
0.044022
0.044050
0.044041
0.044020
0.043998
0.044011
0.044030
0.044043
0.044023
0.044007
0.043986
0.043969
0.043955
0.043936
0.043917
0.043932
0.043917
0.043904
0.043891
0.043880
0.043863
0.043858
0.043842
0.043828
0.043816
0.043804
0.043796
0.043783
0.043771
0.044182
0.044178
0.044202
0.044204
0.044223
0.044229
0.044236
0.044328
0.044331
0.044345
0.044483
0.044495
0.044516
0.044528
0.044534
0.044589
0.044608
0.044630
0.044634
0.044684
0.044705
0.044710
0.044719
0.044725
0.044726
0.044723
0.044718
0.044712
0.044704
0.044702
0.044698
0.044688
0.044720
0.044708
0.044703
0.044755
0.044902
0.044893
0.044900
0.044906
0.044907
0.044897
0.044887
0.044878
0.044867
0.044855
0.045154
0.045167
0.045180
0.045175
0.045209
0.045203
0.045206
0.045209
0.045226
0.045219
0.045212
0.045209
0.045212
0.045203
0.045215
0.045202
0.045203
0.045198
0.045186
0.045173
0.045162
0.045156
0.045141
0.045124
0.045106
0.045087
0.045067
0.045084
0.045075
0.045057
0.045037
0.045016
0.045001
0.045133
0.045116
0.045105
0.045090
0.045072
0.045061
0.045096
0.045072
0.045056
0.045032
0.045010
0.044987
0.044969
0.044945
0.044936
0.044914
0.044892
0.044867
0.044840
0.044820
0.044868
0.044844
0.044822
0.044819
0.044796
0.044773
0.044748
0.044742
0.044716
0.044698
0.044698
0.044673
0.044648
0.044627
0.044727
0.044749
0.044736
0.044727
0.044710
0.044693
0.044674
0.044672
0.044669
0.044658
0.044650
0.044790
0.044780
0.044897
0.044892
0.044887
0.044927
0.044921
0.044917
0.045104
0.045214
0.045233
0.045392
0.045401
0.045416
0.045424
0.045432
0.045438
0.045486
0.045489
0.045494
0.045509
0.045555
0.045562
0.045564
0.045594
0.045594
0.045594
0.045655
0.045651
0.045681
0.045860
0.045900
0.045914
0.045919
0.045926
0.045934
0.045939
0.045942
0.045941
0.045947
0.045944
0.045940
0.045981
0.045977
0.045974
0.045984
0.046003
0.045993
0.045988
0.045976
0.045965
0.045953
0.045939
0.045925
0.045909
0.045915
0.045903
0.045884
0.045893
0.045878
0.045859
0.045839
0.045825
0.045814
0.045792
0.045769
0.045750
0.045828
0.045806
0.045787
0.045765
0.045749
0.045725
0.045702
0.045718
0.045708
0.045688
0.045667
0.045646
0.045648
0.045626
0.045620
0.045598
0.045577
0.045560
0.045537
0.045514
0.045492
0.045468
0.045443
0.045418
0.045391
0.045395
0.045367
0.045341
0.045314
0.045285
0.045266
0.045236
0.045206
0.045175
0.045151
0.045150
0.045299
0.045305
0.045285
0.045270
0.045258
0.045239
0.045220
0.045199
0.045213
0.045212
0.045194
0.045180
0.045161
0.045142
0.045121
0.045117
0.045096
0.045075
0.045077
0.045070
0.045049
0.045034
0.045036
0.045052
0.045037
0.045038
0.045058
0.045288
0.045289
0.045290
0.045271
0.045256
0.045238
0.045223
0.045284
0.045259
0.045247
0.045221
0.045199
0.045172
0.045174
0.045144
0.045115
0.045085
0.045115
0.045078
0.045047
0.045009
0.044972
0.044973
0.044935
0.044914
0.044877
0.044837
0.044798
0.044787
0.044755
0.044717
0.044683
0.044642
0.044623
0.044582
0.044543
0.044501
0.044459
0.044417
0.044374
0.044392
0.044356
0.044321
0.044284
0.044246
0.044208
0.044192
0.044155
0.044117
0.044079
0.044063
0.044332
0.044393
0.044395
0.044366
0.044344
0.044341
0.044315
0.044369
0.044343
0.044319
0.044292
0.044264
0.044235
0.044205
0.044174
0.044234
0.044212
0.044229
0.044199
0.044173
0.044151
0.044122
0.044093
0.044063
0.044032
0.044002
0.043970
0.043937
0.043924
0.043891
0.043880
0.043847
0.043815
0.043783
0.043751
0.043721
0.043693
0.043661
0.043639
0.043616
0.043583
0.043553
0.043744
0.043714
0.043699
0.043671
0.043666
0.043651
0.043651
0.043630
0.043609
0.043585
0.043561
0.043536
0.043510
0.043483
0.043454
0.043429
0.043399
0.043371
0.043339
0.043347
0.043332
0.043302
0.043273
0.043243
0.043211
0.043182
0.043149
0.043115
0.043081
0.043067
0.043326
0.043284
0.043279
0.043242
0.043214
0.043181
0.043148
0.043124
0.043089
0.043054
0.043017
0.042980
0.042969
0.042931
0.042895
0.042878
0.042878
0.042837
0.042837
0.042800
0.042782
0.042748
0.042713
0.042676
0.042639
0.042636
0.042605
0.042575
0.042543
0.042520
0.042488
0.042455
0.042444
0.042416
0.042384
0.042350
0.042316
0.042282
0.042249
0.042214
0.042179
0.042143
0.042142
0.042113
0.042083
0.042078
0.042042
0.042009
0.041975
0.041940
0.041923
0.041893
0.041861
0.041828
0.041817
0.041881
0.041856
0.041828
0.041801
0.041782
0.041760
0.041728
0.041776
0.041740
0.041743
0.041711
0.041679
0.041646
0.041614
0.041579
0.041544
0.041508
0.041497
0.041458
0.041422
0.041383
0.041344
0.041365
0.041324
0.041298
0.041257
0.041218
0.041177
0.041499
0.041464
0.041451
0.041420
0.041396
0.041368
0.041345
0.041322
0.041293
0.041263
0.041310
0.041284
0.041287
0.041260
0.041234
0.041218
0.041194
0.041166
0.041141
0.041110
0.041105
0.041073
0.041042
0.041010
0.040976
0.040951
0.040922
0.041020
0.040982
0.040958
0.040955
0.040923
0.040895
0.040863
0.040853
0.040859
0.040915
0.040881
0.040857
0.040822
0.040790
0.040755
0.040720
0.040685
0.040648
0.040640
0.040615
0.040581
0.040547
0.040511
0.040475
0.040439
0.040404
0.040387
0.040350
0.040335
0.040305
0.040313
0.040280
0.040270
0.040273
0.040246
0.040212
0.040174
0.040136
0.040099
0.040074
0.040034
0.040007
0.040038
0.039998
0.039963
0.039922
0.039938
0.039911
0.039881
0.039842
0.039802
0.039761
0.039725
0.039682
0.039653
0.039609
0.039569
0.039525
0.039481
0.039437
0.039429
0.039385
0.039341
0.039296
0.039251
0.039207
0.039299
0.039247
0.039212
0.039163
0.039118
0.039070
0.039022
0.038978
0.038929
0.038879
0.038841
0.038791
0.038742
0.038691
0.038640
0.038588
0.038564
0.038511
0.038487
0.038435
0.038385
0.038333
0.038308
0.038254
0.038380
0.038322
0.038293
0.038293
0.038249
0.038203
0.038156
0.038110
0.038069
0.038020
0.037985
0.037958
0.037910
0.037871
0.037823
0.037836
0.037791
0.037828
0.037793
0.037795
0.037760
0.037796
0.037769
0.037747
0.037750
0.037723
0.037900
0.037902
0.037890
0.037867
0.037846
0.037893
0.037869
0.037849
0.037828
0.037840
0.037816
0.037791
0.037772
0.037744
0.037716
0.037687
0.037672
0.037643
0.037611
0.037579
0.037544
0.037526
0.037489
0.037453
0.037446
0.037407
0.037372
0.037330
0.037291
0.037253
0.037210
0.037167
0.037123
0.037079
0.037039
0.036993
0.036947
0.036914
0.036867
0.036820
0.036772
0.036724
0.036743
0.036698
0.036653
0.036608
0.036569
0.036524
0.036478
0.036433
0.036387
0.036390
0.036418
0.036371
0.036341
0.036293
0.036250
0.036217
0.036178
0.036137
0.036104
0.036062
0.036021
0.035986
0.035944
0.035901
0.035858
0.035816
0.035773
0.035730
0.035689
0.035648
0.035665
0.035619
0.035585
0.035540
0.035499
0.035458
0.035419
0.035728
0.035669
0.035656
0.035605
0.035569
0.035527
0.035485
0.035441
0.035492
0.035451
0.035412
0.035371
0.035330
0.035287
0.035245
0.035203
0.035159
0.035115
0.035129
0.035085
0.035094
0.035060
0.035023
0.034983
0.034943
0.034904
0.034865
0.034980
0.034932
0.034912
0.034869
0.034835
0.034795
0.034826
0.035138
0.035126
0.035116
0.035067
0.035031
0.034988
0.034945
0.034922
0.034888
0.034841
0.034802
0.034751
0.034715
0.034662
0.034621
0.034579
0.034596
0.034552
0.034511
0.034457
0.034404
0.034351
0.034300
0.034253
0.034199
0.034146
0.034095
0.034042
0.033989
0.034003
0.033950
0.033903
0.033852
0.033802
0.033752
0.033711
0.033660
0.033633
0.033590
0.033632
0.033602
0.033566
0.033525
0.033490
0.033449
0.033407
0.033366
0.033354
0.033309
0.033268
0.033227
0.033182
0.033139
0.033094
0.033048
0.033003
0.033095
0.033069
0.033055
0.033012
0.032970
0.032954
0.032910
0.032902
0.032912
0.032871
0.032836
0.032792
0.032774
0.032730
0.032687
0.032646
0.032600
0.032555
0.032508
0.032460
0.032411
0.032362
0.032362
0.032311
0.032291
0.032240
0.032210
0.032158
0.032107
0.032087
0.032070
0.032051
0.032002
0.031961
0.031910
0.031858
0.031806
0.031765
0.031712
0.031661
0.031607
0.031582
0.031535
0.031483
0.032304
0.032236
0.032281
0.032266
0.032240
0.032458
0.032444
0.032450
0.032437
0.032514
0.032501
0.032532
0.032552
0.032537
0.032518
0.032493
0.032466
0.032436
0.032442
0.032406
0.032371
0.032330
0.032589
0.032539
0.032530
0.032493
0.032459
0.032512
0.032474
0.032434
0.032391
0.032345
0.032295
0.032243
0.032189
0.032132
0.032427
0.032575
0.032570
0.032558
0.032580
0.032565
0.032553
0.032540
0.032523
0.032525
0.032503
0.032550
0.032523
0.032502
0.032530
0.032525
0.032503
0.032481
0.032457
0.032443
0.032427
0.032400
0.032371
0.032386
0.032361
0.032350
0.032318
0.032286
0.032253
0.032230
0.032194
0.032157
0.032117
0.032077
0.032035
0.031992
0.031975
0.032006
0.031957
0.031994
0.031945
0.031902
0.031857
0.031807
0.031770
0.031717
0.031663
0.031684
0.031630
0.031577
0.031515
0.031459
0.031439
0.031379
0.031319
0.031255
0.031191
0.031476
0.031423
0.031396
0.031345
0.031296
0.031250
0.031196
0.031243
0.031192
0.031318
0.031274
0.031236
0.031190
0.031144
0.031107
0.031062
0.031063
0.031008
0.031009
0.030950
0.030901
0.030879
0.030822
0.030765
0.030704
0.030653
0.030590
0.030525
0.030459
0.030391
0.030321
0.030250
0.030178
0.030132
0.030124
0.030058
0.029988
0.029950
0.029877
0.029807
0.029733
0.029660
0.029584
0.029508
0.029429
0.029350
0.029276
0.029202
0.029121
0.029069
0.029003
0.028921
0.028840
0.028781
0.028697
0.028613
0.028527
0.028441
0.028353
0.028399
0.028317
0.028255
0.028173
0.028129
0.028047
0.027967
0.028242
0.028155
0.028155
0.028089
0.028027
0.027948
0.028026
0.027953
0.027887
0.027813
0.027754
0.027678
0.027602
0.027627
0.027581
0.027512
0.027453
0.027378
0.027304
0.027228
0.027149
0.027069
0.026988
0.026906
0.026823
0.026739
0.026653
0.026574
0.026494
0.026406
0.026318
0.026231
0.026141
0.026051
0.025961
0.025871
0.025780
0.025688
0.025657
0.025568
0.025519
0.025440
0.025360
0.025475
0.025398
0.025338
0.025384
0.025357
0.025305
0.025252
0.025197
0.025201
0.025182
0.025551
0.025502
0.025539
0.025469
0.025426
0.025433
0.025398
0.025373
0.025797
0.025739
0.025737
0.025709
0.025690
0.025658
0.025688
0.025647
0.025606
0.025560
0.025519
0.025554
0.025500
0.025455
0.025401
0.025348
0.025335
0.025281
0.025233
0.025204
0.025159
0.025102
0.025044
0.025001
0.024942
0.024935
0.024879
0.024825
0.024769
0.024714
0.024656
0.024598
0.024538
0.024514
0.024471
0.024760
0.024779
0.024753
0.024728
0.024693
0.024659
0.024623
0.024601
0.024576
0.024580
0.024561
0.024538
0.024514
0.024489
0.024868
0.024812
0.024836
0.024794
0.024863
0.025031
0.025007
0.024987
0.024956
0.024954
0.024923
0.024887
0.024855
0.024814
0.024772
0.024727
0.024844
0.024809
0.025054
0.025035
0.025023
0.025003
0.024984
0.024962
0.024939
0.024916
0.024888
0.024859
0.024843
0.024811
0.024799
0.024793
0.024761
0.024728
0.024694
0.024691
0.025037
0.024987
0.024982
0.024946
0.024915
0.024878
0.024847
0.024807
0.024834
0.024789
0.024748
0.024700
0.024997
0.024962
0.024939
0.024904
0.024895
0.024875
0.024853
0.024816
0.024815
0.024780
0.024745
0.024708
0.024670
0.024630
0.024625
0.024582
0.024541
0.024497
0.024454
0.024407
0.024376
0.024336
0.024288
0.024238
0.024187
0.024134
0.024081
0.024027
0.023972
0.023939
0.023926
0.023891
0.023861
0.023879
0.023843
0.023847
0.023814
0.023783
0.023750
0.023805
0.023777
0.023748
0.023717
0.023686
0.023653
0.023619
0.023611
0.023692
0.023651
0.023789
0.023742
0.023720
0.023688
0.023651
0.023610
0.023569
0.023526
0.023482
0.023439
0.023588
0.023545
0.023509
0.023463
0.023418
0.023379
0.023330
0.023280
0.023227
0.023197
0.023142
0.023090
0.023036
0.022978
0.022928
0.022867
0.022847
0.022852
0.022791
0.022733
0.022669
0.022605
0.022599
0.022557
0.022510
0.022443
0.022384
0.022321
0.022254
0.022182
0.022110
0.022098
0.022026
0.022066
0.022033
0.021974
0.022416
0.022433
0.022579
0.022653
0.022630
0.022603
0.022572
0.022541
0.022500
0.022459
0.022413
0.022366
0.022315
0.022262
0.022210
0.022364
0.022401
0.022394
0.022349
0.022318
0.022274
0.022244
0.022198
0.022151
0.022135
0.022169
0.022123
0.022081
0.022032
0.021983
0.021965
0.021916
0.021870
0.021821
0.021770
0.021858
0.021812
0.021770
0.021725
0.021678
0.021895
0.021840
0.021811
0.021764
0.021745
0.021698
0.021651
0.021630
0.021614
0.021564
0.021515
0.021462
0.021410
0.021373
0.021364
0.021304
0.021250
0.021219
0.021321
0.021269
0.021226
0.021176
0.021292
0.021287
0.021255
0.021220
0.021182
0.021144
0.021103
0.021260
0.021218
0.021252
0.021217
0.021190
0.021157
0.021130
0.021312
0.021370
0.021351
0.021328
0.021303
0.021277
0.021260
0.021231
0.021199
0.021166
0.021130
0.021111
0.021072
0.021061
0.021021
0.021136
0.021373
0.021350
0.021332
0.021308
0.021277
0.021245
0.021212
0.021177
0.021139
0.021177
0.021139
0.021160
0.021118
0.021086
0.021047
0.021039
0.021009
0.021125
0.021114
0.021224
0.021188
0.021172
0.021142
0.021172
0.021142
0.021116
0.021096
0.021058
0.021057
0.021017
0.021023
0.020985
0.020957
0.020918
0.020879
0.020837
0.020981
0.020960
0.020952
0.021112
0.021082
0.021063
0.021037
0.021008
0.020984
0.020951
0.020916
0.020961
0.020930
0.020991
0.020957
0.020926
0.021392
0.021349
0.021388
0.021408
0.021402
0.021409
0.021547
0.021687
0.021708
0.021721
0.021727
0.021731
0.021730
0.021727
0.021738
0.021732
0.021727
0.021716
0.021708
0.021720
0.021708
0.021694
0.021678
0.021680
0.021828
0.021823
0.021836
0.021833
0.021859
0.021898
0.021922
0.022009
0.022011
0.022011
0.022021
0.022017
0.022038
0.022057
0.022052
0.022051
0.022042
0.022034
0.022026
0.022017
0.022016
0.022017
0.022007
0.022029
0.022013
0.022015
0.022037
0.022032
0.022015
0.022030
0.022011
0.021992
0.021976
0.021963
0.021940
0.021917
0.021891
0.021866
0.021838
0.021808
0.021776
0.021814
0.021804
0.021789
0.021759
0.021752
0.021719
0.021688
0.021660
0.021626
0.021590
0.021587
0.021552
0.021520
0.021486
0.021451
0.021415
0.021378
0.021340
0.021302
0.021282
0.021307
0.021270
0.021281
0.021247
0.021379
0.021938
0.021995
0.022026
0.022060
0.022163
0.022197
0.022232
0.022432
0.022490
0.022529
0.022578
0.022609
0.022640
0.022668
0.022695
0.022722
0.022761
0.022784
0.022981
0.023016
0.023053
0.023065
0.023095
0.023120
0.023136
0.023198
0.023361
0.023368
0.023392
0.023404
0.023510
0.023526
0.023544
0.023558
0.023570
0.023579
0.023588
0.023596
0.023600
0.023602
0.023647
0.023657
0.023716
0.023713
0.023714
0.023709
0.023715
0.023709
0.023701
0.023691
0.023681
0.023669
0.023666
0.023819
0.023810
0.023811
0.023813
0.023805
0.023794
0.023793
0.023781
0.023814
0.023800
0.023787
0.023789
0.023781
0.023841
0.023826
0.023833
0.023842
0.023827
0.023812
0.023799
0.023780
0.023761
0.023758
0.023760
0.023739
0.023719
0.023818
0.023789
0.023782
0.023753
0.023745
0.023747
0.023724
0.023699
0.023677
0.023651
0.023624
0.023596
0.023571
0.023541
0.023552
0.023518
0.023489
0.023459
0.023426
0.023392
0.023360
0.023354
0.023319
0.023289
0.023252
0.023215
0.023178
0.023140
0.023150
0.023112
0.023075
0.023032
0.023017
0.022979
0.022937
0.022965
0.023012
0.023065
0.023083
0.023049
0.023016
0.022978
0.022940
0.022913
0.022916
0.022873
0.022832
0.022786
0.022741
0.022697
0.022660
0.022639
0.022587
0.022555
0.022505
0.022471
0.022419
0.022412
0.022369
0.022319
0.022266
0.022225
0.022171
0.022267
0.022219
0.022192
0.022157
0.022110
0.022062
0.022013
0.021980
0.021957
0.021909
0.021907
0.021944
0.021905
0.021868
0.021836
0.021806
0.021763
0.021756
0.021759
0.021715
0.021686
0.021642
0.021601
0.021571
0.021526
0.021480
0.021432
0.021417
0.021370
0.021339
0.021290
0.021241
0.021274
0.021224
0.021179
0.021159
0.021108
0.021059
0.021007
0.020955
0.020919
0.020867
0.020813
0.020758
0.020754
0.020700
0.020650
0.020596
0.020547
0.020492
0.020437
0.020392
0.020695
0.020641
0.020646
0.020587
0.020546
0.020640
0.020596
0.020554
0.020509
0.020481
0.020528
0.020485
0.020476
0.020454
0.020418
0.020381
0.020374
0.020333
0.020296
0.020361
0.020329
0.020299
0.020267
0.020251
0.020219
0.020189
0.020157
0.020124
0.020095
0.020068
0.020034
0.020037
0.020005
0.019974
0.019940
0.019907
0.019888
0.019913
0.019881
0.019857
0.019863
0.019837
0.019807
0.019779
0.019770
0.019760
0.019735
0.019711
0.019693
0.019668
0.019677
0.019650
0.019627
0.019610
0.019775
0.019759
0.019774
0.019750
0.019732
0.019710
0.019715
0.019767
0.019745
0.019729
0.019716
0.019696
0.019675
0.019661
0.019660
0.019682
0.019672
0.019656
0.019645
0.019624
0.019603
0.019581
0.019579
0.019556
0.019582
0.019565
0.019546
0.019524
0.019533
0.019510
0.019489
0.019466
0.019441
0.019416
0.019412
0.019385
0.019370
0.019347
0.019368
0.019364
0.019365
0.019347
0.019322
0.019313
0.019296
0.019271
0.019243
0.019219
0.019189
0.019179
0.019149
0.019173
0.019145
0.019119
0.019091
0.019063
0.019034
0.019006
0.019007
0.019006
0.019005
0.018978
0.018969
0.018941
0.018925
0.018894
0.018865
0.018833
0.018806
0.018773
0.018740
0.018784
0.018751
0.018732
0.018700
0.018670
0.018638
0.018621
0.018589
0.018564
0.018532
0.018500
0.018467
0.018437
0.018409
0.018432
0.018412
0.018388
0.018356
0.018372
0.018431
0.018403
0.018387
0.018361
0.018336
0.018320
0.018336
0.018314
0.018293
0.018274
0.018249
0.018245
0.018225
0.018211
0.018198
0.018176
0.018180
0.018171
0.018169
0.018148
0.018128
0.018107
0.018233
0.018204
0.018196
0.018190
0.018168
0.018146
0.018123
0.018099
0.018136
0.018111
0.018089
0.018064
0.018038
0.018525
0.018493
0.018525
0.018503
0.018665
0.018645
0.018656
0.018675
0.018674
0.018677
0.018668
0.018658
0.018646
0.018650
0.018633
0.018616
0.018596
0.018751
0.018919
0.018969
0.018984
0.018991
0.018999
0.019006
0.019008
0.019008
0.019010
0.019006
0.018999
0.019045
0.019061
0.019054
0.019045
0.019087
0.019079
0.019068
0.019055
0.019040
0.019022
0.019003
0.019035
0.019009
0.018988
0.018959
0.018931
0.018900
0.018875
0.019029
0.019013
0.019035
0.019011
0.019039
0.019051
0.019068
0.019044
0.019026
0.018998
0.019002
0.018975
0.018964
0.018932
0.018899
0.019220
0.019211
0.019237
0.019256
0.019250
0.019241
0.019241
0.019347
0.019351
0.019446
0.019450
0.019501
0.019546
0.019554
0.019563
0.019567
0.019577
0.019580
0.019581
0.019612
0.019625
0.019623
0.019620
0.019640
0.019641
0.019639
0.019634
0.019634
0.019630
0.019624
0.019616
0.019606
0.019596
0.019623
0.019616
0.019620
0.019607
0.019653
0.019642
0.019633
0.019621
0.019608
0.019604
0.019589
0.019593
0.019579
0.019564
0.019712
0.019745
0.019750
0.019738
0.019727
0.019714
0.019712
0.019698
0.019685
0.019666
0.019647
0.019689
0.019674
0.019657
0.019633
0.019609
0.019583
0.019557
0.019531
0.019502
0.019479
0.019456
0.019427
0.019395
0.019360
0.019323
0.019285
0.019246
0.019206
0.019164
0.019121
0.019174
0.019128
0.019096
0.019055
0.019011
0.019002
0.018955
0.018910
0.019112
0.019131
0.019101
0.019072
0.019045
0.019011
0.018981
0.018947
0.019253
0.019220
0.019215
0.019194
0.019174
0.019152
0.019129
0.019110
0.019091
0.019066
0.019039
0.019012
0.018984
0.018965
0.019061
0.019040
0.019024
0.019001
0.018990
0.018965
0.019018
0.019013
0.019038
0.019144
0.019116
0.019106
0.019078
0.019055
0.019029
0.019023
0.018997
0.018978
0.018952
0.018936
0.018918
0.018894
0.018864
0.018838
0.018810
0.018781
0.018751
0.018722
0.018711
0.018698
0.018669
0.018640
0.018610
0.018583
0.018735
0.018697
0.018680
0.018646
0.018694
0.018660
0.018635
0.018651
0.018625
0.018990
0.018966
0.018980
0.018963
0.018949
0.019034
0.019082
0.019072
0.019061
0.019046
0.019037
0.019019
0.018999
0.018978
0.018983
0.018960
0.018988
0.018969
0.018954
0.018976
0.018947
0.018922
0.018891
0.018878
0.018847
0.018816
0.018838
0.018803
0.018816
0.018801
0.018779
0.018745
0.018709
0.018682
0.018647
0.018711
0.018703
0.018675
0.018702
0.018671
0.018642
0.018609
0.018576
0.018594
0.018574
0.018549
0.018524
0.018490
0.018456
0.018431
0.018429
0.018390
0.018363
0.018384
0.018350
0.018315
0.018280
0.018247
0.018210
0.018176
0.018138
0.018147
0.018116
0.018084
0.018065
0.018033
0.018002
0.018286
0.018270
0.018261
0.018249
0.018233
0.018213
0.018191
0.018168
0.018265
0.018243
0.018228
0.018227
0.018253
0.018236
0.018235
0.018216
0.018195
0.018232
0.018210
0.018191
0.018224
0.018204
0.018231
0.018212
0.018244
0.018220
0.018204
0.018232
0.018214
0.018212
0.018195
0.018175
0.018151
0.018139
0.018212
0.018189
0.018172
0.018148
0.018124
0.018104
0.018089
0.018072
0.018048
0.018045
0.018141
0.018141
0.018127
0.018100
0.018108
0.018084
0.018059
0.018031
0.018041
0.018015
0.017988
0.017967
0.017982
0.017998
0.017981
0.017956
0.017981
0.018241
0.018218
0.018219
0.018191
0.018173
0.018148
0.018132
0.018136
0.018129
0.018120
0.018122
0.018125
0.018109
0.018096
0.018096
0.018081
0.018077
0.018067
0.018047
0.018067
0.018052
0.018262
0.018242
0.018290
0.018286
0.018273
0.018265
0.018262
0.018243
0.018223
0.018204
0.018190
0.018180
0.018156
0.018132
0.018188
0.018163
0.018201
0.018191
0.018176
0.018162
0.018144
0.018125
0.018106
0.018086
0.018085
0.018292
0.018316
0.018343
0.018355
0.018362
0.018357
0.018351
0.018345
0.018344
0.018336
0.018345
0.018357
0.018351
0.018341
0.018379
0.018367
0.018367
0.018354
0.018372
0.018361
0.018357
0.018345
0.018335
0.018344
0.018338
0.018333
0.018319
0.018305
0.018289
0.018296
0.018297
0.018280
0.018262
0.018257
0.018251
0.018232
0.018215
0.018207
0.018187
0.018165
0.018143
0.018195
0.018174
0.018157
0.018136
0.018260
0.018246
0.018258
0.018580
0.018576
0.018589
0.018575
0.018570
0.018559
0.018548
0.018543
0.018551
0.018544
0.018533
0.018544
0.018614
0.018618
0.018617
0.018612
0.018670
0.018661
0.018656
0.018645
0.018635
0.018645
0.018633
0.018621
0.018611
0.018621
0.018608
0.018593
0.018858
0.018839
0.018842
0.018845
0.018860
0.018933
0.018923
0.018915
0.018901
0.018887
0.018871
0.018855
0.018846
0.018839
0.018817
0.018794
0.018781
0.018772
0.018749
0.018722
0.018694
0.018674
0.018642
0.018715
0.018685
0.018664
0.018708
0.018690
0.018678
0.018654
0.018645
0.018619
0.018649
0.018626
0.018608
0.018596
0.018584
0.018564
0.018555
0.018534
0.018655
0.018740
0.018755
0.018750
0.018767
0.018759
0.018785
0.018778
0.018772
0.018780
0.018773
0.018783
0.018776
0.018796
0.018850
0.018844
0.018896
0.018889
0.018923
0.018914
0.018911
0.018908
0.018900
0.018904
0.018896
0.018893
0.018885
0.018879
0.018876
0.018940
0.018939
0.018935
0.018931
0.018925
0.018921
0.018914
0.018908
0.018924
0.019088
0.019094
0.019111
0.019119
0.019161
0.019187
0.019213
0.019226
0.019247
0.019265
0.019276
0.019290
0.019312
0.019320
0.019341
0.019351
0.019360
0.019368
0.019378
0.019409
0.019415
0.019473
0.019515
0.019530
0.019541
0.019558
0.019590
0.019644
0.019655
0.019671
0.019682
0.019702
0.019711
0.019720
0.019728
0.019735
0.019764
0.019775
0.019813
0.019831
0.019841
0.019853
0.019873
0.019903
0.019911
0.019962
0.020137
0.020141
0.020166
0.020185
0.020197
0.020213
0.020222
0.020230
0.020236
0.020244
0.020251
0.020261
0.020274
0.020276
0.020297
0.020298
0.020307
0.020309
0.020311
0.020327
0.020324
0.020323
0.020319
0.020315
0.020327
0.020322
0.020320
0.020322
0.020324
0.020321
0.020313
0.020311
0.020301
0.020299
0.020289
0.020294
0.020282
0.020271
0.020258
0.020247
0.020314
0.020302
0.020294
0.020294
0.020283
0.020271
0.020267
0.020254
0.020279
0.020269
0.020258
0.020245
0.020233
0.020219
0.020207
0.020192
0.020177
0.020168
0.020151
0.020137
0.020127
0.020189
0.020171
0.020160
0.020144
0.020157
0.020159
0.020143
0.020133
0.020115
0.020101
0.020104
0.020086
0.020071
0.020054
0.020037
0.020019
0.020018
0.020151
0.020155
0.020158
0.020140
0.020126
0.020110
0.020099
0.020081
0.020063
0.020064
0.020045
0.020030
0.020011
0.019991
0.019969
0.020001
0.019980
0.019961
0.019940
0.019918
0.019896
0.019873
0.019850
0.020146
0.020115
0.020146
0.020156
0.020141
0.020138
0.020127
0.020106
0.020084
0.020074
0.020049
0.020023
0.019996
0.019983
0.019955
0.019932
0.019902
0.019874
0.019956
0.019930
0.019911
0.019960
0.019955
0.019940
0.019938
0.019919
0.019899
0.019878
0.019869
0.019873
0.019854
0.019850
0.019828
0.019815
0.019793
0.019771
0.019754
0.019733
0.019711
0.019689
0.019667
0.019644
0.020041
0.020046
0.020277
0.020275
0.020282
0.020288
0.020307
0.020344
0.020366
0.020386
0.020393
0.020408
0.020413
0.020500
0.020506
0.020515
0.020573
0.020580
0.020590
0.020597
0.020606
0.020614
0.020621
0.020626
0.020631
0.020635
0.020766
0.021084
0.021108
0.021139
0.021179
0.021232
0.021270
0.021291
0.021312
0.021330
0.021360
0.021374
0.021389
0.021401
0.021412
0.021442
0.021448
0.021457
0.021461
0.021472
0.021489
0.021494
0.021496
0.021498
0.021524
0.021525
0.021538
0.021542
0.021606
0.021658
0.021662
0.021670
0.021709
0.021781
0.021854
0.021899
0.021911
0.022025
0.022063
0.022082
0.022099
0.022137
0.022155
0.022177
0.022204
0.022219
0.022232
0.022250
0.022260
0.022274
0.022281
0.022290
0.022294
0.022378
0.022385
0.022406
0.022409
0.022413
0.022431
0.022432
0.022433
0.022438
0.022438
0.022434
0.022428
0.022581
0.022575
0.022580
0.022582
0.022649
0.022650
0.022656
0.022675
0.022876
0.022881
0.022891
0.022895
0.022899
0.022901
0.022901
0.022900
0.022909
0.022907
0.022905
0.022901
0.022896
0.022891
0.022885
0.022930
0.022922
0.022917
0.022930
0.022932
0.022982
0.022974
0.023008
0.023000
0.022995
0.022987
0.022979
0.023220
0.023208
0.023221
0.023213
0.023212
0.023206
0.023204
0.023218
0.023225
0.023407
0.023399
0.023458
0.023493
0.023497
0.023495
0.023494
0.023487
0.023500
0.023491
0.023480
0.023503
0.023492
0.023480
0.023466
0.023451
0.023434
0.023415
0.023395
0.023374
0.023443
0.023423
0.023425
0.023405
0.023386
0.023371
0.023349
0.023326
0.023301
0.023276
0.023292
0.023267
0.023244
0.023326
0.023357
0.023344
0.023329
0.023302
0.023303
0.023278
0.023251
0.023323
0.023296
0.023279
0.023262
0.023237
0.023247
0.023222
0.023232
0.023245
0.023220
0.023198
0.023172
0.023145
0.023117
0.023134
0.023122
0.023097
0.023081
0.023061
0.023039
0.023013
0.022988
0.022962
0.022936
0.022923
0.022898
0.022873
0.022846
0.022819
0.022792
0.022787
0.022817
0.022805
0.022857
0.022830
0.022825
0.022802
0.022871
0.022851
0.022836
0.022814
0.022798
0.022776
0.022753
0.022747
0.022787
0.022770
0.022750
0.022730
0.022752
0.022733
0.022713
0.022696
0.022676
0.022655
0.022638
0.022615
0.022889
0.022852
0.022873
0.022846
0.022915
0.022892
0.022878
0.022855
0.022852
0.022831
0.022807
0.022841
0.023066
0.023143
0.023332
0.023310
0.023301
0.023300
0.023311
0.023293
0.023272
0.023300
0.023286
0.023266
0.023259
0.023248
0.023230
0.023216
0.023345
0.023352
0.023488
0.023480
0.023475
0.023465
0.023454
0.023441
0.023430
0.023415
0.023397
0.023379
0.023358
0.023336
0.023314
0.023297
0.023278
0.023259
0.023239
0.023219
0.023197
0.023329
0.023292
0.023284
0.023258
0.023307
0.023315
0.023292
0.023270
0.023320
0.023542
0.023517
0.023512
0.023536
0.023541
0.023523
0.023525
0.023501
0.023478
0.023487
0.023462
0.023458
0.023440
0.023416
0.023519
0.023501
0.023495
0.023471
0.023447
0.023420
0.023392
0.023405
0.023372
0.023465
0.023457
0.023439
0.023435
0.023419
0.023436
0.023470
0.023486
0.023468
0.023453
0.023435
0.023477
0.023465
0.023454
0.023525
0.023513
0.023501
0.023488
0.023523
0.023509
0.023497
0.023481
0.023466
0.023450
0.023433
0.023415
0.023396
0.023413
0.023393
0.023376
0.023428
0.023411
0.023435
0.023419
0.023412
0.023396
0.023381
0.023384
0.023372
0.023355
0.023337
0.023330
0.023658
0.023636
0.023644
0.023630
0.023715
0.023709
0.023702
0.023686
0.023722
0.023703
0.023714
0.023691
0.023670
0.023651
0.023623
0.023593
0.023562
0.023626
0.023584
0.023559
0.023517
0.023603
0.023560
0.023536
0.023504
0.023529
0.023496
0.023458
0.023442
0.023405
0.023366
0.023324
0.023281
0.023508
0.023480
0.023494
0.023476
0.023456
0.023484
0.023462
0.023450
0.023426
0.023439
0.023422
0.023402
0.023384
0.023363
0.023342
0.023455
0.023429
0.023436
0.023455
0.023439
0.023422
0.023404
0.023408
0.023389
0.023502
0.023488
0.023558
0.023673
0.023665
0.023662
0.023652
0.023642
0.023629
0.023618
0.023603
0.023621
0.023608
0.023592
0.023582
0.023611
0.023600
0.023587
0.023569
0.023551
0.023532
0.023529
0.023508
0.023495
0.023475
0.023454
0.023432
0.023410
0.023504
0.023480
0.023488
0.023468
0.023453
0.023435
0.023416
0.023397
0.023696
0.023680
0.023693
0.023702
0.023699
0.023701
0.023727
0.023731
0.023729
0.023784
0.023819
0.023823
0.023830
0.023848
0.023852
0.023871
0.023874
0.023876
0.023877
0.023877
0.023901
0.023904
0.023902
0.023901
0.023898
0.023898
0.023906
0.023964
0.023960
0.023960
0.023954
0.024090
0.024091
0.024095
0.024094
0.024093
0.024147
0.024205
0.024214
0.024222
0.024243
0.024247
0.024326
0.024348
0.024360
0.024364
0.024399
0.024409
0.024425
0.024427
0.024456
0.024463
0.024467
0.024469
0.024477
0.024486
0.024495
0.024582
0.024581
0.024631
0.024630
0.024632
0.024631
0.024630
0.024627
0.024622
0.024616
0.024608
0.024599
0.024589
0.024578
0.024565
0.024551
0.024545
0.024545
0.024529
0.024536
0.024544
0.024667
0.024652
0.024648
0.024641
0.024636
0.024624
0.024703
0.024725
0.024717
0.024705
0.024691
0.024677
0.024661
0.024678
0.024660
0.024644
0.024625
0.024901
0.024840
0.024847
0.024798
0.024795
0.024757
0.024722
0.024728
0.024720
0.024680
0.024668
0.024628
0.024588
0.024593
0.024563
0.024669
0.024750
0.024722
0.024690
0.024653
0.024616
0.024578
0.024538
0.024500
0.024458
0.024415
0.024371
0.024333
0.024307
0.024263
0.024229
0.024185
0.024142
0.024097
0.024053
0.024008
0.024058
0.024016
0.023988
0.023950
0.023913
0.023875
0.023870
0.023832
0.023996
0.023986
0.024042
0.024008
0.024073
0.024040
0.024062
0.024038
0.024021
0.024026
0.024002
0.024020
0.023995
0.023976
0.023951
0.023926
0.023902
0.023904
0.023880
0.023857
0.023938
0.023924
0.023908
0.023892
0.023893
0.023875
0.023858
0.023840
0.023821
0.023817
0.023796
0.023779
0.023757
0.023735
0.023713
0.023689
0.023665
0.023640
0.023633
0.023609
0.023591
0.023566
0.023541
0.023517
0.023502
0.023477
0.023485
0.023466
0.023445
0.023422
0.023410
0.023409
0.023387
0.023365
0.023342
0.023367
0.023348
0.023330
0.023310
0.023290
0.023269
0.023248
0.023340
0.023309
0.023297
0.023272
0.023251
0.023307
0.023284
0.023267
0.023246
0.023254
0.023234
0.023286
0.023265
0.023248
0.023226
0.023205
0.023182
0.023158
0.023134
0.023109
0.023155
0.023129
0.023108
0.023126
0.023107
0.023167
0.023148
0.023134
0.023115
0.023127
0.023109
0.023092
0.023072
0.023179
0.023414
0.023399
0.023401
0.023390
0.023405
0.023417
0.023408
0.023406
0.023394
0.023382
0.023396
0.023381
0.023368
0.023354
0.023338
0.023353
0.023335
0.023332
0.023313
0.023294
0.023341
0.023320
0.023304
0.023282
0.023264
0.023241
0.023224
0.023208
0.023329
0.023305
0.023293
0.023269
0.023294
0.023271
0.023256
0.023234
0.023215
0.023253
0.023238
0.023244
0.023227
0.023331
0.023497
0.023481
0.023478
0.023557
0.023543
0.023531
0.023537
0.023529
0.023519
0.023508
0.023500
0.023493
0.023486
0.023485
0.023475
0.023502
0.023497
0.023501
0.023497
0.023488
0.023484
0.023481
0.023470
0.023496
0.023482
0.023578
0.023559
0.023554
0.023591
0.023626
0.023618
0.023610
0.023602
0.023592
0.023601
0.023591
0.023583
0.023573
0.023680
0.023678
0.023675
0.023686
0.023684
0.023685
0.023684
0.023713
0.023712
0.023716
0.023714
0.023712
0.023821
0.023816
0.023822
0.023818
0.023816
0.023811
0.023806
0.023810
0.023802
0.023801
0.023792
0.023819
0.023810
0.023802
0.023791
0.023913
0.023902
0.023900
0.023890
0.023880
0.023900
0.023885
0.023874
0.023868
0.023919
0.023903
0.023903
0.023886
0.023901
0.023884
0.023926
0.023910
0.023916
0.023900
0.023914
0.023900
0.023887
0.023872
0.023856
0.023839
0.023866
0.023847
0.023883
0.023866
0.023855
0.023839
0.023849
0.023840
0.023829
0.023824
0.023820
0.023804
0.023799
0.023789
0.023840
0.023845
0.023851
0.023835
0.023821
0.023804
0.023786
0.023767
0.023750
0.023775
0.023754
0.023735
0.023723
0.023705
0.023697
0.023720
0.023702
0.023684
0.023664
0.023643
0.023620
0.023597
0.023573
0.023568
0.023543
0.023518
0.023495
0.023474
0.023449
0.023421
0.023397
0.023375
0.023492
0.023474
0.023458
0.023434
0.023401
0.023367
0.023330
0.023292
0.023253
0.023213
0.023171
0.023151
0.023203
0.023165
0.023128
0.023107
0.023067
0.023028
0.022988
0.022946
0.022904
0.022861
0.022831
0.022788
0.022744
0.022732
0.022688
0.022657
0.022611
0.022571
0.022526
0.022487
0.022442
0.022398
0.022352
0.022307
0.022285
0.022240
0.022202
0.022160
0.022120
0.022078
0.022075
0.022034
0.022000
0.021964
0.021925
0.021886
0.021860
0.021820
0.021781
0.021780
0.021796
0.021758
0.021722
0.021684
0.021648
0.021610
0.021603
0.021567
0.021530
0.021585
0.021567
0.021537
0.021499
0.021461
0.021474
0.021439
0.021414
0.021382
0.021342
0.021309
0.021270
0.021234
0.021193
0.021151
0.021109
0.021067
0.021032
0.020995
0.020952
0.020909
0.020865
0.020835
0.020791
0.020753
0.020709
0.020666
0.020622
0.020577
0.020533
0.020490
0.020453
0.020410
0.020369
0.020327
0.020286
0.020248
0.020205
0.020273
0.020254
0.020219
0.020187
0.020152
0.020118
0.020084
0.020049
0.020033
0.019997
0.019963
0.019941
0.019907
0.019872
0.019852
0.019852
0.019828
0.019796
0.019767
0.019734
0.019703
0.019669
0.019635
0.019708
0.019671
0.019645
0.019609
0.019599
0.019565
0.019533
0.019498
0.019467
0.019431
0.019395
0.019384
0.019360
0.019412
0.019377
0.019352
0.019340
0.019312
0.019282
0.019257
0.019242
0.019223
0.019197
0.019167
0.019136
0.019104
0.019072
0.019053
0.019021
0.018990
0.018966
0.018940
0.018908
0.018903
0.018872
0.018858
0.018827
0.018829
0.018798
0.018777
0.018747
0.018718
0.018688
0.018657
0.018627
0.018602
0.018576
0.018561
0.018539
0.018508
0.018479
0.018448
0.018418
0.018387
0.018357
0.018326
0.018296
0.018265
0.018235
0.018221
0.018193
0.018166
0.018139
0.018143
0.018116
0.018091
0.018065
0.018038
0.018038
0.018012
0.017988
0.017962
0.017958
0.017933
0.017909
0.017884
0.017859
0.017835
0.017811
0.017786
0.017768
0.017743
0.017748
0.017726
0.017706
0.017703
0.017680
0.017706
0.017685
0.017667
0.017646
0.017627
0.017630
0.017610
0.017598
0.017579
0.017560
0.017541
0.017533
0.017514
0.017497
0.017478
0.017459
0.017444
0.017425
0.017412
0.017398
0.017469
0.017447
0.017436
0.017433
0.017418
0.017401
0.017401
0.017390
0.017373
0.017355
0.017338
0.017319
0.017367
0.017365
0.017352
0.017335
0.017391
0.017369
0.017357
0.017341
0.017331
0.017311
0.017292
0.017272
0.017257
0.017249
0.017241
0.017237
0.017218
0.017201
0.017182
0.017162
0.017141
0.017120
0.017151
0.017132
0.017128
0.017136
0.017192
0.017173
0.017162
0.017144
0.017133
0.017117
0.017099
0.017081
0.017064
0.017045
0.017026
0.017247
0.017235
0.017234
0.017214
0.017199
0.017184
0.017164
0.017150
0.017128
0.017105
0.017081
0.017057
0.017042
0.017016
0.016990
0.016971
0.016942
0.016916
0.016901
0.016915
0.016886
0.016862
0.016832
0.016803
0.016774
0.016744
0.016714
0.016683
0.016652
0.016628
0.016597
0.016768
0.016737
0.016723
0.016695
0.016696
0.016669
0.016644
0.016617
0.016590
0.016562
0.016537
0.016509
0.016488
0.016501
0.016477
0.016454
0.016430
0.016404
0.016377
0.016350
0.016322
0.016292
0.016262
0.016232
0.016211
0.016179
0.016192
0.016160
0.016131
0.016099
0.016068
0.016053
0.016021
0.015989
0.015956
0.015925
0.015891
0.015862
0.015828
0.015795
0.015782
0.015747
0.015761
0.015723
0.015693
0.015656
0.015623
0.015588
0.015554
0.015519
0.015520
0.015487
0.015455
0.015422
0.015390
0.015358
0.015325
0.015293
0.015265
0.015236
0.015207
0.015206
0.015180
0.015163
0.015140
0.015114
0.015086
0.015057
0.015064
0.015053
0.015042
0.015015
0.014989
0.014961
0.014932
0.014903
0.014884
0.014918
0.014893
0.014867
0.014842
0.014939
0.014899
0.014897
0.014880
0.014855
0.014829
0.014803
0.014773
0.014751
0.014719
0.014724
0.014719
0.014689
0.014662
0.014677
0.014649
0.014624
0.014626
0.014645
0.014621
0.014598
0.014573
0.014588
0.014646
0.014644
0.014627
0.014609
0.014590
0.014571
0.014550
0.014533
0.014512
0.014490
0.014468
0.014445
0.014433
0.014438
0.014415
0.014393
0.014369
0.014348
0.014323
0.014298
0.014273
0.014246
0.014237
0.014210
0.014183
0.014156
0.014129
0.014139
0.014112
0.014096
0.014103
0.014103
0.014080
0.014057
0.014032
0.014006
0.013980
0.014163
0.014130
0.014125
0.014097
0.014074
0.014047
0.014021
0.013993
0.013966
0.013937
0.013907
0.013927
0.013895
0.014029
0.014003
0.013984
0.013958
0.013934
0.013909
0.013890
0.013864
0.013838
0.013813
0.013799
0.013770
0.013744
0.013714
0.013690
0.013660
0.013629
0.013598
0.013567
0.013705
0.013689
0.013744
0.013781
0.013776
0.013766
0.013754
0.013742
0.013729
0.013716
0.013791
0.013782
0.013774
0.013773
0.013763
0.013753
0.013748
0.013737
0.013724
0.013711
0.013699
0.013684
0.013669
0.013654
0.013643
0.013661
0.013643
0.013628
0.013609
0.013590
0.013571
0.013622
0.013607
0.013590
0.013573
0.013607
0.013590
0.013577
0.013584
0.013569
0.013553
0.013534
0.013514
0.013494
0.013472
0.013450
0.013472
0.013451
0.013474
0.013451
0.013502
0.013491
0.013539
0.013513
0.013499
0.013494
0.013473
0.013481
0.013465
0.013445
0.013449
0.013431
0.013411
0.013434
0.013411
0.013394
0.013370
0.013346
0.013321
0.013298
0.013295
0.013270
0.013316
0.013290
0.013281
0.013329
0.013323
0.013302
0.013277
0.013289
0.013275
0.013339
0.013313
0.013302
0.013276
0.013255
0.013230
0.013205
0.013178
0.013152
0.013124
0.013095
0.013069
0.013049
0.013019
0.012990
0.012965
0.012934
0.012907
0.012876
0.012845
0.012814
0.012782
0.012750
0.012718
0.012686
0.012654
0.012621
0.012617
0.012584
0.012553
0.012591
0.012589
0.012563
0.012578
0.012551
0.012583
0.012555
0.012540
0.012586
0.012610
0.012592
0.012569
0.012547
0.012524
0.012500
0.012475
0.012452
0.012427
0.012406
0.012388
0.012363
0.012337
0.012401
0.012379
0.012360
0.012337
0.012322
0.012303
0.012280
0.012257
0.012235
0.012250
0.012229
0.012208
0.012186
0.012164
0.012159
0.012138
0.012118
0.012096
0.012075
0.012054
0.012059
0.012039
0.012020
0.012000
0.011985
0.011966
0.012031
0.012022
0.012008
0.012000
0.011988
0.011974
0.011960
0.011963
0.011952
0.011940
0.011931
0.011951
0.011949
0.011940
0.012012
0.012007
0.012004
0.011996
0.011992
0.011984
0.011977
0.011968
0.011961
0.011951
0.011942
0.011932
0.011921
0.011923
0.011946
0.012120
0.012119
0.012131
0.012127
0.012124
0.012120
0.012116
0.012110
0.012104
0.012102
0.012094
0.012101
0.012093
0.012086
0.012081
0.012077
0.012068
0.012059
0.012063
0.012061
0.012052
0.012042
0.012032
0.012120
0.012100
0.012097
0.012083
0.012107
0.012096
0.012127
0.012119
0.012115
0.012104
0.012094
0.012108
0.012182
0.012175
0.012171
0.012217
0.012210
0.012206
0.012382
0.012377
0.012385
0.012397
0.012399
0.012406
0.012417
0.012428
0.012429
0.012429
0.012505
0.012506
0.012578
0.012618
0.012663
0.012678
0.012690
0.012714
0.012730
0.012742
0.012755
0.012780
0.012795
0.012812
0.012827
0.012852
0.012867
0.012882
0.012982
0.012999
0.013017
0.013032
0.013302
0.013309
0.013352
0.013366
0.013390
0.013408
0.013423
0.013439
0.013505
0.013515
0.013531
0.013539
0.013552
0.013558
0.013563
0.013570
0.013585
0.013591
0.013594
0.013604
0.013605
0.013605
0.013604
0.013602
0.013633
0.013686
0.013758
0.013757
0.013759
0.013756
0.013794
0.013789
0.013786
0.013781
0.013816
0.013808
0.013805
0.013815
0.013817
0.013834
0.013855
0.013849
0.013842
0.013902
0.013908
0.013908
0.013919
0.013912
0.013906
0.013911
0.013903
0.013899
0.013894
0.013918
0.013913
0.013908
0.013908
0.013901
0.013898
0.013890
0.013881
0.013871
0.013861
0.013850
0.013852
0.013840
0.013829
0.013816
0.013804
0.013915
0.013898
0.013893
0.013879
0.013868
0.013870
0.013859
0.013886
0.013878
0.013870
0.014065
0.014080
0.014116
0.014197
0.014207
0.014220
0.014228
0.014256
0.014274
0.014293
0.014334
0.014343
0.014391
0.014778
0.014764
0.014805
0.014801
0.014811
0.014817
0.014903
0.014903
0.014907
0.014904
0.014902
0.014967
0.014960
0.014981
0.014975
0.014967
0.014958
0.014982
0.014985
0.015017
0.015006
0.015039
0.015243
0.015243
0.015250
0.015248
0.015274
0.015270
0.015267
0.015268
0.015262
0.015254
0.015245
0.015235
0.015232
0.015220
0.015218
0.015203
0.015191
0.015199
0.015183
0.015169
0.015150
0.015165
0.015148
0.015135
0.015173
0.015152
0.015180
0.015188
0.015172
0.015161
0.015143
0.015132
0.015112
0.015119
0.015137
0.015120
0.015135
0.015128
0.015116
0.015104
0.015093
0.015166
0.015166
0.015162
0.015150
0.015193
0.015193
0.015188
0.015182
0.015299
0.015299
0.015302
0.015407
0.015406
0.015414
0.015451
0.015457
0.015461
0.015466
0.015472
0.015477
0.015481
0.015485
0.015489
0.015492
0.015510
0.015511
0.015517
0.015567
0.015578
0.015585
0.015590
0.015595
0.015600
0.015603
0.015607
0.015610
0.015613
0.015614
0.015615
0.015617
0.015617
0.015634
0.015674
0.015693
0.015702
0.015703
0.015714
0.015714
0.015722
0.015734
0.015733
0.015733
0.015735
0.015791
0.015785
0.015786
0.015829
0.015827
0.015893
0.015910
0.015944
0.015943
0.016030
0.016023
0.016028
0.016022
0.016018
0.016036
0.016080
0.016120
0.016134
0.016147
0.016145
0.016333
0.016342
0.016355
0.016370
0.016395
0.016403
0.016411
0.016420
0.017133
0.017196
0.017276
0.017311
0.017391
0.017441
0.017480
0.017518
0.017552
0.017592
0.017631
0.017661
0.017723
0.017750
0.017777
0.017817
0.017841
0.017872
0.017902
0.017924
0.017944
0.017962
0.017979
0.018000
0.018015
0.018032
0.018058
0.018070
0.018080
0.018089
0.018097
0.018115
0.018120
0.018150
0.018155
0.018170
0.018172
0.018207
0.018211
0.018213
0.018249
0.018248
0.018258
0.018276
0.018276
0.018281
0.018280
0.018289
0.018287
0.018326
0.018323
0.018322
0.018326
0.018324
0.018320
0.018335
0.018330
0.018345
0.018350
0.018356
0.018355
0.018351
0.018350
0.018346
0.018341
0.018515
0.018502
0.018511
0.018518
0.018515
0.018524
0.018518
0.018511
0.018507
0.018498
0.018520
0.018511
0.018503
0.018493
0.018483
0.018549
0.018579
0.018610
0.018606
0.018603
0.018610
0.018612
0.018613
0.018661
0.018672
0.018683
0.018692
0.018699
0.018705
0.018728
0.018748
0.018786
0.018795
0.018803
0.018813
0.018818
0.018822
0.018857
0.018857
0.018865
0.018865
0.018865
0.018864
0.018881
0.018897
0.018918
0.018917
0.019010
0.019027
0.019041
0.019056
0.019065
0.019074
0.019080
0.019089
0.019129
0.019150
0.019158
0.019170
0.019177
0.019190
0.019195
0.019201
0.019205
0.019219
0.019223
0.019227
0.019230
0.019276
0.019277
0.019288
0.019330
0.019331
0.019335
0.019336
0.019337
0.019345
0.019345
0.019344
0.019369
0.019368
0.019374
0.019372
0.019372
0.019416
0.019414
0.019415
0.019412
0.019425
0.019425
0.019423
0.019420
0.019425
0.019438
0.019436
0.019433
0.019430
0.019425
0.019421
0.019422
0.019461
0.019466
0.019465
0.019461
0.019469
0.019465
0.019461
0.019456
0.019451
0.019446
0.019448
0.019442
0.019440
0.019433
0.019426
0.019425
0.019418
0.019411
0.019404
0.019396
0.019388
0.019412
0.019407
0.019407
0.019400
0.019419
0.019413
0.019408
0.019410
0.019433
0.019462
0.019462
0.019459
0.019455
0.019452
0.019448
0.019455
0.019452
0.019488
0.019495
0.019495
0.019491
0.019538
0.019546
0.019573
0.019573
0.019574
0.019577
0.019576
0.019576
0.019576
0.019575
0.019573
0.019571
0.019568
0.019564
0.019562
0.019589
0.019586
0.019605
0.019602
0.019601
0.019598
0.019595
0.019591
0.019658
0.019649
0.019657
0.019667
0.019665
0.019661
0.019672
0.019668
0.019669
0.019665
0.019661
0.019658
0.019652
0.019647
0.019647
0.019644
0.019638
0.019631
0.019624
0.019627
0.019639
0.019632
0.019635
0.019709
0.019705
0.019706
0.019700
0.019699
0.019694
0.019689
0.019683
0.019747
0.019742
0.019742
0.019748
0.019744
0.019741
0.019738
0.019733
0.019728
0.019722
0.019717
0.019712
0.019708
0.019754
0.019764
0.019763
0.019758
0.019753
0.019747
0.019750
0.019766
0.019801
0.019798
0.019796
0.019796
0.019793
0.019789
0.019786
0.019793
0.019790
0.019785
0.019791
0.019794
0.019790
0.019787
0.019781
0.019775
0.019769
0.019762
0.019771
0.019763
0.019781
0.019779
0.019773
0.019767
0.019761
0.019755
0.019747
0.019748
0.019739
0.019732
0.019722
0.019714
0.019772
0.019761
0.019756
0.019760
0.019755
0.019747
0.019737
0.019731
0.019731
0.019720
0.019709
0.019698
0.019687
0.019675
0.019662
0.019649
0.019668
0.019672
0.019660
0.019650
0.019637
0.019816
0.019820
0.019821
0.019815
0.019812
0.019807
0.019802
0.019811
0.019806
0.019800
0.019842
0.019849
0.019844
0.019841
0.019838
0.019833
0.019827
0.019824
0.019818
0.019810
0.019847
0.019840
0.019836
0.019830
0.019824
0.019818
0.019812
0.019812
0.019810
0.019832
0.019826
0.019820
0.019813
0.019806
0.019800
0.019792
0.019789
0.019779
0.019770
0.019759
0.019749
0.019742
0.019730
0.019736
0.019750
0.019738
0.019733
0.019720
0.019709
0.019721
0.019710
0.019700
0.019714
0.019706
0.019696
0.019685
0.019673
0.019672
0.019659
0.019673
0.019656
0.019686
0.019690
0.019681
0.019668
0.019655
0.019653
0.019666
0.019653
0.019646
0.019633
0.019620
0.019611
0.019602
0.019588
0.019574
0.019559
0.019545
0.019531
0.019516
0.019505
0.019505
0.019582
0.019563
0.019554
0.019537
0.019522
0.019505
0.019493
0.019475
0.019458
0.019440
0.019422
0.019404
0.019385
0.019366
0.019463
0.019448
0.019437
0.019448
0.019435
0.019434
0.019420
0.019407
0.019393
0.019379
0.019364
0.019352
0.019337
0.019332
0.019316
0.019301
0.019285
0.019268
0.019252
0.019235
0.019218
0.019200
0.019182
0.019164
0.019146
0.019127
0.019108
0.019089
0.019092
0.019072
0.019054
0.019037
0.019021
0.019004
0.019069
0.019048
0.019038
0.019019
0.019007
0.018990
0.018972
0.018997
0.018981
0.018965
0.018949
0.018966
0.018963
0.018947
0.018932
0.018917
0.018901
0.018885
0.018889
0.018871
0.018861
0.018843
0.018825
0.018807
0.018789
0.018780
0.018763
0.018745
0.018727
0.018708
0.018689
0.018669
0.018649
0.018629
0.018609
0.018593
0.018573
0.018552
0.018559
0.018540
0.018521
0.018502
0.018482
0.018470
0.018452
0.018433
0.018414
0.018398
0.018391
0.018376
0.018387
0.018369
0.018352
0.018333
0.018314
0.018320
0.018313
0.018296
0.018303
0.018285
0.018267
0.018249
0.018230
0.018293
0.018264
0.018260
0.018240
0.018220
0.018197
0.018235
0.018210
0.018190
0.018165
0.018176
0.018153
0.018130
0.018106
0.018085
0.018060
0.018035
0.018009
0.017993
0.017966
0.017940
0.017946
0.017918
0.017893
0.017879
0.017891
0.017864
0.017840
0.017812
0.017806
0.017778
0.017752
0.017723
0.017695
0.017666
0.017637
0.017608
0.017579
0.017550
0.017520
0.017492
0.017463
0.017444
0.017415
0.017386
0.017357
0.017327
0.017298
0.017268
0.017237
0.017207
0.017176
0.017145
0.017116
0.017085
0.017070
0.017039
0.017009
0.017087
0.017066
0.017124
0.017101
0.017083
0.017061
0.017040
0.017018
0.016996
0.016974
0.016951
0.016934
0.016912
0.016889
0.016870
0.016847
0.016827
0.016854
0.016833
0.016862
0.016850
0.016832
0.016811
0.016790
0.016782
0.016803
0.016781
0.016763
0.016742
0.016721
0.016699
0.016678
0.016664
0.016642
0.016620
0.016605
0.016583
0.016569
0.016607
0.016604
0.016585
0.016577
0.016556
0.016559
0.016537
0.016519
0.016501
0.016480
0.016458
0.016436
0.016414
0.016391
0.016368
0.016345
0.016321
0.016312
0.016289
0.016266
0.016258
0.016233
0.016233
0.016211
0.016190
0.016175
0.016174
0.016172
0.016151
0.016131
0.016110
0.016088
0.016068
0.016047
0.016025
0.016010
0.016021
0.016001
0.015982
0.015971
0.015951
0.015966
0.015976
0.015959
0.015944
0.015931
0.015914
0.015898
0.015881
0.015864
0.015847
0.015833
0.015817
0.015799
0.015782
0.015764
0.015746
0.015728
0.015710
0.015692
0.015675
0.015657
0.015639
0.015621
0.015615
0.015601
0.015594
0.015577
0.015561
0.015544
0.015528
0.015533
0.015518
0.015504
0.015493
0.015479
0.015477
0.015490
0.015478
0.015465
0.015452
0.015439
0.015426
0.015412
0.015402
0.015388
0.015409
0.015399
0.015388
0.015377
0.015364
0.015351
0.015344
0.015330
0.015316
0.015302
0.015287
0.015272
0.015257
0.015241
0.015225
0.015209
0.015192
0.015176
0.015159
0.015149
0.015131
0.015237
0.015217
0.015209
0.015191
0.015178
0.015161
0.015157
0.015145
0.015137
0.015121
0.015105
0.015089
0.015072
0.015115
0.015094
0.015081
0.015075
0.015058
0.015046
0.015041
0.015024
0.015009
0.014992
0.015011
0.015000
0.014985
0.014967
0.014965
0.014946
0.014928
0.014911
0.014904
0.014899
0.014880
0.014863
0.014844
0.014828
0.014809
0.014789
0.014770
0.014750
0.014739
0.014718
0.014699
0.014678
0.014668
0.014648
0.014628
0.014607
0.014587
0.014574
0.014554
0.014551
0.014537
0.014518
0.014500
0.014505
0.014492
0.014476
0.014458
0.014440
0.014422
0.014428
0.014413
0.014396
0.014387
0.014371
0.014354
0.014338
0.014321
0.014304
0.014287
0.014270
0.014253
0.014236
0.014218
0.014224
0.014206
0.014191
0.014175
0.014158
0.014141
0.014125
0.014113
0.014096
0.014080
0.014063
0.014046
0.014031
0.014013
0.013996
0.013978
0.013960
0.014021
0.014000
0.013988
0.013969
0.013991
0.013974
0.013959
0.013945
0.013928
0.013913
0.013896
0.013886
0.013869
0.013853
0.013836
0.013820
0.013804
0.013816
0.013806
0.013796
0.013781
0.013766
0.013780
0.013764
0.013783
0.013767
0.013755
0.013738
0.013723
0.013707
0.013692
0.013686
0.013669
0.013660
0.013643
0.013628
0.013623
0.013613
0.013605
0.013601
0.013585
0.013569
0.013551
0.013534
0.013517
0.013499
0.013489
0.013471
0.013453
0.013434
0.013440
0.013424
0.013409
0.013401
0.013384
0.013368
0.013387
0.013373
0.013359
0.013344
0.013330
0.013315
0.013302
0.013287
0.013275
0.013271
0.013256
0.013242
0.013227
0.013212
0.013196
0.013185
0.013169
0.013161
0.013145
0.013130
0.013118
0.013102
0.013086
0.013071
0.013054
0.013038
0.013038
0.013031
0.013016
0.013000
0.012984
0.012967
0.012951
0.012935
0.014884
0.014864
0.014995
0.015012
0.015069
0.015098
0.015125
0.015144
0.015156
0.015166
0.015166
0.015162
0.015150
0.015133
0.015110
0.015081
0.015048
0.015009
0.014973
0.014925
0.014873
0.014816
0.014756
0.014691
0.014624
0.014556
0.014503
0.014428
0.014363
0.014294
0.014213
0.014129
0.014042
0.013961
0.013872
0.013782
0.013699
0.013606
0.013514
0.013420
0.013326
0.013232
0.013154
0.013066
0.012974
0.012888
0.012803
0.012714
0.012627
0.012540
0.012454
0.012369
0.012292
0.012213
0.012136
0.012095
0.012078
0.012061
0.012066
0.012047
0.012032
0.012014
0.011997
0.011979
0.011962
0.011944
0.011927
0.011909
0.011892
0.011874
0.011857
0.011844
0.011827
0.011811
0.011794
0.011777
0.011760
0.011743
0.011726
0.011829
0.011811
0.011802
0.011787
0.011778
0.011763
0.011749
0.011733
0.011717
0.011709
0.011699
0.011683
0.011666
0.011649
0.011631
0.011613
0.011595
0.011576
0.011557
0.011537
0.011518
0.011498
0.011478
0.011457
0.011437
0.011417
0.011396
0.011376
0.011389
0.011380
0.011364
0.011345
0.011326
0.011306
0.011287
0.011267
0.011247
0.011231
0.011211
0.011192
0.011172
0.011152
0.011132
0.011112
0.011092
0.011072
0.011052
0.011032
0.011014
0.011237
0.011221
0.011219
0.011207
0.011197
0.011186
0.011178
0.011170
0.011161
0.011151
0.011148
0.011137
0.011128
0.011116
0.011104
0.011101
0.011089
0.011093
0.011084
0.011073
0.011060
0.011047
0.011039
0.011025
0.011011
0.010996
0.010981
0.010965
0.010961
0.010947
0.010935
0.010922
0.010905
0.010888
0.010870
0.010851
0.010840
0.010820
0.010801
0.010781
0.010763
0.010742
0.010735
0.010717
0.010696
0.010676
0.010655
0.010634
0.010613
0.010599
0.010577
0.010556
0.010536
0.010514
0.010492
0.010472
0.010454
0.010432
0.010413
0.010390
0.010368
0.010344
0.010321
0.010297
0.010275
0.010254
0.010231
0.010207
0.010185
0.010178
0.010155
0.010135
0.010112
0.010089
0.010066
0.010043
0.010022
0.009998
0.009975
0.009952
0.009931
0.009909
0.009888
0.009867
0.009844
0.009828
0.009808
0.009786
0.009764
0.009741
0.009718
0.009696
0.009672
0.009649
0.009630
0.009606
0.009583
0.009559
0.009535
0.009511
0.009491
0.009468
0.009444
0.009420
0.009396
0.009376
0.009354
0.009334
0.009319
0.009296
0.009274
0.009251
0.009229
0.009207
0.009185
0.009234
0.009222
0.009205
0.009188
0.009172
0.009155
0.009138
0.009121
0.009108
0.009091
0.009074
0.009057
0.009040
0.009022
0.009009
0.008994
0.008978
0.008969
0.008952
0.008937
0.008921
0.008914
0.008898
0.008883
0.008867
0.008852
0.008837
0.008823
0.008808
0.008793
0.008784
0.008770
0.008773
0.008758
0.008747
0.008732
0.008723
0.008708
0.008694
0.008685
0.008670
0.008657
0.008642
0.008627
0.008612
0.008597
0.008582
0.008570
0.008555
0.008539
0.008523
0.008508
0.008492
0.008476
0.008460
0.008444
0.008427
0.008410
0.008394
0.008377
0.008360
0.008344
0.008327
0.008334
0.008320
0.008306
0.008289
0.008273
0.008257
0.008242
0.008225
0.008238
0.008223
0.008225
0.008211
0.008231
0.008225
0.008214
0.008202
0.008189
0.008181
0.008168
0.008157
0.008145
0.008133
0.008120
0.008108
0.008096
0.008094
0.008359
0.008354
0.008361
0.008358
0.008363
0.008360
0.008371
0.008367
0.008363
0.008360
0.008359
0.008353
0.008347
0.008339
0.008331
0.008322
0.008312
0.008302
0.008294
0.008289
0.008277
0.008275
0.008262
0.008249
0.008234
0.008220
0.008204
0.008188
0.008173
0.008156
0.008138
0.008120
0.008101
0.008082
0.008062
0.008041
0.008020
0.008000
0.008013
0.008242
0.008212
0.008209
0.008303
0.008292
0.008280
0.008300
0.008284
0.008271
0.008268
0.008252
0.008235
0.008217
0.008198
0.008180
0.008160
0.008161
0.008137
0.008117
0.008093
0.008072
0.008048
0.008044
0.008027
0.008004
0.007985
0.007985
0.007967
0.007960
0.007941
0.007932
0.007913
0.007895
0.007876
0.007860
0.007842
0.007828
0.007811
0.007807
0.007791
0.007775
0.007758
0.007746
0.007737
0.007726
0.007716
0.007707
0.007696
0.007686
0.007768
0.007760
0.007759
0.007749
0.007744
0.007767
0.007758
0.007779
0.007770
0.007768
0.007764
0.007769
0.007760
0.007753
0.007744
0.007745
0.007737
0.007728
0.007726
0.007723
0.007719
0.007711
0.007702
0.007731
0.007738
0.007730
0.007726
0.007718
0.007710
0.007700
0.007690
0.007679
0.007690
0.007682
0.007683
0.007682
0.007673
0.007663
0.007653
0.007647
0.007643
0.007632
0.007627
0.007615
0.007605
0.007595
0.007584
0.007572
0.007560
0.007548
0.007535
0.007522
0.007511
0.007505
0.007493
0.007480
0.007468
0.007477
0.007465
0.007477
0.007463
0.007455
0.007445
0.007433
0.007420
0.007408
0.007414
0.007401
0.007401
0.007389
0.007386
0.007372
0.007366
0.007352
0.007339
0.007327
0.007313
0.007306
0.007293
0.007290
0.007276
0.007262
0.007250
0.007246
0.007233
0.007223
0.007208
0.007194
0.007184
0.007169
0.007156
0.007141
0.007125
0.007109
0.007093
0.007077
0.007064
0.007047
0.007031
0.007015
0.006998
0.007008
0.006991
0.006986
0.006971
0.006956
0.006941
0.006926
0.006911
0.006895
0.006879
0.006867
0.006851
0.006836
0.006820
0.006807
0.006875
0.006859
0.006853
0.006873
0.006858
0.006846
0.006839
0.006825
0.006810
0.006793
0.006787
0.006772
0.006808
0.006793
0.006782
0.006766
0.006752
0.006735
0.006718
0.006701
0.006683
0.006754
0.006736
0.006848
0.006836
0.006835
0.006825
0.006818
0.006810
0.006811
0.006801
0.006791
0.006780
0.006769
0.006757
0.006745
0.006734
0.006720
0.006709
0.006697
0.006681
0.006666
0.006650
0.006633
0.006616
0.006598
0.006585
0.006568
0.006550
0.006540
0.006522
0.006504
0.006487
0.006467
0.006448
0.006428
0.006409
0.006388
0.006368
0.006347
0.006326
0.006330
0.006312
0.006294
0.006273
0.006252
0.006314
0.006301
0.006290
0.006278
0.006264
0.006257
0.006244
0.006291
0.006283
0.006273
0.006264
0.006253
0.006242
0.006231
0.006227
0.006219
0.006207
0.006195
0.006192
0.006179
0.006167
0.006153
0.006144
0.006130
0.006116
0.006102
0.006087
0.006072
0.006060
0.006048
0.006047
0.006036
0.006023
0.006009
0.005995
0.005981
0.005966
0.005954
0.005942
0.005927
0.005911
0.005896
0.005879
0.005862
0.005845
0.005827
0.005811
0.005794
0.005791
0.005791
0.005776
0.005769
0.005750
0.005732
0.005714
0.005695
0.005675
0.005659
0.005639
0.005619
0.005599
0.005581
0.005568
0.005548
0.005534
0.005512
0.005494
0.005472
0.005452
0.005430
0.005407
0.005404
0.005454
0.005433
0.005417
0.005396
0.005377
0.005366
0.005347
0.005328
0.005315
0.005295
0.005311
0.005289
0.005271
0.005256
0.005235
0.005214
0.005192
0.005170
0.005148
0.005132
0.005138
0.005116
0.005096
0.005074
0.005061
0.005044
0.005022
0.004999
0.004980
0.004957
0.004935
0.004911
0.004888
0.004867
0.004844
0.004820
0.004796
0.004774
0.004752
0.004727
0.004714
0.004689
0.004665
0.004680
0.004667
0.004656
0.004632
0.004644
0.004623
0.004602
0.004593
0.004570
0.004551
0.004532
0.004513
0.004490
0.004468
0.004465
0.004442
0.004421
0.004397
0.004400
0.004377
0.004356
0.004333
0.004331
0.004312
0.004294
0.004272
0.004249
0.004227
0.004239
0.004216
0.004197
0.004174
0.004154
0.004132
0.004115
0.004093
0.004070
0.004048
0.004054
0.004034
0.004014
0.003995
0.003985
0.003967
0.003950
0.003934
0.003921
0.003904
0.003888
0.003875
0.003861
0.003846
0.003832
0.003820
0.003808
0.003801
0.003788
0.003774
0.003760
0.003746
0.003732
0.003718
0.003708
0.003705
0.003691
0.003680
0.003666
0.003653
0.003639
0.003642
0.003627
0.003615
0.003605
0.003595
0.003582
0.003579
0.003565
0.003555
0.003541
0.003532
0.003518
0.003512
0.003510
0.003497
0.003484
0.003471
0.003457
0.003444
0.003436
0.003422
0.003409
0.003395
0.003381
0.003377
0.003364
0.003350
0.003342
0.003335
0.003321
0.003308
0.003294
0.003281
0.003267
0.003253
0.003239
0.003225
0.003216
0.003201
0.003232
0.003219
0.003208
0.003194
0.003187
0.003173
0.003160
0.003147
0.003136
0.003128
0.003115
0.003111
0.003099
0.003091
0.003079
0.003070
0.003059
0.003047
0.003045
0.003032
0.003022
0.003013
0.003001
0.003007
0.002994
0.002986
0.002973
0.002960
0.002957
0.002950
0.002939
0.002932
0.002920
0.002908
0.002896
0.002895
0.002883
0.002871
0.002859
0.002847
0.002834
0.002821
0.002808
0.002806
0.002795
0.002783
0.002780
0.002767
0.002754
0.002741
0.002728
0.002755
0.002766
0.002755
0.002758
0.002747
0.002737
0.002730
0.002722
0.002710
0.002699
0.002687
0.002676
0.002679
0.002667
0.002655
0.002654
0.002643
0.002632
0.002629
0.002616
0.002613
0.002602
0.002590
0.002578
0.002566
0.002554
0.002600
0.002590
0.002582
0.002569
0.002558
0.002546
0.002534
0.002521
0.002509
0.002504
0.002505
0.002499
0.002487
0.002498
0.002485
0.002475
0.002462
0.002452
0.002444
0.002460
0.002453
0.002445
0.002434
0.002424
0.002414
0.002405
0.002514
0.002504
0.002517
0.002508
0.002507
0.002502
0.002500
0.002500
0.002492
0.002485
0.002476
0.002507
0.002504
0.002500
0.002501
0.002496
0.002489
0.002479
0.002468
0.002457
0.002478
0.002467
0.002457
0.002451
0.002439
0.002496
0.002486
0.002482
0.002480
0.002498
0.002489
0.002483
0.002485
0.002475
0.002466
0.002544
0.002531
0.002526
0.002514
0.002530
0.002517
0.002507
0.002494
0.002481
0.002466
0.002452
0.002446
0.002434
0.002424
0.002415
0.002404
0.002391
0.002378
0.002361
0.002343
0.002329
0.002315
0.002397
0.002384
0.002395
0.002383
0.002373
0.002361
0.002366
0.002353
0.002346
0.002420
0.002407
0.002403
0.002395
0.002385
0.002378
0.002370
0.002359
0.002350
0.002338
0.002326
0.002312
0.002304
0.002298
0.002283
0.002348
0.002397
0.002392
0.002396
0.002403
0.002390
0.002377
0.002363
0.002348
0.002332
0.002316
0.002316
0.002300
0.002320
0.002378
0.002371
0.002361
0.002351
0.002378
0.002367
0.002358
0.002348
0.002337
0.002328
0.002317
0.002315
0.002315
0.002313
0.002311
0.002329
0.002339
0.002335
0.002331
0.002323
0.002328
0.002322
0.002315
0.002308
0.002311
0.002304
0.002299
0.002292
0.002285
0.002279
0.002271
0.002264
0.002256
0.002264
0.002257
0.002254
0.002253
0.002276
0.002271
0.002267
0.002263
0.002262
0.002260
0.002256
0.002252
0.002248
0.002247
0.002245
0.002242
0.002241
0.002238
0.002244
0.002243
0.002240
0.002255
0.002251
0.002249
0.002255
0.002251
0.002248
0.002249
0.002246
0.002242
0.002247
0.002245
0.002264
0.002267
0.002265
0.002265
0.002264
0.002266
0.002269
0.002268
0.002269
0.002273
0.002334
0.002331
0.002356
0.002403
0.002405
0.002409
0.002411
0.002418
0.002420
0.002420
0.002419
0.002420
0.002426
0.002424
0.002433
0.002430
0.002427
0.002423
0.002419
0.002414
0.002409
0.002404
0.002400
0.002397
0.002400
0.002394
0.002389
0.002385
0.002404
0.002400
0.002398
0.002399
0.002399
0.002436
0.002435
0.002433
0.002447
0.002452
0.002450
0.002451
0.002494
0.002495
0.002509
0.002509
0.002514
0.002519
0.002532
0.002533
0.002534
0.002547
0.002555
0.002558
0.002560
0.002560
0.002560
0.002563
0.002562
0.002561
0.002560
0.002565
0.002570
0.002569
0.002569
0.002567
0.002572
0.002575
0.002577
0.002577
0.002577
0.002576
0.002581
0.002579
0.002578
0.002582
0.002585
0.002583
0.002581
0.002579
0.002577
0.002574
0.002574
0.002579
0.002575
0.002575
0.002571
0.002567
0.002601
0.002598
0.002601
0.002614
0.002612
0.002613
0.002612
0.002619
0.002615
0.002612
0.002608
0.002629
0.002626
0.002623
0.002622
0.002668
0.002674
0.002674
0.002681
0.002680
0.002679
0.002694
0.002692
0.002691
0.002690
0.002687
0.002684
0.002681
0.002695
0.002909
0.002898
0.002911
0.002903
0.002902
0.002897
0.002894
0.002896
0.002889
0.002887
0.002907
0.002902
0.002912
0.002901
0.002893
0.002881
0.002868
0.002861
0.002868
0.002859
0.002847
0.002835
0.002821
0.002817
0.002801
0.002789
0.002778
0.002763
0.002746
0.002877
0.002873
0.002868
0.002870
0.002860
0.002888
0.002884
0.002879
0.002879
0.002872
0.002876
0.002868
0.003076
0.003112
0.003121
0.003131
0.003178
0.003188
0.003196
0.003205
0.003215
0.003222
0.003234
0.003241
0.003248
0.003253
0.003258
0.003263
0.003267
0.003271
0.003276
0.003278
0.003291
0.003422
0.003426
0.003440
0.003442
0.003445
0.003445
0.003447
0.003447
0.003444
0.003441
0.003438
0.003499
0.003502
0.003504
0.003517
0.003520
0.003523
0.003523
0.003522
0.003520
0.003518
0.003528
0.003524
0.003520
0.003514
0.003511
0.003510
0.003543
0.003541
0.003536
0.003536
0.003529
0.003530
0.003522
0.003513
0.003505
0.003495
0.003484
0.003472
0.003459
0.003446
0.003432
0.003419
0.003445
0.003432
0.003422
0.003410
0.003397
0.003393
0.003384
0.003374
0.003363
0.003353
0.003344
0.003335
0.003327
0.003323
0.003313
0.003305
0.003297
0.003286
0.003275
0.003270
0.003259
0.003247
0.003240
0.003227
0.003221
0.003208
0.003195
0.003182
0.003168
0.003155
0.003140
0.003125
0.003110
0.003099
0.003086
0.003070
0.003055
0.003044
0.003028
0.003018
0.003004
0.002991
0.002980
0.002968
0.002958
0.002950
0.002941
0.003049
0.003032
0.003042
0.003051
0.003120
0.003108
0.003104
0.003114
0.003105
0.003110
0.003100
0.003092
0.003081
0.003069
0.003057
0.003044
0.003041
0.003035
0.003021
0.003012
0.002997
0.002987
0.002973
0.002958
0.002943
0.002928
0.002919
0.002903
0.002892
0.002877
0.002937
0.002926
0.002923
0.002915
0.002905
0.002895
0.002886
0.002925
0.002918
0.002914
0.002908
0.002901
0.002902
0.002894
0.002888
0.002885
0.002878
0.002872
0.002873
0.002871
0.002864
0.002860
0.002893
0.002886
0.002884
0.002878
0.002876
0.002871
0.002929
0.003007
0.003013
0.003052
0.003053
0.003058
0.003065
0.003080
0.003084
0.003091
0.003101
0.003102
0.003103
0.003103
0.003102
0.003101
0.003099
0.003097
0.003094
0.003091
0.003091
0.003087
0.003084
0.003090
0.003086
0.003136
0.003130
0.003129
0.003124
0.003122
0.003117
0.003125
0.003145
0.003142
0.003152
0.003182
0.003191
0.003193
0.003188
0.003185
0.003179
0.003190
0.003192
0.003199
0.003216
0.003212
0.003208
0.003237
0.003233
0.003233
0.003229
0.003225
0.003222
0.003222
0.003217
0.003231
0.003232
0.003231
0.003228
0.003223
0.003221
0.003219
0.003234
0.003228
0.003223
0.003251
0.003245
0.003241
0.003235
0.003228
0.003276
0.003289
0.003285
0.003285
0.003322
0.003318
0.003313
0.003307
0.003301
0.003300
0.003302
0.003317
0.003315
0.003310
0.003305
0.003299
0.003305
0.003299
0.003292
0.003292
0.003298
0.003291
0.003284
0.003277
0.003271
0.003275
0.003265
0.003279
0.003279
0.003275
0.003268
0.003304
0.003294
0.003302
0.003292
0.003304
0.003310
0.003304
0.003296
0.003290
0.003296
0.003288
0.003280
0.003279
0.003279
0.003274
0.003287
0.003281
0.003274
0.003265
0.003260
0.003250
0.003267
0.003267
0.003262
0.003253
0.003291
0.003287
0.003281
0.003270
0.003265
0.003254
0.003244
0.003234
0.003224
0.003213
0.003202
0.003199
0.003187
0.003176
0.003180
0.003175
0.003165
0.003156
0.003161
0.003156
0.003166
0.003155
0.003155
0.003151
0.003144
0.003150
0.003142
0.003146
0.003168
0.003166
0.003166
0.003181
0.003182
0.003178
0.003172
0.003170
0.003165
0.003159
0.003160
0.003164
0.003158
0.003164
0.003182
0.003183
0.003181
0.003244
0.003237
0.003252
0.003247
0.003244
0.003241
0.003253
0.003249
0.003245
0.003239
0.003255
0.003253
0.003256
0.003263
0.003259
0.003254
0.003252
0.003246
0.003240
0.003233
0.003228
0.003225
0.003225
0.003218
0.003342
0.003330
0.003333
0.003357
0.003349
0.003345
0.003345
0.003345
0.003341
0.003352
0.003366
0.003358
0.003348
0.003341
0.003331
0.003320
0.003311
0.003308
0.003301
0.003306
0.003293
0.003282
0.003269
0.003264
0.003253
0.003240
0.003247
0.003234
0.003222
0.003209
0.003196
0.003182
0.003169
0.003155
0.003141
0.003128
0.003115
0.003107
0.003092
0.003078
0.003065
0.003055
0.003041
0.003050
0.003039
0.003061
0.003051
0.003045
0.003044
0.003034
0.003035
0.003046
0.003038
0.003033
0.003038
0.003030
0.003023
0.003016
0.003009
0.003004
0.002999
0.003004
0.003003
0.002997
0.002996
0.002989
0.002984
0.002990
0.002984
0.002979
0.002974
0.002968
0.002975
0.002976
0.002975
0.002969
0.002963
0.002956
0.002949
0.002942
0.002934
0.002928
0.002933
0.002927
0.002928
0.002921
0.006163
0.006020
0.006279
0.006227
0.006271
0.006272
0.006272
0.006254
0.006227
0.006191
0.006143
0.006085
0.006018
0.005943
0.005859
0.005769
0.005675
0.005573
0.005465
0.005354
0.005238
0.005124
0.005015
0.004891
0.004769
0.004641
0.004517
0.004390
0.004263
0.004134
0.004007
0.003908
0.003784
0.003663
0.003543
0.003428
0.003319
0.003213
0.003106
0.003004
0.002903
0.002807
0.002717
0.002714
0.002711
0.002706
0.002703
0.002701
0.002697
0.002695
0.002689
0.002683
0.002676
0.002673
0.002666
0.002660
0.002653
0.002777
0.002766
0.002769
0.002761
0.002756
0.002776
0.002773
0.002768
0.002761
0.002754
0.002746
0.002738
0.002739
0.002730
0.002721
0.002711
0.002720
0.002709
0.002703
0.002692
0.002707
0.002698
0.002707
0.002698
0.002690
0.002681
0.002673
0.002679
0.002674
0.002668
0.002662
0.002653
0.002644
0.002634
0.002625
0.002617
0.002607
0.002597
0.002587
0.002580
0.002583
0.002573
0.002570
0.002565
0.002558
0.002551
0.002544
0.002537
0.002542
0.002536
0.002529
0.002525
0.002518
0.002511
0.002504
0.002496
0.002506
0.002499
0.002506
0.002507
0.002501
0.002498
0.002503
0.002498
0.002523
0.002520
0.002545
0.002541
0.002543
0.002538
0.002538
0.002535
0.002535
0.002538
0.002538
0.002535
0.002531
0.002531
0.002529
0.002525
0.002521
0.002523
0.002520
0.002516
0.002512
0.002507
0.002514
0.002509
0.002507
0.002507
0.002508
0.002515
0.002512
0.002519
0.002516
0.002520
0.002517
0.002513
0.002509
0.002508
0.002504
0.002510
0.002511
0.002519
0.002516
0.002515
0.002513
0.002509
0.002505
0.002506
0.002501
0.002497
0.002493
0.002488
0.002484
0.002480
0.002479
0.002478
0.002475
0.002470
0.002471
0.002466
0.002460
0.002460
0.002456
0.002450
0.002444
0.002438
0.002494
0.002483
0.002483
0.002476
0.002485
0.002476
0.002469
0.002474
0.002468
0.002462
0.002453
0.002447
0.002438
0.002429
0.002419
0.002409
0.002400
0.002390
0.002379
0.002372
0.002364
0.002355
0.002345
0.002340
0.002334
0.002332
0.002322
0.002313
0.002303
0.002306
0.002296
0.002289
0.002279
0.002275
0.002266
0.002261
0.002260
0.002255
0.002259
0.002252
0.002245
0.002242
0.002235
0.002235
0.002266
0.002257
0.002253
0.002244
0.002239
0.002232
0.002223
0.002216
0.002208
0.002204
0.002197
0.002188
0.002178
0.002172
0.002162
0.002152
0.002143
0.002133
0.002123
0.002113
0.002102
0.002116
0.002105
0.002097
0.002087
0.002078
0.002069
0.002059
0.002058
0.002055
0.002065
0.002060
0.002102
0.002092
0.002090
0.002081
0.002079
0.002072
0.002065
0.002057
0.002062
0.002065
0.002060
0.002063
0.002059
0.002052
0.002054
0.002048
0.002042
0.002035
0.002043
0.002037
0.002031
0.002024
0.002017
0.002013
0.002014
0.002012
0.002006
0.001999
0.001999
0.001997
0.001997
0.001994
0.001989
0.001985
0.001979
0.001974
0.001969
0.001963
0.001959
0.001953
0.001948
0.001942
0.001936
0.001932
0.001935
0.001942
0.001938
0.001935
0.001931
0.001927
0.001939
0.001936
0.001932
0.001928
0.001924
0.001922
0.001921
0.001920
0.001916
0.001936
0.001935
0.001932
0.001927
0.001922
0.001918
0.001913
0.001908
0.001902
0.001896
0.001891
0.001885
0.001879
0.001873
0.001867
0.001860
0.001853
0.001847
0.001851
0.001844
0.001838
0.001830
0.001831
0.001826
0.001818
0.001811
0.001803
0.001800
0.001792
0.001784
0.001776
0.001770
0.001762
0.001755
0.001748
0.001740
0.001738
0.001731
0.001724
0.001718
0.001712
0.001709
0.001703
0.001716
0.001710
0.001714
0.001711
0.001707
0.001703
0.001698
0.001693
0.001689
0.001684
0.001680
0.001675
0.001675
0.001671
0.001667
0.001662
0.001658
0.001653
0.001648
0.001643
0.001640
0.001635
0.001632
0.001627
0.001622
0.001632
0.001628
0.001630
0.001632
0.001657
0.001652
0.001652
0.001647
0.001644
0.001641
0.001637
0.001634
0.001629
0.001628
0.001623
0.001619
0.001634
0.001627
0.001624
0.001620
0.001616
0.001612
0.001606
0.001601
0.001596
0.001591
0.001585
0.001579
0.001573
0.001572
0.001569
0.001563
0.001574
0.001572
0.001574
0.001569
0.001564
0.001561
0.001556
0.001551
0.001550
0.001545
0.001540
0.001536
0.001531
0.001527
0.001521
0.001525
0.001520
0.001515
0.001511
0.001506
0.001502
0.001496
0.001490
0.001484
0.001479
0.001473
0.001467
0.001460
0.001455
0.001448
0.001443
0.001436
0.001431
0.001425
0.001418
0.001412
0.001405
0.001398
0.001393
0.001396
0.001390
0.001403
0.001401
0.001396
0.001392
0.001386
0.001381
0.001375
0.001369
0.001365
0.001361
0.001355
0.001349
0.001343
0.001337
0.001331
0.001325
0.001362
0.001353
0.001351
0.001343
0.001339
0.001332
0.001325
0.001318
0.001312
0.001319
0.001313
0.001308
0.001301
0.001304
0.001301
0.001295
0.001289
0.001284
0.001279
0.001278
0.001273
0.001268
0.001265
0.001259
0.001253
0.001291
0.001288
0.001285
0.001281
0.001279
0.001275
0.001272
0.001272
0.001326
0.001388
0.001388
0.001388
0.001386
0.001387
0.001385
0.001382
0.001378
0.001375
0.001371
0.001367
0.001381
0.001376
0.001371
0.001401
0.001393
0.001391
0.001382
0.001378
0.001369
0.001361
0.001351
0.001382
0.001384
0.001385
0.001380
0.001376
0.001374
0.001367
0.001362
0.001356
0.001350
0.001344
0.001336
0.001329
0.001323
0.001316
0.001308
0.001309
0.001344
0.001341
0.001343
0.001340
0.001362
0.001358
0.001358
0.001355
0.001352
0.001348
0.001345
0.001340
0.001344
0.001350
0.001348
0.001345
0.001341
0.001349
0.001344
0.001341
0.001337
0.001333
0.001332
0.001329
0.001324
0.001333
0.001331
0.001328
0.001325
0.001321
0.001318
0.001314
0.001311
0.001313
0.001309
0.001313
0.001309
0.001306
0.001322
0.001319
0.001317
0.001314
0.001316
0.001313
0.001310
0.001307
0.001316
0.001316
0.001313
0.001310
0.001307
0.001309
0.001313
0.001310
0.001307
0.001303
0.001299
0.001296
0.001295
0.001291
0.001289
0.001285
0.001281
0.001277
0.001274
0.001275
0.001274
0.001279
0.001276
0.001273
0.001269
0.001265
0.001261
0.001316
0.001313
0.001318
0.001332
0.001330
0.001329
0.001328
0.001327
0.001324
0.001321
0.001320
0.001316
0.001337
0.001334
0.001335
0.001332
0.001335
0.001332
0.001332
0.001328
0.001324
0.001332
0.001328
0.001324
0.001321
0.001323
0.001319
0.001315
0.001310
0.001305
0.001300
0.001295
0.001290
0.001287
0.001281
0.001277
0.001290
0.001284
0.001280
0.001274
0.001268
0.001262
0.001256
0.001250
0.001244
0.001329
0.001327
0.001331
0.001332
0.001331
0.001331
0.001331
0.001333
0.001339
0.001346
0.001346
0.001345
0.001745
0.001748
0.001777
0.001815
0.001829
0.001848
0.001859
0.001870
0.001885
0.001894
0.001902
0.001908
0.001915
0.001919
0.001923
0.001928
0.001930
0.001935
0.001937
0.001937
0.001937
0.001946
0.001948
0.001947
0.001946
0.001943
0.001944
0.001941
0.001949
0.001945
0.001942
0.001940
0.001945
0.001942
0.001949
0.001945
0.001943
0.001940
0.001936
0.001936
0.001932
0.001929
0.001928
0.001924
0.001921
0.001917
0.001913
0.002257
0.002263
0.002291
0.002310
0.002320
0.002341
0.002359
0.002366
0.002380
0.002390
0.002402
0.002410
0.002412
0.002413
0.002414
0.002413
0.002412
0.002411
0.002411
0.002410
0.002413
0.002409
0.002412
0.002410
0.002405
0.002400
0.002395
0.002394
0.002388
0.002385
0.002382
0.002377
0.002370
0.002370
0.002363
0.002361
0.002397
0.002394
0.002392
0.002395
0.002392
0.002389
0.002386
0.002385
0.002387
0.002400
0.002407
0.002417
0.002422
0.002794
0.002770
0.002810
0.002799
0.002810
0.002811
0.002811
0.002816
0.002812
0.002809
0.002805
0.002803
0.002805
0.002806
0.002803
0.002808
0.002818
0.002814
0.002818
0.002812
0.002810
0.002826
0.002821
0.002821
0.002815
0.002839
0.002831
0.002826
0.002822
0.002819
0.002812
0.002811
0.002808
0.002811
0.002805
0.002805
0.002800
0.002799
0.002795
0.002789
0.002783
0.002776
0.002769
0.002784
0.002776
0.002776
0.002772
0.002770
0.002766
0.002762
0.002758
0.003028
0.003002
0.003021
0.003006
0.003007
0.003019
0.003023
0.003027
0.003027
0.003025
0.003022
0.003023
0.003034
0.003030
0.003027
0.003023
0.003018
0.003021
0.003017
0.003013
0.003011
0.003006
0.003017
0.003010
0.003006
0.002999
0.002993
0.002986
0.002979
0.002971
0.002981
0.002972
0.002965
0.002956
0.002978
0.002972
0.002965
0.002956
0.002947
0.002940
0.002936
0.002926
0.002917
0.002915
0.002909
0.002899
0.002889
0.002886
0.002917
0.002913
0.002907
0.002911
0.002909
0.002908
0.002957
0.002953
0.002949
0.002941
0.002933
0.002965
0.002955
0.002950
0.002956
0.002976
0.002977
0.002989
0.002983
0.002977
0.002970
0.002965
0.002967
0.002966
0.002959
0.002952
0.002944
0.002936
0.002928
0.002922
0.002922
0.002922
0.002916
0.002914
0.002906
0.002898
0.002892
0.002906
0.002899
0.002893
0.002886
0.002879
0.002874
0.002897
0.002892
0.002888
0.002887
0.002899
0.002921
0.002920
0.002920
0.002923
0.002929
0.002926
0.002923
0.002932
0.002932
0.002929
0.002925
0.002925
0.002922
0.002918
0.002914
0.002909
0.002904
0.002899
0.002945
0.002956
0.002953
0.002947
0.002942
0.002943
0.002997
0.002990
0.002989
0.002985
0.002980
0.002996
0.002990
0.002985
0.002983
0.002977
0.002978
0.002972
0.002967
0.002960
0.002955
0.002957
0.002949
0.002949
0.002971
0.002971
0.002989
0.003025
0.003023
0.003023
0.003035
0.003342
0.003332
0.003374
0.003364
0.003371
0.003373
0.003376
0.003380
0.003379
0.003378
0.003383
0.003380
0.003391
0.003398
0.003394
0.003409
0.003405
0.003404
0.003447
0.003461
0.003459
0.003455
0.003452
0.003447
0.003440
0.003433
0.003441
0.003552
0.003548
0.003578
0.003574
0.003582
0.003579
0.003576
0.003585
0.003593
0.003589
0.003604
0.003598
0.003594
0.003601
0.003595
0.003588
0.003581
0.003580
0.003572
0.003565
0.003559
0.003563
0.003556
0.003548
0.003540
0.003532
0.003522
0.003537
0.003531
0.003522
0.003513
0.003516
0.003506
0.003496
0.003489
0.003604
0.003733
0.003739
0.003757
0.003758
0.003762
0.003760
0.003757
0.003786
0.003792
0.003793
0.003801
0.003808
0.003804
0.003798
0.003794
0.003788
0.003782
0.003772
0.003762
0.003752
0.003741
0.003729
0.003718
0.003706
0.003693
0.003680
0.003667
0.003654
0.003639
0.003630
0.003615
0.003604
0.003590
0.003579
0.003564
0.003549
0.003533
0.003525
0.003513
0.003498
0.003483
0.003474
0.003463
0.003451
0.003443
0.003443
0.003430
0.003419
0.003407
0.003395
0.003382
0.003369
0.003363
0.003369
0.003357
0.003345
0.003418
0.003421
0.003416
0.003412
0.003404
0.003398
0.003396
0.003388
0.003381
0.003383
0.003375
0.003366
0.003358
0.003348
0.003348
0.003339
0.003330
0.003328
0.003319
0.003311
0.003302
0.003295
0.003287
0.003279
0.003271
0.003264
0.003255
0.003248
0.003241
0.003251
0.003247
0.003241
0.003233
0.003226
0.003222
0.003216
0.003219
0.003213
0.003217
0.003211
0.003215
0.003234
0.003228
0.003221
0.003220
0.003212
0.003214
0.003206
0.003200
0.003206
0.003198
0.003190
0.003182
0.003176
0.003167
0.003168
0.003168
0.003164
0.003156
0.003148
0.003139
0.003133
0.003125
0.003120
0.003111
0.003103
0.003265
0.003237
0.003251
0.003232
0.003226
0.003217
0.003226
0.003216
0.003231
0.003220
0.003215
0.003204
0.003198
0.003187
0.003176
0.003238
0.003230
0.003226
0.003221
0.003228
0.003225
0.003236
0.003230
0.003226
0.003218
0.003210
0.003201
0.003199
0.003190
0.003181
0.003171
0.003161
0.003150
0.003148
0.003210
0.003265
0.003265
0.003266
0.003267
0.003267
0.003268
0.003268
0.003268
0.003268
0.003267
0.003266
0.003296
0.003298
0.003298
0.003301
0.003299
0.003299
0.003298
0.003301
0.003307
0.003305
0.003304
0.003321
0.003319
0.003321
0.003339
0.003335
0.003335
0.003333
0.003351
0.003358
0.003361
0.003376
0.003375
0.003374
0.003371
0.003370
0.003379
0.003380
0.003394
0.003393
0.003391
0.003388
0.003394
0.003392
0.003390
0.003387
0.003384
0.003410
0.003407
0.003410
0.003406
0.003408
0.003413
0.003410
0.003407
0.003515
0.003514
0.003523
0.003522
0.003526
0.003532
0.003535
0.003537
0.003538
0.003541
0.003547
0.003549
0.003550
0.003552
0.003559
0.003562
0.003564
0.003565
0.003569
0.003570
0.003571
0.003576
0.003576
0.003578
0.003586
0.003589
0.003591
0.003593
0.003594
0.003595
0.003597
0.003599
0.003603
0.003604
0.003610
0.003612
0.003625
0.003626
0.003628
0.003632
0.003634
0.003645
0.003650
0.003653
0.003654
0.003659
0.003660
0.003662
0.003663
0.003664
0.003667
0.003668
0.003682
0.003687
0.003689
0.003690
0.003735
0.003740
0.003751
0.003757
0.003763
0.003770
0.003774
0.003781
0.003785
0.003793
0.003799
0.003824
0.003833
0.003842
0.003847
0.003852
0.003857
0.003863
0.003868
0.003873
0.003883
0.003888
0.003896
0.003906
0.003911
0.003916
0.003921
0.003926
0.003932
0.003945
0.003950
0.003956
0.003962
0.003966
0.003970
0.003975
0.003979
0.003983
0.003986
0.003990
0.003993
0.004038
0.004048
0.004056
0.004058
0.004133
0.004136
0.004145
0.004144
0.004149
0.004150
0.004170
0.004192
0.004196
0.004201
0.004205
0.004209
0.004228
0.004231
0.004236
0.004242
0.004245
0.004249
0.004256
0.004259
0.004264
0.004267
0.004308
0.004318
0.004325
0.004327
0.004329
0.004331
0.004332
0.004333
0.004335
0.004359
0.004358
0.004381
0.004382
0.004390
0.004398
0.004399
0.004413
0.004416
0.004423
0.004426
0.004429
0.004432
0.004434
0.004436
0.004438
0.004447
0.004449
0.004451
0.004463
0.004464
0.004466
0.004490
0.004490
0.004495
0.004503
0.004507
0.004511
0.004516
0.004516
0.004517
0.004520
0.004529
0.004534
0.004539
0.004541
0.004541
0.004543
0.004552
0.004573
0.004574
0.004576
0.004582
0.004584
0.004584
0.004585
0.004585
0.004584
0.004584
0.004587
0.004586
0.004585
0.004584
0.004582
0.004592
0.004595
0.004593
0.004617
0.004614
0.004614
0.004613
0.004613
0.004612
0.004610
0.004612
0.004614
0.004611
0.004611
0.004608
0.004605
0.004605
0.004602
0.004601
0.004597
0.004593
0.004589
0.004585
0.004586
0.004581
0.004579
0.004577
0.004582
0.004579
0.004574
0.004577
0.004573
0.004569
0.004564
0.004560
0.004555
0.004550
0.004551
0.004546
0.004543
0.004541
0.004537
0.004535
0.004531
0.004527
0.004522
0.004517
0.004513
0.004507
0.004502
0.004498
0.004492
0.004488
0.004482
0.004476
0.004484
0.004481
0.004476
0.004471
0.004472
0.004468
0.004463
0.004462
0.004462
0.004457
0.004452
0.004447
0.004444
0.004443
0.004439
0.004437
0.004435
0.004430
0.004424
0.004418
0.004412
0.004406
0.004404
0.004397
0.004391
0.004387
0.004382
0.004376
0.004369
0.004362
0.004355
0.004551
0.004543
0.004553
0.004548
0.004546
0.004543
0.004555
0.004555
0.004566
0.004564
0.004560
0.004556
0.004551
0.004546
0.004539
0.004532
0.004525
0.004518
0.004510
0.004501
0.004492
0.004483
0.004475
0.004468
0.004462
0.004451
0.004452
0.004442
0.004431
0.004421
0.004410
0.004398
0.004386
0.004375
0.004363
0.004350
0.004337
0.004327
0.004314
0.004303
0.004296
0.004286
0.004274
0.004262
0.004249
0.004237
0.004224
0.004212
0.004201
0.004189
0.004217
0.004208
0.004202
0.004193
0.004188
0.004180
0.004172
0.004165
0.004158
0.004150
0.004142
0.004136
0.004129
0.004121
0.004117
0.004113
0.004112
0.004104
0.004097
0.004090
0.004105
0.004097
0.004092
0.004084
0.004093
0.004085
0.004081
0.004074
0.004067
0.004060
0.004052
0.004076
0.004068
0.004062
0.004055
0.004066
0.004058
0.004052
0.004044
0.004036
0.004028
0.004020
0.004021
0.004013
0.004005
0.003998
0.003989
0.003981
0.003972
0.003963
0.003955
0.003948
0.003939
0.003933
0.003928
0.003919
0.003913
0.003914
0.003905
0.003898
0.003890
0.003884
0.003892
0.003886
0.003879
0.003871
0.003863
0.003857
0.003861
0.003854
0.003847
0.003840
0.003832
0.003825
0.003818
0.003811
0.003810
0.003862
0.003859
0.003856
0.003847
0.003841
0.003833
0.003825
0.003824
0.003815
0.003809
0.003802
0.003793
0.003797
0.003788
0.003787
0.004634
0.004623
0.004677
0.004682
0.004699
0.004712
0.004720
0.004741
0.004744
0.004744
0.004742
0.004747
0.004740
0.004730
0.004717
0.004702
0.004684
0.004686
0.004665
0.004651
0.004631
0.004605
0.004587
0.004562
0.004532
0.004500
0.004466
0.004430
0.004394
0.004356
0.004317
0.004277
0.004236
0.004230
0.004186
0.004148
0.004104
0.004061
0.004017
0.003979
0.003935
0.003891
0.003846
0.003802
0.003759
0.003715
0.003700
0.003656
0.003632
0.003588
0.003548
0.003506
0.003466
0.003426
0.003386
0.003378
0.003373
0.003366
0.003362
0.003349
0.003345
0.003333
0.003320
0.003308
0.003295
0.003284
0.003273
0.003260
0.003247
0.003234
0.003221
0.003225
0.003212
0.003205
0.003193
0.003181
0.003171
0.003159
0.003151
0.003139
0.003128
0.003133
0.003120
0.003110
0.003112
0.003100
0.003091
0.003081
0.003069
0.003059
0.003048
0.003037
0.003025
0.003015
0.003004
0.002992
0.002980
0.002969
0.002964
0.002969
0.002974
0.002976
0.002987
0.002980
0.002972
0.002974
0.002965
0.002958
0.002950
0.002943
0.002934
0.002926
0.002918
0.002923
0.002913
0.002912
0.002920
0.002911
0.002904
0.002895
0.002887
0.002878
0.002870
0.002863
0.002853
0.002844
0.002835
0.002826
0.002816
0.002807
0.002797
0.002788
0.002778
0.002768
0.002758
0.002748
0.002738
0.002728
0.002718
0.002708
0.002705
0.002695
0.002686
0.002675
0.002669
0.002659
0.002650
0.002653
0.002650
0.002642
0.002640
0.002632
0.002625
0.002619
0.002611
0.002604
0.002601
0.002619
0.002611
0.002626
0.002619
0.002615
0.002609
0.002604
0.002602
0.002597
0.002592
0.002587
0.002583
0.002577
0.002573
0.002578
0.002573
0.002572
0.002570
0.002564
0.002578
0.002574
0.002574
0.002585
0.002580
0.002577
0.002571
0.002567
0.002561
0.002555
0.002549
0.002543
0.002537
0.002530
0.002524
0.002516
0.002509
0.002502
0.002497
0.002495
0.002490
0.002483
0.002478
0.002471
0.002464
0.002458
0.002450
0.002446
0.002439
0.002432
0.002436
0.002442
0.002445
0.002442
0.002435
0.002429
0.002422
0.002414
0.002408
0.002401
0.002403
0.002396
0.002390
0.002399
0.002393
0.002389
0.002384
0.002392
0.002385
0.002391
0.002392
0.002387
0.002385
0.002379
0.002374
0.002368
0.002364
0.002358
0.002351
0.002346
0.002345
0.002363
0.002355
0.002355
0.002347
0.002340
0.002333
0.002326
0.002336
0.002334
0.002328
0.002324
0.002318
0.002312
0.002305
0.002299
0.002293
0.002290
0.002284
0.002286
0.002279
0.002273
0.002267
0.002260
0.002254
0.002252
0.002245
0.002239
0.002232
0.002226
0.002219
0.002214
0.002208
0.002203
0.002211
0.002209
0.002204
0.002197
0.002190
0.002184
0.002177
0.002172
0.002165
0.002157
0.002150
0.002148
0.002139
0.002132
0.002124
0.002116
0.002112
0.002105
0.002096
0.002092
0.002085
0.002077
0.002068
0.002060
0.002051
0.002052
0.002044
0.002036
0.002027
0.002019
0.002013
0.002004
0.001996
0.001995
0.001987
0.001979
0.001974
0.001967
0.001959
0.001950
0.001942
0.001935
0.001926
0.001919
0.001910
0.001901
0.001904
0.001896
0.001888
0.001881
0.001875
0.001867
0.001858
0.001850
0.001841
0.001842
0.001833
0.001824
0.001818
0.001812
0.001812
0.001804
0.001796
0.001789
0.001780
0.001771
0.001764
0.001755
0.001751
0.001741
0.001732
0.001722
0.001732
0.001723
0.001715
0.001705
0.001824
0.001813
0.001813
0.001808
0.001801
0.001813
0.001805
0.001798
0.001817
0.001808
0.001804
0.001795
0.001794
0.001785
0.001777
0.001767
0.001757
0.001746
0.001736
0.001724
0.001713
0.001700
0.001688
0.001684
0.001672
0.001659
0.001647
0.001634
0.001620
0.001607
0.001597
0.001585
0.001572
0.001558
0.001547
0.001537
0.001589
0.001586
0.001577
0.001575
0.001578
0.001570
0.001563
0.001555
0.001547
0.001539
0.001531
0.001524
0.001516
0.001512
0.001518
0.001510
0.001503
0.001496
0.001495
0.001486
0.001479
0.001471
0.001673
0.001667
0.001674
0.001672
0.001675
0.001685
0.001687
0.001732
0.001745
0.001765
0.001770
0.001775
0.001781
0.001786
0.001790
0.001801
0.001803
0.001832
0.001836
0.001840
0.001845
0.001849
0.001851
0.001854
0.001855
0.001857
0.001860
0.001860
0.001860
0.001860
0.001860
0.001859
0.001858
0.001861
0.001860
0.001858
0.001856
0.001854
0.001857
0.001861
0.001861
0.001860
