2.447948
2.448011
2.448073
2.448135
2.448197
2.448260
2.448322
2.448383
2.448445
2.448507
2.448569
2.448631
2.448692
2.448754
2.448815
2.448877
2.448938
2.448999
2.449061
2.449122
2.449183
2.449245
2.449306
2.449367
2.449428
2.449489
2.449550
2.449611
2.449672
2.449733
2.449794
2.449855
2.449916
2.449977
2.450038
2.450099
2.450159
2.450220
2.450281
2.450342
2.450402
2.450463
2.450524
2.450584
2.450645
2.450706
2.450766
2.450827
2.450887
2.450948
2.451009
2.451070
2.451131
2.451191
2.451252
2.451313
2.451373
2.451434
2.451494
2.451555
2.451615
2.451675
2.451736
2.451796
2.451856
2.451916
2.451976
2.452037
2.452097
2.452157
2.452217
2.452277
2.452483
2.452534
2.452607
2.452663
2.452726
2.452785
2.452845
2.452904
2.452963
2.453021
2.453079
2.453137
2.453194
2.453251
2.453308
2.453365
2.453421
2.453477
2.453533
2.453589
2.453645
2.453700
2.453755
2.453811
2.453866
2.453921
2.453976
2.454031
2.454086
2.454140
2.454195
2.454250
2.454305
2.454360
2.454414
2.454469
2.454524
2.454579
2.454634
2.454689
2.454744
2.454799
2.454854
2.454909
2.454964
2.455019
2.455074
2.455130
2.455185
2.455240
2.455296
2.455351
2.455406
2.455462
2.455517
2.455573
2.455629
2.455684
2.455740
2.455796
2.455851
2.455907
2.455963
2.456019
2.456075
2.456130
2.456186
2.456242
2.456298
2.456354
2.456410
2.456467
2.456523
2.456580
2.456636
2.456693
2.456749
2.456805
2.456862
2.456918
2.456974
2.457030
2.457087
2.457143
2.457199
2.457535
2.457576
2.457661
2.457707
2.457776
2.457831
2.457895
2.457953
2.458015
2.458074
2.458135
2.458195
2.458255
2.458314
2.458374
2.458434
2.458494
2.458554
2.458613
2.458673
2.458732
2.458792
2.458851
2.458911
2.458970
2.459029
2.459088
2.459148
2.459207
2.459265
2.459324
2.459383
2.459442
2.459500
2.459559
2.459617
2.459675
2.459733
2.459791
2.459849
2.459907
2.459965
2.460022
2.460080
2.460137
2.460194
2.460251
2.460308
2.460365
2.460422
2.460478
2.460535
2.460591
2.460647
2.460704
2.460760
2.460816
2.460871
2.460927
2.460983
2.461038
2.461094
2.461149
2.461204
2.461260
2.461315
2.461370
2.461424
2.461479
2.461534
2.461589
2.461643
2.461698
2.461752
2.461806
2.461860
2.461915
2.461969
2.462023
2.462077
2.462130
2.462184
2.462238
2.462291
2.462345
2.462398
2.462452
2.462505
2.462558
2.462611
2.462664
2.462717
2.462770
2.462823
2.462876
2.462929
2.462981
2.463034
2.463087
2.463139
2.463191
2.463244
2.463296
2.463348
2.463400
2.463452
2.463505
2.463556
2.463608
2.463660
2.463712
2.463764
2.463815
2.463867
2.465198
2.465313
2.465459
2.465582
2.465710
2.465835
2.465959
2.466080
2.466200
2.466318
2.466434
2.466548
2.466660
2.466770
2.466878
2.466984
2.467088
2.467190
2.467290
2.467387
2.467482
2.467576
2.467667
2.467756
2.467842
2.467927
2.468009
2.468090
2.468168
2.468244
2.468318
2.468390
2.468460
2.468528
2.468595
2.468659
2.468721
2.468782
2.468841
2.468898
2.468953
2.469007
2.469059
2.469110
2.469159
2.469207
2.469253
2.469298
2.469341
2.469384
2.469424
2.469464
2.469503
2.469540
2.469577
2.469612
2.469646
2.469680
2.469712
2.469744
2.469774
2.469804
2.469833
2.469862
2.469890
2.469917
2.469943
2.469969
2.469994
2.470019
2.470043
2.470067
2.470090
2.470113
2.470136
2.470158
2.470180
2.470202
2.470223
2.470244
2.470265
2.470285
2.470306
2.470326
2.470346
2.470366
2.470385
2.470405
2.470424
2.470444
2.470463
2.470483
2.470502
2.470521
2.470541
2.470560
2.470580
2.470599
2.470619
2.470651
2.470685
2.470718
2.470751
2.470784
2.470817
2.470851
2.470884
2.470917
2.470950
2.470983
2.471016
2.471049
2.471082
2.471115
2.471148
2.471180
2.471213
2.471246
2.471278
2.471311
2.471343
2.471376
2.471408
2.471441
2.471473
2.471505
2.471538
2.471570
2.471602
2.471634
2.471667
2.471699
2.471731
2.471763
2.471795
2.471827
2.471859
2.471891
2.471923
2.471955
2.471988
2.472020
2.472052
2.472084
2.472116
2.472148
2.472180
2.472212
2.472244
2.472276
2.472308
2.472340
2.472372
2.472405
2.472437
2.472469
2.472501
2.472534
2.472566
2.472599
2.472631
2.472664
2.472697
2.472729
2.472762
2.472795
2.472828
2.472861
2.472894
2.472928
2.472961
2.473109
2.473139
2.473182
2.473215
2.473252
2.473287
2.473322
2.473358
2.473393
2.473428
2.473462
2.473497
2.473531
2.473566
2.473600
2.473634
2.473669
2.473703
2.473737
2.473771
2.473806
2.473840
2.473874
2.473909
2.473943
2.473978
2.474012
2.474047
2.474082
2.474117
2.474152
2.474187
2.474223
2.474258
2.474294
2.474330
2.474366
2.474403
2.474439
2.474476
2.474513
2.474550
2.474587
2.474625
2.474662
2.474700
2.474739
2.474777
2.474816
2.474855
2.474894
2.474934
2.474973
2.475013
2.475053
2.475094
2.475134
2.475175
2.475217
2.475258
2.475300
2.475341
2.475384
2.475426
2.475469
2.475511
2.475555
2.475598
2.475641
2.475685
2.475730
2.475775
2.475820
2.475865
2.475911
2.475956
2.476002
2.476048
2.476094
2.476141
2.476208
2.476254
2.476302
2.476349
2.476396
2.476443
2.476490
2.476538
2.476585
2.476633
2.476681
2.476729
2.476776
2.476824
2.476872
2.476921
2.476969
2.477017
2.477066
2.477114
2.477163
2.477211
2.477260
2.477309
2.477358
2.477407
2.477456
2.477505
2.477560
2.477609
2.477659
2.477709
2.477759
2.477809
2.477859
2.477909
2.477959
2.478009
2.478060
2.478110
2.478160
2.478210
2.478260
2.478310
2.478361
2.478411
2.478461
2.478511
2.478561
2.478611
2.478661
2.478711
2.478762
2.478812
2.478862
2.478912
2.478962
2.479011
2.479061
2.479111
2.479161
2.479211
2.479260
2.479310
2.479360
2.479409
2.479459
2.479508
2.479558
2.479607
2.479656
2.479705
2.479755
2.479804
2.479853
2.479902
2.479950
2.479999
2.480048
2.480097
2.480145
2.480194
2.480242
2.480290
2.480338
2.480386
2.480435
2.480482
2.480530
2.480578
2.480626
2.480673
2.480745
2.480795
2.480844
2.480893
2.480942
2.480990
2.481039
2.481088
2.481136
2.481185
2.481233
2.481281
2.481329
2.481377
2.481425
2.481473
2.481521
2.481568
2.481616
2.481663
2.481710
2.481757
2.481804
2.481851
2.481898
2.481944
2.481991
2.482037
2.482084
2.482130
2.482176
2.482222
2.482268
2.482313
2.482359
2.482404
2.482450
2.482495
2.482540
2.482585
2.482630
2.482674
2.482719
2.482764
2.482808
2.482852
2.482896
2.482940
2.482984
2.483028
2.483072
2.483115
2.483159
2.483202
2.483245
2.483288
2.483331
2.483374
2.483417
2.483459
2.483502
2.483544
2.483587
2.483629
2.483671
2.483713
2.483755
2.483797
2.483838
2.483880
2.483921
2.483962
2.484004
2.484045
2.484086
2.484127
2.484168
2.484208
2.484249
2.484290
2.484330
2.484370
2.484411
2.484451
2.484491
2.484531
2.484571
2.484611
2.484650
2.484690
2.484729
2.484769
2.484808
2.484848
2.484887
2.484926
2.484965
2.485004
2.485043
2.485082
2.485121
2.485159
2.485198
2.485237
2.485275
2.485313
2.485352
2.485390
2.485428
2.485466
2.485504
2.485542
2.485580
2.485618
2.485656
2.485694
2.485731
2.485769
2.485806
2.485844
2.485881
2.485919
2.485956
2.485993
2.486030
2.486067
2.486105
2.486142
2.486179
2.486215
2.486252
2.486289
2.486326
2.486363
2.486399
2.486436
2.486473
2.486509
2.486546
2.486582
2.486619
2.486655
2.486691
2.486727
2.486764
2.486800
2.486836
2.486872
2.486908
2.486944
2.486980
2.487016
2.487052
2.487088
2.487124
2.487160
2.487196
2.487231
2.487267
2.487303
2.487338
2.487374
2.487410
2.487445
2.487481
2.487516
2.487551
2.487587
2.487622
2.487658
2.487693
2.487728
2.487764
2.487799
2.487834
2.487869
2.487904
2.487939
2.487974
2.488010
2.488045
2.488080
2.488115
2.488149
2.488184
2.488219
2.488254
2.488289
2.488324
2.488359
2.488393
2.488428
2.488463
2.488497
2.488532
2.488567
2.488601
2.488636
2.488670
2.488705
2.488739
2.488774
2.488865
2.488901
2.488940
2.488976
2.489013
2.489049
2.489085
2.489122
2.489158
2.489194
2.489229
2.489265
2.489301
2.489336
2.489371
2.489406
2.489441
2.489476
2.489511
2.489546
2.489580
2.489615
2.489649
2.489683
2.489717
2.489751
2.489785
2.489818
2.489852
2.489886
2.489919
2.489952
2.489986
2.490019
2.490052
2.490085
2.490118
2.490151
2.490183
2.490216
2.490249
2.490281
2.490314
2.490346
2.490379
2.490411
2.490443
2.490475
2.490508
2.490540
2.490572
2.490604
2.490636
2.490668
2.490700
2.490732
2.490764
2.490795
2.490827
2.490859
2.490891
2.490922
2.490954
2.490986
2.491017
2.491049
2.491081
2.491112
2.491144
2.491175
2.491207
2.491238
2.491270
2.491302
2.491334
2.491366
2.491398
2.491430
2.491461
2.491493
2.491525
2.491556
2.491588
2.491620
2.491651
2.491683
2.491714
2.491745
2.491777
2.491808
2.491839
2.491871
2.491902
2.491933
2.491964
2.491995
2.492026
2.492057
2.492088
2.492119
2.492150
2.492181
2.492212
2.492243
2.492273
2.492304
2.492335
2.492366
2.492396
2.492427
2.492457
2.492488
2.492518
2.492549
2.492579
2.492610
2.492640
2.492671
2.492701
2.492731
2.492762
2.492792
2.492822
2.492852
2.492882
2.492912
2.492943
2.492973
2.493003
2.493033
2.493063
2.493093
2.493123
2.493153
2.493183
2.493212
2.493242
2.493272
2.493302
2.493332
2.493361
2.493391
2.493421
2.493450
2.493480
2.493510
2.493539
2.493569
2.493598
2.493628
2.493657
2.493687
2.493716
2.493746
2.493775
2.493805
2.493834
2.493863
2.493893
2.493922
2.493951
2.493980
2.494010
2.494039
2.494068
2.494097
2.494126
2.494155
2.494184
2.494213
2.494243
2.494272
2.494301
2.494330
2.494358
2.494387
2.494416
2.494445
2.494474
2.494503
2.494532
2.494561
2.494589
2.494618
2.494647
2.494676
2.494704
2.494733
2.494762
2.494790
2.494819
2.494847
2.494876
2.494905
2.494933
2.494962
2.494990
2.495019
2.495047
2.495076
2.495104
2.495132
2.495161
2.495189
2.495218
2.495246
2.495274
2.495302
2.495331
2.495359
2.495387
2.495416
2.495444
2.495472
2.495500
2.495528
2.495556
2.495585
2.495613
2.495641
2.495669
2.495697
2.495725
2.495753
2.495781
2.495809
2.495837
2.495865
2.495893
2.495921
2.495949
2.495977
2.496004
2.496032
2.496060
2.496088
2.496116
2.496144
2.496171
2.496199
2.496227
2.496257
2.496285
2.496313
2.496340
2.496368
2.496396
2.496424
2.496451
2.496479
2.496507
2.496534
2.496562
2.496590
2.496617
2.496645
2.496673
2.496700
2.496728
2.496755
2.496783
2.496810
2.496838
2.496865
2.496893
2.496920
2.496947
2.496975
2.497002
2.497030
2.497057
2.497084
2.497112
2.497139
2.497170
2.497197
2.497225
2.497252
2.497279
2.497307
2.497334
2.497361
2.497389
2.497416
2.497443
2.497470
2.497497
2.497525
2.497552
2.497579
2.497606
2.497633
2.497660
2.497687
2.497714
2.497741
2.497768
2.497795
2.497822
2.497849
2.497876
2.497903
2.497930
2.497957
2.497984
2.498011
2.498038
2.498065
2.498091
2.498118
2.498145
2.498172
2.498199
2.498226
2.498252
2.498279
2.498306
2.498333
2.498359
2.498386
2.498413
2.498440
2.498466
2.498493
2.498520
2.498546
2.498573
2.498599
2.498626
2.498653
2.498702
2.498727
2.498756
2.498782
2.498809
2.498835
2.498861
2.498888
2.498914
2.498941
2.498967
2.498993
2.499019
2.499045
2.499071
2.499097
2.499123
2.499149
2.499175
2.499201
2.499227
2.499253
2.499279
2.499305
2.499331
2.499357
2.499382
2.499408
2.499434
2.499460
2.499485
2.499511
2.499537
2.499563
2.499588
2.499614
2.499640
2.499665
2.499691
2.499717
2.499742
2.499768
2.499793
2.499819
2.499845
2.499870
2.499896
2.499921
2.499947
2.499972
2.499998
2.500023
2.500049
2.500075
2.500100
2.500126
2.500151
2.500176
2.500202
2.500227
2.500253
2.500278
2.500304
2.500329
2.500355
2.500380
2.500405
2.500431
2.500456
2.500482
2.500507
2.500532
2.500558
2.500583
2.500608
2.500634
2.500659
2.500684
2.500710
2.500735
2.500760
2.500786
2.500811
2.500836
2.500861
2.500887
2.500912
2.500937
2.500962
2.500988
2.501013
2.501038
2.501063
2.501088
2.501114
2.501139
2.501164
2.501189
2.501214
2.501239
2.501264
2.501289
2.501314
2.501339
2.501364
2.501389
2.501414
2.501439
2.501464
2.501489
2.501514
2.501538
2.501563
2.501588
2.501613
2.501638
2.501662
2.501687
2.501712
2.501736
2.501761
2.501786
2.501810
2.501835
2.501859
2.501884
2.501909
2.501933
2.501958
2.501982
2.502007
2.502031
2.502055
2.502115
2.502141
2.502168
2.502194
2.502220
2.502246
2.502272
2.502298
2.502324
2.502351
2.502377
2.502403
2.502429
2.502454
2.502480
2.502506
2.502531
2.502557
2.502583
2.502608
2.502633
2.502659
2.502684
2.502709
2.502734
2.502759
2.502784
2.502809
2.502833
2.502858
2.502883
2.502907
2.502932
2.502956
2.502980
2.503005
2.503029
2.503053
2.503077
2.503101
2.503125
2.503149
2.503173
2.503196
2.503220
2.503244
2.503267
2.503291
2.503314
2.503337
2.503361
2.503384
2.503407
2.503430
2.503453
2.503476
2.503499
2.503522
2.503545
2.503568
2.503591
2.503613
2.503636
2.503659
2.503689
2.503713
2.503736
2.503759
2.503783
2.503807
2.503830
2.503854
2.503877
2.503901
2.503924
2.503947
2.503971
2.503994
2.504018
2.504041
2.504065
2.504088
2.504111
2.504135
2.504158
2.504182
2.504205
2.504228
2.504252
2.504275
2.504298
2.504322
2.504345
2.504368
2.504392
2.504415
2.504438
2.504462
2.504485
2.504508
2.504531
2.504555
2.504578
2.504601
2.504624
2.504648
2.504671
2.504694
2.504717
2.504740
2.504764
2.504787
2.504810
2.504833
2.504856
2.504879
2.504902
2.504926
2.504949
2.504972
2.504995
2.505018
2.505041
2.505064
2.505087
2.505110
2.505133
2.505156
2.505179
2.505202
2.505225
2.505248
2.505271
2.505294
2.505317
2.505340
2.505363
2.505386
2.505409
2.505432
2.505455
2.505478
2.505500
2.505523
2.505546
2.505569
2.505592
2.505615
2.505637
2.505660
2.505683
2.505706
2.505729
2.505751
2.505774
2.505797
2.505820
2.505842
2.505865
2.505888
2.505910
2.505933
2.505956
2.505978
2.506001
2.506024
2.506046
2.506069
2.506092
2.506114
2.506138
2.506160
2.506183
2.506205
2.506228
2.506251
2.506273
2.506296
2.506318
2.506341
2.506363
2.506385
2.506408
2.506430
2.506453
2.506475
2.506498
2.506520
2.506542
2.506565
2.506587
2.506609
2.506632
2.506654
2.506676
2.506699
2.506721
2.506743
2.506765
2.506788
2.506810
2.506832
2.506854
2.506876
2.506898
2.506921
2.506943
2.506965
2.506987
2.507009
2.507031
2.507053
2.507075
2.507097
2.507119
2.507141
2.507163
2.507185
2.507207
2.507229
2.507251
2.507273
2.507295
2.507317
2.507339
2.507361
2.507383
2.507405
2.507427
2.507448
2.507470
2.507492
2.507514
2.507536
2.507557
2.507579
2.507601
2.507623
2.507644
2.507666
2.507688
2.507709
2.507731
2.507753
2.507774
2.507796
2.507818
2.507839
2.507861
2.507882
2.507904
2.507926
2.507947
2.507969
2.507990
2.508012
2.508033
2.508055
2.508076
2.508098
2.508119
2.508140
2.508162
2.508183
2.508205
2.508226
2.508247
2.508269
2.508290
2.508311
2.508333
2.508354
2.508375
2.508397
2.508418
2.508439
2.508460
2.508482
2.508534
2.508554
2.508578
2.508599
2.508621
2.508642
2.508664
2.508685
2.508707
2.508728
2.508749
2.508770
2.508791
2.508812
2.508833
2.508854
2.508875
2.508896
2.508916
2.508937
2.508958
2.508978
2.508999
2.509019
2.509040
2.509060
2.509081
2.509101
2.509122
2.509142
2.509163
2.509183
2.509203
2.509224
2.509244
2.509264
2.509285
2.509305
2.509326
2.509346
2.509366
2.509387
2.509407
2.509427
2.509448
2.509468
2.509488
2.509509
2.509529
2.509550
2.509570
2.509590
2.509611
2.509631
2.509652
2.509672
2.509693
2.509713
2.509733
2.509754
2.509775
2.509796
2.509817
2.509837
2.509858
2.509879
2.509900
2.509920
2.509941
2.509962
2.509982
2.510003
2.510024
2.510044
2.510065
2.510086
2.510106
2.510127
2.510147
2.510168
2.510188
2.510209
2.510229
2.510250
2.510270
2.510291
2.510311
2.510332
2.510352
2.510373
2.510393
2.510413
2.510434
2.510454
2.510474
2.510495
2.510515
2.510535
2.510556
2.510576
2.510596
2.510617
2.510637
2.510657
2.510677
2.510698
2.510718
2.510738
2.510758
2.510778
2.510799
2.510819
2.510839
2.510859
2.510879
2.510899
2.510919
2.510940
2.510960
2.510980
2.511000
2.511020
2.511040
2.511060
2.511080
2.511100
2.511120
2.511140
2.511160
2.511180
2.511200
2.511220
2.511240
2.511260
2.511280
2.511300
2.511320
2.511339
2.511359
2.511379
2.511399
2.511419
2.511439
2.511458
2.511478
2.511498
2.511518
2.511537
2.511557
2.511577
2.511597
2.511616
2.511636
2.511656
2.511675
2.511695
2.511715
2.511734
2.511754
2.511773
2.511793
2.511812
2.511832
2.511851
2.511871
2.511890
2.511910
2.511929
2.511949
2.511968
2.511988
2.512007
2.512026
2.512046
2.512065
2.512084
2.512104
2.512123
2.512142
2.512161
2.512181
2.512200
2.512219
2.512238
2.512257
2.512276
2.512296
2.512315
2.512334
2.512353
2.512372
2.512391
2.512410
2.512429
2.512448
2.512467
2.512486
2.512505
2.512524
2.512543
2.512561
2.512580
2.512599
2.512618
2.512637
2.512656
2.512701
2.512719
2.512740
2.512759
2.512778
2.512797
2.512816
2.512835
2.512854
2.512872
2.512891
2.512910
2.512928
2.512946
2.512965
2.512983
2.513001
2.513019
2.513037
2.513055
2.513073
2.513091
2.513109
2.513127
2.513145
2.513162
2.513180
2.513198
2.513215
2.513233
2.513250
2.513268
2.513285
2.513303
2.513320
2.513338
2.513355
2.513373
2.513390
2.513407
2.513425
2.513442
2.513459
2.513477
2.513494
2.513511
2.513552
2.513571
2.513590
2.513609
2.513628
2.513646
2.513665
2.513684
2.513703
2.513722
2.513740
2.513759
2.513778
2.513796
2.513815
2.513834
2.513852
2.513871
2.513890
2.513908
2.513927
2.513945
2.513964
2.513982
2.514001
2.514019
2.514038
2.514056
2.514075
2.514093
2.514112
2.514130
2.514148
2.514167
2.514185
2.514203
2.514222
2.514240
2.514258
2.514276
2.514295
2.514313
2.514331
2.514349
2.514367
2.514386
2.514404
2.514422
2.514440
2.514458
2.514476
2.514494
2.514512
2.514530
2.514548
2.514566
2.514584
2.514602
2.514620
2.514638
2.514656
2.514674
2.514692
2.514710
2.514728
2.514746
2.514764
2.514781
2.514799
2.514817
2.514835
2.514853
2.514870
2.514888
2.514906
2.514924
2.514941
2.514959
2.514977
2.514995
2.515012
2.515030
2.515048
2.515065
2.515083
2.515100
2.515118
2.515136
2.515153
2.515171
2.515188
2.515206
2.515224
2.515241
2.515259
2.515276
2.515294
2.515311
2.515329
2.515346
2.515364
2.515381
2.515399
2.515416
2.515434
2.515451
2.515469
2.515486
2.515504
2.515521
2.515539
2.515556
2.515573
2.515591
2.515608
2.515626
2.515643
2.515660
2.515678
2.515695
2.515712
2.515730
2.515747
2.515765
2.515782
2.515799
2.515817
2.515834
2.515851
2.515869
2.515886
2.515903
2.515921
2.515938
2.515955
2.515972
2.515990
2.516007
2.516024
2.516041
2.516059
2.516076
2.516093
2.516110
2.516128
2.516410
2.516412
2.516454
2.516462
2.516487
2.516502
2.516522
2.516538
2.516556
2.516572
2.516588
2.516604
2.516619
2.516634
2.516648
2.516662
2.516675
2.516688
2.516701
2.516714
2.516726
2.516738
2.516750
2.516762
2.516773
2.516784
2.516795
2.516806
2.516817
2.516828
2.516839
2.516849
2.516860
2.516870
2.516881
2.516891
2.516902
2.516912
2.516923
2.516933
2.516944
2.516954
2.516965
2.516976
2.516986
2.516997
2.517008
2.517019
2.517030
2.517042
2.517053
2.517064
2.517076
2.517088
2.517100
2.517111
2.517123
2.517136
2.517148
2.517160
2.517173
2.517185
2.517198
2.517211
2.517224
2.517237
2.517251
2.517264
2.517278
2.517294
2.517310
2.517326
2.517342
2.517358
2.517374
2.517390
2.517406
2.517422
2.517438
2.517454
2.517470
2.517486
2.517502
2.517518
2.517534
2.517550
2.517566
2.517582
2.517598
2.517614
2.517629
2.517645
2.517661
2.517677
2.517693
2.517708
2.517724
2.517740
2.517756
2.517771
2.517787
2.517863
2.517877
2.517898
2.517913
2.517931
2.517947
2.517964
2.517980
2.517996
2.518012
2.518028
2.518044
2.518059
2.518075
2.518090
2.518106
2.518121
2.518136
2.518151
2.518166
2.518181
2.518196
2.518210
2.518225
2.518240
2.518254
2.518269
2.518283
2.518298
2.518312
2.518327
2.518341
2.518356
2.518370
2.518385
2.518399
2.518413
2.518428
2.518442
2.518456
2.518471
2.518485
2.518499
2.518514
2.518528
2.518542
2.518557
2.518571
2.518585
2.518600
2.518614
2.518628
2.518643
2.518657
2.518672
2.518686
2.518700
2.518715
2.518729
2.518744
2.518758
2.518772
2.518787
2.518801
2.518816
2.518830
2.518845
2.518859
2.518874
2.518888
2.518903
2.518917
2.518932
2.518946
2.518961
2.518976
2.518990
2.519005
2.519019
2.519034
2.519048
2.519063
2.519078
2.519092
2.519107
2.519122
2.519136
2.519151
2.519165
2.519180
2.519195
2.519209
2.519224
2.519253
2.519267
2.519283
2.519298
2.519313
2.519328
2.519343
2.519358
2.519373
2.519388
2.519402
2.519417
2.519432
2.519447
2.519461
2.519476
2.519490
2.519505
2.519520
2.519534
2.519549
2.519563
2.519577
2.519592
2.519606
2.519621
2.519635
2.519649
2.519664
2.519678
2.519692
2.519707
2.519721
2.519735
2.519749
2.519764
2.519778
2.519792
2.519806
2.519820
2.519835
2.519849
2.519863
2.519877
2.519891
2.519906
2.519920
2.519934
2.519948
2.519962
2.519976
2.519990
2.520005
2.520019
2.520033
2.520047
2.520061
2.520075
2.520089
2.520103
2.520117
2.520132
2.520146
2.520160
2.520174
2.520189
2.520203
2.520217
2.520231
2.520245
2.520260
2.520274
2.520288
2.520302
2.520316
2.520330
2.520344
2.520358
2.520373
2.520387
2.520401
2.520415
2.520429
2.520443
2.520457
2.520471
2.520485
2.520499
2.520513
2.520527
2.520541
2.520555
2.520569
2.520583
2.520597
2.520611
2.520625
2.520639
2.520653
2.520667
2.520681
2.520695
2.520709
2.520723
2.520737
2.520751
2.520764
2.520778
2.520792
2.520806
2.520820
2.520834
2.520848
2.520862
2.520875
2.520889
2.520903
2.520917
2.520931
2.520944
2.520958
2.520972
2.520986
2.520999
2.521013
2.521027
2.521041
2.521054
2.521068
2.521082
2.521096
2.521109
2.521123
2.521137
2.521150
2.521164
2.521178
2.521191
2.521205
2.521218
2.521232
2.521246
2.521259
2.521273
2.521286
2.521300
2.521313
2.521327
2.521340
2.521354
2.521367
2.521381
2.521394
2.521408
2.521421
2.521435
2.521448
2.521461
2.521475
2.521488
2.521502
2.521515
2.521528
2.521542
2.521555
2.521568
2.521582
2.521595
2.521608
2.521621
2.521635
2.521648
2.521661
2.521674
2.521687
2.521701
2.521714
2.521727
2.521740
2.521753
2.521766
2.521779
2.521792
2.521806
2.521819
2.521832
2.521845
2.521858
2.521871
2.521884
2.521897
2.521910
2.521923
2.521935
2.521948
2.521961
2.521974
2.521987
2.522000
2.522013
2.522026
2.522038
2.522051
2.522064
2.522077
2.522090
2.522102
2.522115
2.522128
2.522141
2.522153
2.522166
2.522179
2.522191
2.522204
2.522217
2.522229
2.522242
2.522255
2.522267
2.522280
2.522292
2.522305
2.522317
2.522330
2.522343
2.522355
2.522368
2.522380
2.522393
2.522405
2.522417
2.522430
2.522443
2.522455
2.522467
2.522480
2.522492
2.522505
2.522517
2.522529
2.522542
2.522554
2.522566
2.522579
2.522591
2.522603
2.522616
2.522628
2.522640
2.522653
2.522665
2.522677
2.522689
2.522702
2.522714
2.522726
2.522738
2.522750
2.522763
2.522775
2.522787
2.522799
2.522811
2.522823
2.522835
2.522847
2.522860
2.522872
2.522884
2.522896
2.522908
2.522920
2.522932
2.522944
2.522956
2.522968
2.522980
2.522992
2.523004
2.523016
2.523028
2.523040
2.523052
2.523064
2.523076
2.523088
2.523099
2.523111
2.523123
2.523135
2.523157
2.523168
2.523181
2.523193
2.523205
2.523216
2.523228
2.523240
2.523252
2.523264
2.523275
2.523287
2.523299
2.523310
2.523322
2.523333
2.523345
2.523357
2.523368
2.523380
2.523391
2.523403
2.523414
2.523426
2.523437
2.523448
2.523460
2.523471
2.523482
2.523494
2.523505
2.523516
2.523528
2.523539
2.523550
2.523561
2.523573
2.523584
2.523595
2.523606
2.523617
2.523629
2.523640
2.523651
2.523662
2.523673
2.523684
2.523695
2.523706
2.523718
2.523729
2.523740
2.523751
2.523762
2.523773
2.523784
2.523795
2.523806
2.523817
2.523828
2.523839
2.523850
2.523861
2.523872
2.523883
2.523894
2.523905
2.523916
2.523927
2.523938
2.523949
2.523960
2.523971
2.523982
2.523993
2.524004
2.524015
2.524026
2.524037
2.524048
2.524059
2.524070
2.524080
2.524091
2.524102
2.524113
2.524124
2.524135
2.524146
2.524156
2.524167
2.524178
2.524189
2.524200
2.524210
2.524221
2.524232
2.524242
2.524253
2.524264
2.524275
2.524285
2.524296
2.524307
2.524317
2.524328
2.524338
2.524349
2.524360
2.524370
2.524381
2.524391
2.524402
2.524412
2.524423
2.524433
2.524444
2.524454
2.524465
2.524475
2.524486
2.524496
2.524506
2.524517
2.524527
2.524537
2.524548
2.524558
2.524569
2.524579
2.524589
2.524599
2.524610
2.524620
2.524630
2.524640
2.524651
2.524661
2.524671
2.524681
2.524692
2.524702
2.524712
2.524722
2.524732
2.524742
2.524752
2.524763
2.524773
2.524783
2.524793
2.524803
2.524813
2.524823
2.524833
2.524843
2.524853
2.524863
2.524873
2.524883
2.524893
2.524903
2.524913
2.524923
2.524933
2.524942
2.524952
2.524962
2.524972
2.524982
2.524992
2.525002
2.525012
2.525021
2.525031
2.525041
2.525051
2.525060
2.525070
2.525080
2.525090
2.525099
2.525109
2.525119
2.525129
2.525138
2.525148
2.525158
2.525167
2.525177
2.525187
2.525196
2.525206
2.525215
2.525225
2.525235
2.525244
2.525254
2.525263
2.525273
2.525282
2.525292
2.525301
2.525311
2.525320
2.525330
2.525339
2.525349
2.525358
2.525368
2.525377
2.525387
2.525396
2.525406
2.525415
2.525424
2.525434
2.525443
2.525452
2.525462
2.525471
2.525480
2.525490
2.525499
2.525508
2.525518
2.525527
2.525536
2.525545
2.525555
2.525564
2.525573
2.525582
2.525592
2.525601
2.525610
2.525619
2.525628
2.525638
2.525647
2.525656
2.525665
2.525674
2.525683
2.525692
2.525702
2.525711
2.525720
2.525729
2.525738
2.525747
2.525756
2.525765
2.525774
2.525783
2.525792
2.525801
2.525810
2.525819
2.525828
2.525837
2.525846
2.525855
2.525864
2.525873
2.525882
2.525891
2.525900
2.525908
2.525917
2.525926
2.525935
2.525944
2.525953
2.525962
2.525971
2.525979
2.525988
2.525997
2.526006
2.526015
2.526023
2.526032
2.526041
2.526050
2.526058
2.526067
2.526076
2.526085
2.526093
2.526102
2.526111
2.526119
2.526128
2.526137
2.526146
2.526154
2.526163
2.526171
2.526180
2.526189
2.526197
2.526206
2.526215
2.526223
2.526232
2.526240
2.526249
2.526257
2.526266
2.526274
2.526283
2.526292
2.526300
2.526309
2.526317
2.526326
2.526334
2.526342
2.526351
2.526359
2.526368
2.526376
2.526385
2.526393
2.526402
2.526410
2.526418
2.526427
2.526435
2.526445
2.526453
2.526462
2.526470
2.526478
2.526487
2.526495
2.526503
2.526512
2.526520
2.526528
2.526537
2.526545
2.526553
2.526561
2.526570
2.526578
2.526586
2.526594
2.526603
2.526611
2.526619
2.526627
2.526635
2.526644
2.526652
2.526660
2.526668
2.526676
2.526684
2.526692
2.526700
2.526708
2.526717
2.526725
2.526733
2.526741
2.526749
2.526757
2.526765
2.526773
2.526781
2.526789
2.526797
2.526805
2.526813
2.526821
2.526829
2.526837
2.526845
2.526853
2.526861
2.526869
2.526877
2.526884
2.526892
2.526900
2.526908
2.526916
2.526924
2.526932
2.526940
2.526948
2.526955
2.526963
2.526971
2.526979
2.526987
2.526995
2.527002
2.527010
2.527018
2.527026
2.527034
2.527041
2.527049
2.527057
2.527065
2.527073
2.527080
2.527088
2.527096
2.527103
2.527111
2.527119
2.527127
2.527134
2.527142
2.527150
2.527157
2.527165
2.527173
2.527180
2.527188
2.527196
2.527203
2.527211
2.527218
2.527226
2.527234
2.527241
2.527249
2.527256
2.527264
2.527272
2.527279
2.527287
2.527294
2.527302
2.527309
2.527317
2.527324
2.527332
2.527339
2.527347
2.527354
2.527362
2.527369
2.527377
2.527384
2.527392
2.527399
2.527406
2.527414
2.527421
2.527429
2.527436
2.527443
2.527451
2.527458
2.527466
2.527473
2.527480
2.527488
2.527495
2.527502
2.527510
2.527517
2.527524
2.527531
2.527539
2.527546
2.527553
2.527561
2.527568
2.527575
2.527582
2.527590
2.527597
2.527604
2.527611
2.527618
2.527626
2.527633
2.527640
2.527647
2.527654
2.527662
2.527669
2.528316
2.528294
2.528350
2.528347
2.528362
2.528369
2.528375
2.528379
2.528381
2.528381
2.528379
2.528375
2.528369
2.528482
2.528473
2.528472
2.528462
2.528454
2.528443
2.528432
2.528419
2.528406
2.528392
2.528376
2.528361
2.528345
2.528328
2.528311
2.528294
2.528276
2.528259
2.528242
2.528225
2.528208
2.528191
2.528175
2.528159
2.528143
2.528128
2.528113
2.528100
2.528086
2.528082
2.528086
2.528090
2.528093
2.528097
2.528100
2.528104
2.528107
2.528110
2.528114
2.528117
2.528120
2.528124
2.528127
2.528130
2.528134
2.528137
2.528140
2.528144
2.528148
2.528151
2.528155
2.528158
2.528162
2.528166
2.528170
2.528174
2.528178
2.528182
2.528186
2.528190
2.528195
2.528201
2.528206
2.528212
2.528218
2.528223
2.528229
2.528235
2.528241
2.528247
2.528252
2.528258
2.528264
2.528270
2.528276
2.528282
2.528288
2.528294
2.528300
2.528306
2.528312
2.528319
2.528325
2.528331
2.528337
2.528343
2.528350
2.528356
2.528362
2.528368
2.528375
2.528381
2.528388
2.528394
2.528400
2.528407
2.528413
2.528420
2.528426
2.528433
2.528439
2.528446
2.528452
2.528459
2.528465
2.528472
2.528478
2.528485
2.528491
2.528498
2.528505
2.528511
2.528518
2.528524
2.528531
2.528537
2.528544
2.528551
2.528557
2.528564
2.528570
2.528577
2.528583
2.528590
2.528596
2.528603
2.528610
2.528616
2.528623
2.528629
2.528636
2.528642
2.528648
2.528655
2.528661
2.528771
2.528781
2.528795
2.528806
2.528817
2.528828
2.528839
2.528849
2.528859
2.528869
2.528879
2.528889
2.528898
2.528907
2.528916
2.528924
2.528932
2.528940
2.528948
2.528956
2.528963
2.528970
2.528977
2.528984
2.528990
2.528997
2.529003
2.529008
2.529014
2.529020
2.529025
2.529030
2.529035
2.529040
2.529044
2.529049
2.529053
2.529057
2.529061
2.529065
2.529068
2.529072
2.529076
2.529079
2.529082
2.529085
2.529088
2.529091
2.529094
2.529097
2.529100
2.529102
2.529105
2.529108
2.529110
2.529112
2.529115
2.529117
2.529120
2.529122
2.529124
2.529127
2.529129
2.529131
2.529133
2.529136
2.529138
2.529140
2.529142
2.529145
2.529147
2.529149
2.529152
2.529154
2.529156
2.529159
2.529161
2.529164
2.529166
2.529169
2.529172
2.529174
2.529177
2.529180
2.529183
2.529186
2.529189
2.529192
2.529195
2.529198
2.529201
2.529205
2.529210
2.529214
2.529219
2.529224
2.529229
2.529234
2.529239
2.529244
2.529249
2.529254
2.529259
2.529264
2.529269
2.529274
2.529279
2.529285
2.529290
2.529295
2.529301
2.529306
2.529311
2.529317
2.529322
2.529328
2.529333
2.529338
2.529344
2.529349
2.529355
2.529360
2.529366
2.529372
2.529377
2.529383
2.529388
2.529393
2.529399
2.529404
2.529410
2.529415
2.529420
2.529426
2.529431
2.529436
2.529442
2.529447
2.529452
2.529458
2.529463
2.529468
2.529473
2.529478
2.529483
2.529489
2.529494
2.529499
2.529504
2.529509
2.529514
2.529519
2.529524
2.529529
2.529534
2.529538
2.529543
2.529548
2.529553
2.529558
2.529563
2.529567
2.529572
2.529577
2.529581
2.529586
2.529591
2.529595
2.529600
2.529605
2.529609
2.529614
2.529618
2.529623
2.529628
2.529632
2.529637
2.529641
2.529646
2.529650
2.529654
2.529659
2.529663
2.529668
2.529672
2.529677
2.529681
2.529685
2.529690
2.529694
2.529699
2.529703
2.529707
2.529712
2.529716
2.529720
2.529725
2.529729
2.529733
2.529738
2.529742
2.529746
2.529751
2.529755
2.529759
2.529763
2.529768
2.529772
2.529776
2.529780
2.529785
2.529789
2.529793
2.529797
2.529802
2.529806
2.529810
2.529814
2.529819
2.529823
2.529827
2.529831
2.529835
2.529840
2.529844
2.529848
2.529852
2.529856
2.529860
2.529865
2.529869
2.529873
2.529877
2.529881
2.529885
2.529889
2.529894
2.529898
2.529902
2.529906
2.529910
2.529914
2.529918
2.529922
2.529926
2.529930
2.529934
2.529939
2.529943
2.529947
2.529951
2.529955
2.529959
2.529963
2.529967
2.529971
2.529975
2.529979
2.529983
2.529987
2.529991
2.529995
2.529999
2.530003
2.530007
2.530011
2.530015
2.530019
2.530023
2.530027
2.530030
2.530034
2.530038
2.530042
2.530046
2.530050
2.530054
2.530058
2.530062
2.530066
2.530070
2.530073
2.530077
2.530081
2.530085
2.530089
2.530093
2.530097
2.530101
2.530104
2.530108
2.530112
2.530116
2.530120
2.530124
2.530127
2.530131
2.530135
2.530139
2.530143
2.530147
2.530150
2.530154
2.530158
2.530162
2.530166
2.530169
2.530173
2.530177
2.530181
2.530185
2.530189
2.530193
2.530196
2.530200
2.530204
2.530208
2.530211
2.530215
2.530219
2.530223
2.530227
2.530230
2.530234
2.530238
2.530242
2.530245
2.530249
2.530253
2.530257
2.530260
2.530264
2.530268
2.530272
2.530275
2.530279
2.530283
2.530287
2.530290
2.530294
2.530298
2.530302
2.530305
2.530309
2.530313
2.530316
2.530320
2.530324
2.530328
2.530331
2.530335
2.530339
2.530342
2.530346
2.530350
2.530354
2.530357
2.530361
2.530365
2.530368
2.530372
2.530376
2.530379
2.530383
2.530387
2.530390
2.530394
2.530398
2.530401
2.530405
2.530409
2.530412
2.530416
2.530420
2.530423
2.530427
2.530431
2.530434
2.530438
2.530441
2.530445
2.530449
2.530452
2.530456
2.530460
2.530463
2.530467
2.530470
2.530474
2.530478
2.530481
2.530485
2.530488
2.530492
2.530495
2.530499
2.530503
2.530506
2.530510
2.530513
2.530517
2.530520
2.530524
2.530528
2.530531
2.530535
2.530538
2.530542
2.530545
2.530549
2.530552
2.530556
2.530560
2.530563
2.530567
2.530570
2.530574
2.530577
2.530581
2.530584
2.530588
2.530591
2.530595
2.530598
2.530602
2.530605
2.530609
2.530612
2.530616
2.530619
2.530623
2.530626
2.530629
2.530633
2.530636
2.530640
2.530643
2.530646
2.530650
2.530653
2.530657
2.530660
2.530663
2.530667
2.530670
2.530674
2.530677
2.530680
2.530684
2.530687
2.530691
2.530694
2.530697
2.530701
2.530704
2.530707
2.530711
2.530714
2.530717
2.530721
2.530724
2.530727
2.530731
2.530734
2.530737
2.530741
2.530744
2.530747
2.530750
2.530754
2.530757
2.530760
2.530764
2.530767
2.530770
2.530774
2.530777
2.530780
2.530783
2.530787
2.530790
2.530793
2.530796
2.530800
2.530803
2.530806
2.530809
2.530813
2.530816
2.530819
2.530822
2.530825
2.530829
2.530832
2.530835
2.530838
2.530842
2.530845
2.530848
2.530851
2.530854
2.530857
2.530861
2.530864
2.530867
2.530870
2.530873
2.530877
2.530880
2.530883
2.530886
2.530889
2.530892
2.530895
2.530899
2.530902
2.530905
2.530908
2.530911
2.530914
2.530917
2.530920
2.530924
2.530927
2.530930
2.530933
2.530936
2.530939
2.530942
2.530945
2.530948
2.530951
2.530954
2.530957
2.530960
2.530964
2.530967
2.530970
2.530973
2.530976
2.530979
2.530982
2.530985
2.530988
2.530991
2.530994
2.530997
2.531000
2.531003
2.531006
2.531009
2.531012
2.531015
2.531018
2.531021
2.531024
2.531027
2.531029
2.531032
2.531035
2.531038
2.531041
2.531044
2.531047
2.531050
2.531053
2.531056
2.531059
2.531062
2.531064
2.531067
2.531070
2.531073
2.531076
2.531079
2.531082
2.531085
2.531087
2.531090
2.531093
2.531096
2.531099
2.531102
2.531104
2.531107
2.531110
2.531113
2.531116
2.531118
2.531121
2.531124
2.531127
2.531129
2.531132
2.531135
2.531138
2.531140
2.531143
2.531146
2.531149
2.531151
2.531154
2.531157
2.531159
2.531162
2.531165
2.531168
2.531170
2.531173
2.531176
2.531178
2.531181
2.531183
2.531186
2.531189
2.531191
2.531194
2.531197
2.531199
2.531202
2.531204
2.531207
2.531210
2.531212
2.531215
2.531217
2.531220
2.531223
2.531225
2.531228
2.531230
2.531233
2.531235
2.531238
2.531240
2.531243
2.531245
2.531248
2.531250
2.531253
2.531255
2.531258
2.531260
2.531263
2.531265
2.531268
2.531270
2.531273
2.531275
2.531277
2.531280
2.531419
2.531416
2.531430
2.531430
2.531437
2.531440
2.531444
2.531447
2.531450
2.531453
2.531456
2.531458
2.531461
2.531462
2.531464
2.531466
2.531467
2.531468
2.531469
2.531470
2.531471
2.531471
2.531472
2.531472
2.531472
2.531472
2.531472
2.531472
2.531472
2.531472
2.531472
2.531472
2.531471
2.531471
2.531471
2.531470
2.531470
2.531469
2.531469
2.531469
2.531468
2.531468
2.531467
2.531467
2.531467
2.531466
2.531466
2.531466
2.531465
2.531465
2.531465
2.531465
2.531465
2.531465
2.531465
2.531465
2.531465
2.531465
2.531465
2.531465
2.531466
2.531466
2.531467
2.531467
2.531468
2.531469
2.531469
2.531470
2.531471
2.531472
2.531473
2.531474
2.531475
2.531476
2.531477
2.531478
2.531480
2.531482
2.531484
2.531485
2.531487
2.531489
2.531491
2.531493
2.531495
2.531497
2.531499
2.531501
2.531503
2.531505
2.531507
2.531509
2.531511
2.531513
2.531515
2.531517
2.531519
2.531521
2.531523
2.531525
2.531527
2.531529
2.531531
2.531533
2.531535
2.531537
2.531539
2.531541
2.531544
2.531546
2.531548
2.531550
2.531552
2.531554
2.531556
2.531558
2.531560
2.531562
2.531564
2.531566
2.531568
2.531570
2.531571
2.531573
2.531575
2.531577
2.531579
2.531581
2.531583
2.531585
2.531587
2.531589
2.531591
2.531593
2.531594
2.531596
2.531598
2.531600
2.531602
2.531706
2.531707
2.531717
2.531720
2.531725
2.531729
2.531733
2.531736
2.531740
2.531743
2.531745
2.531748
2.531750
2.531752
2.531753
2.531755
2.531756
2.531757
2.531820
2.531826
2.531835
2.531840
2.531848
2.531854
2.531861
2.531867
2.531873
2.531879
2.531885
2.531891
2.531897
2.531903
2.531908
2.531914
2.531919
2.531924
2.531929
2.531934
2.531939
2.531944
2.531948
2.531953
2.531958
2.531962
2.531966
2.531971
2.531975
2.531979
2.531983
2.531987
2.531991
2.531995
2.531998
2.532002
2.532006
2.532009
2.532013
2.532017
2.532020
2.532023
2.532027
2.532030
2.532034
2.532037
2.532040
2.532043
2.532046
2.532050
2.532053
2.532056
2.532059
2.532062
2.532065
2.532068
2.532071
2.532074
2.532077
2.532080
2.532083
2.532086
2.532089
2.532092
2.532095
2.532098
2.532101
2.532104
2.532107
2.532110
2.532112
2.532115
2.532118
2.532121
2.532124
2.532127
2.532130
2.532133
2.532136
2.532139
2.532142
2.532145
2.532148
2.532151
2.532154
2.532157
2.532160
2.532163
2.532166
2.532170
2.532173
2.532176
2.532179
2.532182
2.532185
2.532188
2.532191
2.532195
2.532198
2.532201
2.532204
2.532208
2.532211
2.532214
2.532217
2.532221
2.532224
2.532227
2.532231
2.532234
2.532237
2.532241
2.532244
2.532247
2.532251
2.532254
2.532258
2.532261
2.532264
2.532268
2.532271
2.532275
2.532278
2.532282
2.532285
2.532289
2.532292
2.532296
2.532299
2.532303
2.532306
2.532310
2.532314
2.532317
2.532321
2.532324
2.532328
2.532332
2.532335
2.532339
2.532342
2.532346
2.532350
2.532353
2.532357
2.532361
2.532364
2.532368
2.532372
2.532375
2.532379
2.532383
2.532387
2.532390
2.532394
2.532398
2.532401
2.532405
2.532409
2.532412
2.532416
2.532420
2.532424
2.532427
2.532431
2.532435
2.532439
2.532442
2.532446
2.532450
2.532453
2.532457
2.532461
2.532465
2.532468
2.532472
2.532476
2.532479
2.532483
2.532487
2.532491
2.532494
2.532498
2.532502
2.532505
2.532509
2.532513
2.532517
2.532520
2.532524
2.532528
2.532531
2.532535
2.532539
2.532542
2.532546
2.532550
2.532553
2.532557
2.532560
2.532564
2.532568
2.532571
2.532575
2.532579
2.532582
2.532586
2.532589
2.532593
2.532597
2.532600
2.532604
2.532607
2.532611
2.532614
2.532618
2.532621
2.532625
2.532628
2.532632
2.532635
2.532639
2.532642
2.532646
2.532649
2.532653
2.532656
2.532660
2.532663
2.532667
2.532670
2.532674
2.532677
2.532680
2.532684
2.532687
2.532691
2.532694
2.532697
2.532701
2.532704
2.532707
2.532711
2.532714
2.532717
2.532721
2.532724
2.532727
2.532731
2.532734
2.532737
2.532740
2.532744
2.532747
2.532750
2.532753
2.532757
2.532760
2.532763
2.532766
2.532770
2.532773
2.532776
2.532779
2.532782
2.532785
2.532789
2.532792
2.532795
2.532798
2.532801
2.532804
2.532807
2.532811
2.532814
2.532817
2.532820
2.532823
2.532826
2.532829
2.532832
2.532835
2.532838
2.532841
2.532845
2.532848
2.532851
2.532854
2.532857
2.532860
2.532863
2.532866
2.532869
2.532872
2.532875
2.532878
2.532881
2.532884
2.532887
2.532890
2.532892
2.532895
2.532898
2.532901
2.532904
2.532907
2.532910
2.532913
2.532916
2.532919
2.532922
2.532925
2.532928
2.532930
2.532933
2.532936
2.532939
2.532942
2.532945
2.532948
2.532950
2.532953
2.532956
2.532959
2.532962
2.532965
2.532967
2.532970
2.532973
2.532976
2.532979
2.532981
2.532984
2.532987
2.532990
2.532992
2.532995
2.532998
2.533001
2.533003
2.533006
2.533009
2.533012
2.533014
2.533017
2.533020
2.533022
2.533025
2.533028
2.533031
2.533033
2.533036
2.533039
2.533041
2.533044
2.533047
2.533049
2.533052
2.533054
2.533057
2.533060
2.533062
2.533065
2.533068
2.533070
2.533073
2.533075
2.533078
2.533081
2.533083
2.533086
2.533088
2.533091
2.533093
2.533096
2.533098
2.533101
2.533104
2.533106
2.533109
2.533111
2.533114
2.533116
2.533119
2.533121
2.533124
2.533126
2.533129
2.533131
2.533134
2.533136
2.533139
2.533141
2.533143
2.533146
2.533148
2.533151
2.533153
2.533156
2.533158
2.533160
2.533163
2.533165
2.533168
2.533170
2.533172
2.533175
2.533177
2.533180
2.533182
2.533184
2.533189
2.533191
2.533194
2.533196
2.533198
2.533201
2.533203
2.533205
2.533208
2.533210
2.533212
2.533215
2.533217
2.533219
2.533222
2.533224
2.533226
2.533228
2.533231
2.533233
2.533235
2.533237
2.533239
2.533242
2.533244
2.533246
2.533248
2.533250
2.533253
2.533255
2.533257
2.533259
2.533261
2.533263
2.533265
2.533267
2.533270
2.533272
2.533274
2.533276
2.533278
2.533280
2.533282
2.533284
2.533286
2.533288
2.533290
2.533292
2.533294
2.533297
2.533299
2.533301
2.533303
2.533305
2.533307
2.533309
2.533311
2.533313
2.533315
2.533317
2.533319
2.533321
2.533323
2.533325
2.533327
2.533329
2.533331
2.533332
2.533334
2.533336
2.533338
2.533340
2.533342
2.533344
2.533346
2.533348
2.533350
2.533352
2.533354
2.533356
2.533358
2.533359
2.533361
2.533363
2.533365
2.533367
2.533369
2.533371
2.533373
2.533374
2.533376
2.533378
2.533380
2.533382
2.533384
2.533385
2.533387
2.533389
2.533391
2.533393
2.533394
2.533396
2.533398
2.533400
2.533401
2.533403
2.533405
2.533407
2.533408
2.533410
2.533412
2.533413
2.533415
2.533417
2.533418
2.533420
2.533422
2.533424
2.533425
2.533427
2.533428
2.533430
2.533432
2.533433
2.533435
2.533437
2.533438
2.533440
2.533441
2.533449
2.533450
2.533452
2.533453
2.533455
2.533457
2.533458
2.533460
2.533461
2.533463
2.533464
2.533465
2.533467
2.533468
2.533469
2.533471
2.533472
2.533473
2.533475
2.533476
2.533477
2.533478
2.533480
2.533481
2.533482
2.533483
2.533484
2.533486
2.533487
2.533488
2.533489
2.533490
2.533491
2.533493
2.533494
2.533495
2.533496
2.533497
2.533498
2.533499
2.533500
2.533502
2.533503
2.533504
2.533505
2.533507
2.533508
2.533509
2.533510
2.533512
2.533513
2.533514
2.533515
2.533516
2.533518
2.533519
2.533520
2.533521
2.533522
2.533523
2.533524
2.533526
2.533527
2.533528
2.533529
2.533530
2.533531
2.533532
2.533533
2.533534
2.533535
2.533537
2.533538
2.533539
2.533540
2.533541
2.533542
2.533543
2.533544
2.533545
2.533546
2.533547
2.533548
2.533549
2.533550
2.533551
2.533552
2.533553
2.533553
2.533554
2.533555
2.533556
2.533557
2.533558
2.533559
2.533560
2.533561
2.533562
2.533562
2.533563
2.533564
2.533565
2.533566
2.533567
2.533568
2.533568
2.533569
2.533570
2.533571
2.533572
2.533572
2.533573
2.533574
2.533575
2.533575
2.533576
2.533577
2.533578
2.533578
2.533579
2.533580
2.533580
2.533581
2.533582
2.533583
2.533583
2.533584
2.533585
2.533585
2.533586
2.533587
2.533588
2.533589
2.533589
2.533590
2.533591
2.533591
2.533592
2.533592
2.533593
2.533593
2.533594
2.533595
2.533595
2.533596
2.533596
2.533597
2.533598
2.533598
2.533599
2.533599
2.533600
2.533600
2.533601
2.533601
2.533601
2.533602
2.533602
2.533603
2.533603
2.533604
2.533604
2.533604
2.533605
2.533605
2.533606
2.533606
2.533606
2.533607
2.533607
2.533608
2.533608
2.533608
2.533609
2.533609
2.533609
2.533610
2.533610
2.533610
2.533610
2.533611
2.533611
2.533611
2.533612
2.533612
2.533612
2.533612
2.533613
2.533613
2.533613
2.533613
2.533614
2.533614
2.533614
2.533614
2.533615
2.533615
2.533615
2.533615
2.533615
2.533616
2.533616
2.533616
2.533616
2.533616
2.533617
2.533617
2.533617
2.533617
2.533617
2.533617
2.533617
2.533618
2.533618
2.533618
2.533618
2.533618
2.533618
2.533618
2.533618
2.533618
2.533619
2.533619
2.533619
2.533619
2.533619
2.533619
2.533619
2.533619
2.533619
2.533619
2.533619
2.533619
2.533619
2.533619
2.533619
2.533619
2.533619
2.533619
2.533619
2.533619
2.533619
2.533619
2.533619
2.533619
2.533619
2.533619
2.533619
2.533619
2.533619
2.533619
2.533619
2.533619
2.533619
2.533619
2.533619
2.533618
2.533618
2.533618
2.533618
2.533618
2.533618
2.533618
2.533618
2.533618
2.533618
2.533617
2.533617
2.533617
2.533617
2.533617
2.533617
2.533617
2.533616
2.533616
2.533616
2.533616
2.533616
2.533616
2.533615
2.533615
2.533615
2.533615
2.533615
2.533615
2.533614
2.533614
2.533614
2.533614
2.533613
2.533613
2.533613
2.533613
2.533613
2.533612
2.533612
2.533612
2.533612
2.533611
2.533611
2.533611
2.533611
2.533610
2.533610
2.533610
2.533610
2.533609
2.533609
2.533609
2.533608
2.533608
2.533608
2.533608
2.533607
2.533607
2.533607
2.533606
2.533606
2.533606
2.533605
2.533605
2.533605
2.533604
2.533604
2.533604
2.533603
2.533603
2.533603
2.533602
2.533602
2.533602
2.533601
2.533601
2.533601
2.533600
2.533600
2.533599
2.533599
2.533599
2.533598
2.533598
2.533598
2.533597
2.533597
2.533596
2.533596
2.533596
2.533595
2.533595
2.533594
2.533594
2.533594
2.533593
2.533593
2.533592
2.533592
2.533591
2.533591
2.533591
2.533590
2.533590
2.533589
2.533589
2.533588
2.533588
2.533587
2.533587
2.533587
2.533586
2.533586
2.533585
2.533585
2.533584
2.533584
2.533583
2.533583
2.533582
2.533582
2.533581
2.533581
2.533580
2.533580
2.533579
2.533579
2.533579
2.533578
2.533578
2.533577
2.533577
2.533576
2.533575
2.533575
2.533574
2.533574
2.533573
2.533573
2.533572
2.533572
2.533571
2.533571
2.533570
2.533570
2.533569
2.533569
2.533568
2.533568
2.533567
2.533567
2.533566
2.533565
2.533565
2.533564
2.533564
2.533563
2.533563
2.533562
2.533562
2.533561
2.533560
2.533560
2.533559
2.533559
2.533558
2.533558
2.533557
2.533556
2.533556
2.533555
2.533555
2.533554
2.533554
2.533553
2.533552
2.533552
2.533551
2.533551
2.533550
2.533549
2.533549
2.533548
2.533548
2.533547
2.533546
2.533546
2.533545
2.533544
2.533544
2.533543
2.533543
2.533542
2.533541
2.533541
2.533540
2.533539
2.533539
2.533538
2.533538
2.533537
2.533536
2.533536
2.533535
2.533534
2.533534
2.533533
2.533532
2.533532
2.533531
2.533530
2.533530
2.533529
2.533528
2.533528
2.533527
2.533526
2.533526
2.533525
2.533524
2.533524
2.533523
2.533522
2.533522
2.533521
2.533520
2.533520
2.533519
2.533518
2.533518
2.533517
2.533516
2.533515
2.533515
2.533514
2.533513
2.533513
2.533512
2.533511
2.533510
2.533510
2.533509
2.533508
2.533508
2.533507
2.533506
2.533505
2.533505
2.533504
2.533503
2.533502
2.533502
2.533501
2.533500
2.533500
2.533499
2.533498
2.533497
2.533497
2.533496
2.533495
2.533494
2.533494
2.533493
2.533492
2.533491
2.533490
2.533490
2.533489
2.533488
2.533487
2.533487
2.533486
2.533485
2.533484
2.533484
2.533483
2.533482
2.533481
2.533480
2.533480
2.533479
2.533478
2.533477
2.533476
2.533476
2.533475
2.533474
2.533473
2.533472
2.533472
2.533471
2.533470
2.533469
2.533468
2.533467
2.533467
2.533466
2.533465
2.533464
2.533463
2.533462
2.533462
2.533461
2.533460
2.533459
2.533458
2.533457
2.533457
2.533456
2.533455
2.533454
2.533453
2.533452
2.533451
2.533451
2.533450
2.533449
2.533448
2.533447
2.533446
2.533570
2.533569
2.533577
2.533578
2.533581
2.533583
2.533584
2.533586
2.533587
2.533588
2.533588
2.533588
2.533588
2.533588
2.533587
2.533586
2.533585
2.533583
2.533582
2.533580
2.533578
2.533576
2.533573
2.533570
2.533568
2.533565
2.533561
2.533558
2.533555
2.533551
2.533547
2.533544
2.533540
2.533536
2.533532
2.533528
2.533524
2.533519
2.533515
2.533511
2.533507
2.533502
2.533498
2.533493
2.533489
2.533485
2.533480
2.533476
2.533472
2.533467
2.533463
2.533459
2.533455
2.533451
2.533446
2.533442
2.533438
2.533434
2.533431
2.533427
2.533423
2.533419
2.533417
2.533415
2.533413
2.533411
2.533410
2.533408
2.533406
2.533404
2.533403
2.533401
2.533399
2.533398
2.533396
2.533394
2.533393
2.533391
2.533390
2.533389
2.533387
2.533386
2.533384
2.533383
2.533382
2.533381
2.533379
2.533378
2.533377
2.533376
2.533375
2.533374
2.533373
2.533372
2.533370
2.533369
2.533368
2.533367
2.533366
2.533365
2.533364
2.533363
2.533362
2.533362
2.533361
2.533360
2.533359
2.533358
2.533357
2.533356
2.533355
2.533354
2.533353
2.533352
2.533351
2.533350
2.533349
2.533348
2.533347
2.533346
2.533345
2.533344
2.533343
2.533342
2.533341
2.533340
2.533339
2.533338
2.533337
2.533336
2.533335
2.533333
2.533332
2.533331
2.533330
2.533329
2.533328
2.533326
2.533325
2.533324
2.533323
2.533322
2.533320
2.533319
2.533318
2.533316
2.533315
2.533314
2.533312
2.533311
2.533310
2.533308
2.533307
2.533306
2.533304
2.533303
2.533301
2.533300
2.533299
2.533297
2.533296
2.533294
2.533293
2.533291
2.533290
2.533288
2.533287
2.533285
2.533284
2.533282
2.533281
2.533279
2.533278
2.533276
2.533275
2.533273
2.533272
2.533270
2.533269
2.533267
2.533266
2.533264
2.533262
2.533261
2.533259
2.533258
2.533256
2.533255
2.533253
2.533252
2.533250
2.533249
2.533247
2.533245
2.533244
2.533242
2.533241
2.533239
2.533238
2.533236
2.533235
2.533233
2.533232
2.533230
2.533229
2.533227
2.533225
2.533224
2.533222
2.533221
2.533219
2.533218
2.533216
2.533215
2.533213
2.533212
2.533210
2.533209
2.533207
2.533206
2.533204
2.533203
2.533201
2.533200
2.533198
2.533197
2.533195
2.533194
2.533192
2.533191
2.533189
2.533188
2.533187
2.533185
2.533184
2.533182
2.533181
2.533179
2.533178
2.533176
2.533175
2.533173
2.533172
2.533170
2.533169
2.533167
2.533166
2.533164
2.533163
2.533162
2.533160
2.533159
2.533157
2.533159
2.533157
2.533156
2.533155
2.533153
2.533152
2.533150
2.533149
2.533147
2.533146
2.533145
2.533143
2.533142
2.533140
2.533139
2.533137
2.533136
2.533134
2.533132
2.533131
2.533129
2.533128
2.533126
2.533125
2.533123
2.533121
2.533120
2.533118
2.533117
2.533115
2.533113
2.533112
2.533110
2.533108
2.533107
2.533105
2.533103
2.533102
2.533100
2.533098
2.533097
2.533095
2.533093
2.533092
2.533090
2.533088
2.533087
2.533085
2.533083
2.533082
2.533080
2.533078
2.533077
2.533075
2.533073
2.533071
2.533070
2.533068
2.533067
2.533065
2.533063
2.533062
2.533060
2.533059
2.533057
2.533055
2.533054
2.533052
2.533050
2.533049
2.533047
2.533045
2.533044
2.533042
2.533040
2.533039
2.533037
2.533035
2.533034
2.533032
2.533030
2.533029
2.533027
2.533025
2.533023
2.533022
2.533020
2.533018
2.533017
2.533015
2.533013
2.533011
2.533010
2.533008
2.533006
2.533005
2.533003
2.533001
2.532999
2.532998
2.532996
2.532994
2.532992
2.532991
2.532989
2.532987
2.532985
2.532984
2.532982
2.532981
2.532979
2.532977
2.532975
2.532974
2.532972
2.532970
2.532968
2.532966
2.532965
2.532963
2.532961
2.532959
2.532957
2.532956
2.532954
2.532952
2.532950
2.532948
2.532947
2.532945
2.532943
2.532941
2.532939
2.532937
2.532936
2.532934
2.532932
2.532930
2.532928
2.532926
2.532924
2.532923
2.532921
2.532919
2.532917
2.532915
2.532913
2.532911
2.532909
2.532908
2.532906
2.532904
2.532902
2.532900
2.532898
2.532896
2.532894
2.532892
2.532891
2.532889
2.532887
2.532885
2.532883
2.532881
2.532879
2.532877
2.532875
2.532873
2.532871
2.532870
2.532868
2.532866
2.532864
2.532862
2.532860
2.532858
2.532856
2.532854
2.532852
2.532850
2.532848
2.532846
2.532844
2.532842
2.532840
2.532838
2.532836
2.532834
2.532832
2.532831
2.532829
2.532827
2.532825
2.532823
2.532821
2.532819
2.532817
2.532815
2.532813
2.532811
2.532809
2.532807
2.532805
2.532803
2.532801
2.532799
2.532797
2.532795
2.532793
2.532791
2.532789
2.532787
2.532785
2.532782
2.532780
2.532778
2.532776
2.532774
2.532772
2.532770
2.532768
2.532766
2.532764
2.532762
2.532760
2.532758
2.532756
2.532754
2.532752
2.532750
2.532748
2.532745
2.532743
2.532741
2.532739
2.532737
2.532735
2.532733
2.532731
2.532729
2.532727
2.532725
2.532722
2.532720
2.532718
2.532716
2.532714
2.532712
2.532710
2.532708
2.532706
2.532703
2.532701
2.532699
2.532697
2.532695
2.532693
2.532691
2.532688
2.532686
2.532684
2.532682
2.532680
2.532678
2.532676
2.532673
2.532671
2.532669
2.532667
2.532665
2.532663
2.532660
2.532658
2.532656
2.532654
2.532652
2.532650
2.532647
2.532645
2.532643
2.532641
2.532879
2.532867
2.532884
2.532878
2.532880
2.532878
2.532876
2.532873
2.532870
2.532865
2.532860
2.532854
2.532847
2.532840
2.532832
2.532824
2.532815
2.532806
2.532796
2.532787
2.532776
2.532766
2.532755
2.532744
2.532733
2.532722
2.532711
2.532700
2.532688
2.532677
2.532666
2.532655
2.532644
2.532633
2.532622
2.532612
2.532602
2.532592
2.532582
2.532572
2.532563
2.532554
2.532545
2.532542
2.532540
2.532538
2.532535
2.532533
2.532531
2.532528
2.532526
2.532524
2.532521
2.532519
2.532517
2.532514
2.532512
2.532510
2.532508
2.532505
2.532503
2.532501
2.532498
2.532496
2.532494
2.532491
2.532489
2.532487
2.532484
2.532482
2.532480
2.532477
2.532475
2.532473
2.532470
2.532468
2.532466
2.532463
2.532461
2.532458
2.532456
2.532454
2.532451
2.532449
2.532447
2.532444
2.532442
2.532439
2.532437
2.532435
2.532432
2.532430
2.532428
2.532425
2.532423
2.532420
2.532418
2.532416
2.532413
2.532411
2.532408
2.532406
2.532404
2.532401
2.532399
2.532396
2.532394
2.532392
2.532389
2.532387
2.532384
2.532382
2.532379
2.532377
2.532375
2.532372
2.532370
2.532367
2.532365
2.532362
2.532360
2.532357
2.532355
2.532353
2.532350
2.532348
2.532345
2.532343
2.532340
2.532338
2.532335
2.532333
2.532330
2.532328
2.532325
2.532323
2.532320
2.532318
2.532315
2.532313
2.532310
2.532308
2.532305
2.532303
2.532300
2.532298
2.532295
2.532293
2.532290
2.532288
2.532285
2.532283
2.532280
2.532278
2.532275
2.532273
2.532270
2.532268
2.532265
2.532263
2.532260
2.532257
2.532255
2.532252
2.532250
2.532247
2.532245
2.532242
2.532239
2.532237
2.532234
2.532232
2.532229
2.532227
2.532224
2.532221
2.532219
2.532216
2.532214
2.532211
2.532208
2.532206
2.532203
2.532201
2.532198
2.532195
2.532193
2.532190
2.532188
2.532185
2.532182
2.532180
2.532177
2.532174
2.532172
2.532169
2.532166
2.532164
2.532161
2.532158
2.532156
2.532153
2.532151
2.532148
2.532145
2.532143
2.532140
2.532137
2.532134
2.532132
2.532129
2.532126
2.532124
2.532121
2.532118
2.532116
2.532113
2.532110
2.532107
2.532105
2.532102
2.532099
2.532097
2.532094
2.532091
2.532088
2.532086
2.532083
2.532080
2.532077
2.532075
2.532072
2.532069
2.532066
2.532064
2.532061
2.532058
2.532055
2.532053
2.532050
2.532047
2.532044
2.532042
2.532039
2.532036
2.532033
2.532030
2.532028
2.532025
2.532022
2.532019
2.532016
2.532014
2.532011
2.532008
2.532005
2.532002
2.532000
2.531997
2.531994
2.531991
2.531988
2.531985
2.531983
2.531980
2.531977
2.531974
2.531971
2.531968
2.531965
2.531963
2.531960
2.531957
2.531954
2.531951
2.531948
2.531945
2.531942
2.531940
2.531937
2.531934
2.531931
2.531928
2.531925
2.531922
2.531919
2.531916
2.531914
2.531911
2.531908
2.531905
2.531902
2.531899
2.531896
2.531893
2.531890
2.531887
2.531884
2.531881
2.531878
2.531876
2.531873
2.531870
2.531867
2.531864
2.531861
2.531858
2.531855
2.531852
2.531849
2.531846
2.531843
2.531840
2.531837
2.531834
2.531831
2.531828
2.531825
2.531822
2.531819
2.531816
2.531813
2.531810
2.531807
2.531804
2.531801
2.531798
2.531795
2.531792
2.531789
2.531786
2.531783
2.531780
2.531777
2.531774
2.531771
2.531768
2.531765
2.531762
2.531759
2.531756
2.531753
2.531750
2.531747
2.531744
2.531741
2.531738
2.531734
2.531731
2.531728
2.531725
2.531722
2.531719
2.531716
2.531713
2.531710
2.531707
2.531704
2.531701
2.531698
2.531695
2.531691
2.531688
2.531685
2.531682
2.531679
2.531676
2.531673
2.531670
2.531667
2.531664
2.531660
2.531657
2.531654
2.531651
2.531648
2.531645
2.531642
2.531639
2.531635
2.531632
2.531629
2.531626
2.531623
2.531620
2.531617
2.531614
2.531610
2.531610
2.531607
2.531604
2.531601
2.531598
2.531594
2.531591
2.531588
2.531585
2.531582
2.531579
2.531575
2.531572
2.531569
2.531566
2.531563
2.531559
2.531556
2.531553
2.531550
2.531546
2.531543
2.531540
2.531536
2.531533
2.531530
2.531527
2.531523
2.531520
2.531517
2.531513
2.531510
2.531507
2.531503
2.531500
2.531497
2.531494
2.531490
2.531487
2.531484
2.531480
2.531477
2.531474
2.531470
2.531467
2.531464
2.531461
2.531457
2.531454
2.531451
2.531448
2.531444
2.531441
2.531438
2.531435
2.531431
2.531428
2.531425
2.531422
2.531418
2.531415
2.531412
2.531409
2.531405
2.531402
2.531399
2.531396
2.531392
2.531389
2.531386
2.531382
2.531379
2.531376
2.531373
2.531369
2.531366
2.531363
2.531359
2.531356
2.531353
2.531349
2.531346
2.531343
2.531340
2.531336
2.531333
2.531330
2.531326
2.531323
2.531320
2.531316
2.531313
2.531310
2.531306
2.531303
2.531300
2.531296
2.531293
2.531290
2.531286
2.531283
2.531280
2.531276
2.531273
2.531270
2.531266
2.531263
2.531260
2.531256
2.531253
2.531250
2.531246
2.531243
2.531240
2.531236
2.531233
2.531229
2.531226
2.531223
2.531219
2.531216
2.531213
2.531209
2.531206
2.531202
2.531199
2.531196
2.531192
2.531189
2.531186
2.531182
2.531179
2.531175
2.531172
2.531169
2.531165
2.531162
2.531158
2.531155
2.531152
2.531148
2.531145
2.531141
2.531138
2.531134
2.531131
2.531128
2.531124
2.531121
2.531117
2.531114
2.531110
2.531107
2.531104
2.531100
2.531097
2.531093
2.531090
2.531086
2.531083
2.531080
2.531076
2.531073
2.531069
2.531066
2.531062
2.531059
2.531055
2.531052
2.531048
2.531045
2.531041
2.531038
2.531035
2.531031
2.531028
2.531024
2.531021
2.531017
2.531014
2.531010
2.531007
2.531003
2.531000
2.530996
2.530993
2.530989
2.530986
2.530982
2.530979
2.530975
2.530972
2.530968
2.530965
2.530961
2.530958
2.530954
2.530951
2.530947
2.530944
2.530940
2.530937
2.530933
2.530930
2.530926
2.530923
2.530919
2.530915
2.530912
2.530908
2.530905
2.530901
2.530898
2.530894
2.530891
2.530887
2.530884
2.530880
2.530876
2.530873
2.530869
2.530866
2.530862
2.530859
2.530855
2.530852
2.530848
2.530844
2.530841
2.530837
2.530834
2.530830
2.530827
2.530823
2.530819
2.530816
2.530812
2.530809
2.530805
2.530801
2.530798
2.530794
2.530791
2.530787
2.530783
2.530780
2.530776
2.530773
2.530769
2.530765
2.530762
2.530758
2.530755
2.530751
2.530747
2.530744
2.530740
2.530736
2.530733
2.530729
2.530726
2.530722
2.530718
2.530715
2.530711
2.530707
2.530704
2.530700
2.530696
2.530693
2.530689
2.530685
2.530682
2.530678
2.530674
2.530671
2.530667
2.530664
2.530660
2.530656
2.530653
2.530649
2.530645
2.530641
2.530638
2.530634
2.530630
2.530627
2.530623
2.530619
2.530616
2.530612
2.530608
2.530605
2.530601
2.530597
2.530594
2.530590
2.530586
2.530582
2.530579
2.530575
2.530571
2.530568
2.530564
2.530560
2.530556
2.530553
2.530549
2.530545
2.530542
2.530538
2.530534
2.530530
2.530527
2.530523
2.530519
2.530516
2.530512
2.530508
2.530504
2.530501
2.530497
2.530493
2.530489
2.530486
2.530482
2.530478
2.530474
2.530471
2.530467
2.530463
2.530459
2.530455
2.530452
2.530448
2.530444
2.530440
2.530437
2.530433
2.530429
2.530425
2.530422
2.530418
2.530414
2.530410
2.530406
2.530403
2.530399
2.530395
2.530391
2.530387
2.530384
2.530380
2.530376
2.530372
2.530368
2.530365
2.530361
2.530357
2.530353
2.530349
2.530346
2.530342
2.530338
2.530334
2.530330
2.530326
2.530323
2.530319
2.530315
2.530311
2.530307
2.530303
2.530300
2.530296
2.530292
2.530288
2.530284
2.530280
2.530277
2.530273
2.530269
2.530265
2.530261
2.530257
2.530253
2.530250
2.530246
2.530242
2.530238
2.530234
2.530230
2.530226
2.530222
2.530219
2.530215
2.530211
2.530207
2.530203
2.530199
2.530195
2.530191
2.530188
2.530184
2.530180
2.530176
2.530172
2.530168
2.530164
2.530160
2.530156
2.530152
2.530149
2.530145
2.530141
2.530137
2.530133
2.530129
2.530125
2.530121
2.530117
2.530113
2.530109
2.530106
2.530102
2.530098
2.530094
2.530090
2.530086
2.530082
2.530078
2.530074
2.530070
2.530066
2.530062
2.530058
2.530054
2.530050
2.530046
2.530043
2.530039
2.530035
2.530031
2.530027
2.530023
2.530019
2.530015
2.530011
2.530007
2.530003
2.529999
2.529995
2.529991
2.529987
2.529983
2.529979
2.529975
2.529971
2.529967
2.529963
2.529959
2.529955
2.529951
2.529947
2.529943
2.529939
2.529935
2.529931
2.529927
2.529923
2.529919
2.529915
2.529911
2.529907
2.529903
2.529899
2.529895
2.529891
2.529887
2.529883
2.529879
2.529875
2.529871
2.529867
2.529863
2.529859
2.529855
2.529851
2.529847
2.529843
2.529839
2.529835
2.529831
2.529827
2.529823
2.529819
2.529815
2.529811
2.529807
2.529803
2.529799
2.529795
2.529790
2.529786
2.529782
2.529778
2.529774
2.529770
2.529766
2.529762
2.529758
2.529754
2.529750
2.529746
2.529742
2.529738
2.529734
2.529730
2.529725
2.529721
2.529717
2.529713
2.529709
2.529705
2.529701
2.529697
2.529693
2.529689
2.529685
2.529681
2.529676
2.529672
2.529668
2.529664
2.529660
2.529656
2.529652
2.529648
2.529644
2.529640
2.529635
2.529631
2.529627
2.529623
2.529619
2.529615
2.529611
2.529607
2.529603
2.529598
2.529594
2.529590
2.529586
2.529582
2.529578
2.529574
2.529570
2.529565
2.529561
2.529557
2.529553
2.529549
2.529545
2.529541
2.529536
2.529532
2.529528
2.529524
2.529520
2.529516
2.529512
2.529507
2.529503
2.529499
2.529495
2.529491
2.529487
2.529482
2.529478
2.529474
2.529470
2.529466
2.529462
2.529457
2.529453
2.529449
2.529445
2.529441
2.529437
2.529432
2.529428
2.529424
2.529420
2.529416
2.529412
2.529407
2.529403
2.529399
2.529395
2.529391
2.529386
2.529382
2.529378
2.529374
2.529370
2.529365
2.529361
2.529357
2.529353
2.529349
2.529344
2.529340
2.529336
2.529332
2.529328
2.529323
2.529319
2.529315
2.529311
2.529306
2.529302
2.529298
2.529294
2.529290
2.529285
2.529281
2.529277
2.529273
2.529268
2.529264
2.529260
2.529256
2.529251
2.529247
2.529243
2.529239
2.529235
2.529230
2.529226
2.529222
2.529218
2.529213
2.529209
2.529205
2.529201
2.529196
2.529192
2.529188
2.529184
2.529179
2.529175
2.529171
2.529166
2.529162
2.529158
2.529154
2.529149
2.529145
2.529141
2.529137
2.529132
2.529128
2.529124
2.529119
2.529115
2.529111
2.529107
2.529102
2.529098
2.529094
2.529089
2.529085
2.529081
2.529077
2.529072
2.529068
2.529064
2.529059
2.529055
2.529051
2.529047
2.529042
2.529038
2.529034
2.529029
2.529025
2.529021
2.529016
2.529012
2.529008
2.529003
2.528999
2.528995
2.528991
2.528986
2.528982
2.528978
2.528973
2.528969
2.528965
2.528960
2.528956
2.528952
2.528947
2.528943
2.528939
2.528934
2.528930
2.528926
2.528921
2.528917
2.528913
2.528908
2.528904
2.528900
2.528895
2.528891
2.528886
2.528882
2.528878
2.528873
2.528869
2.528865
2.528860
2.528856
2.528852
2.528847
2.528843
2.528839
2.528834
2.528830
2.528825
2.528821
2.528817
2.528812
2.528808
2.528804
2.528799
2.528795
2.528790
2.528786
2.528782
2.528777
2.528773
2.528769
2.528764
2.528760
2.528755
2.528751
2.528747
2.528742
2.528738
2.528733
2.528729
2.528725
2.528720
2.528716
2.528711
2.528707
2.528703
2.528698
2.528694
2.528689
2.528685
2.528681
2.528676
2.528672
2.528667
2.528663
2.528659
2.528654
2.528650
2.528645
2.528641
2.528636
2.528632
2.528628
2.528623
2.528619
2.528614
2.528610
2.528605
2.528601
2.528597
2.528592
2.528588
2.528584
2.528579
2.528575
2.528570
2.528566
2.528562
2.528557
2.528553
2.528548
2.528544
2.528539
2.528535
2.528530
2.528526
2.528522
2.528517
2.528513
2.528508
2.528504
2.528499
2.528495
2.528490
2.528486
2.528481
2.528477
2.528472
2.528468
2.528463
2.528459
2.528454
2.528450
2.528445
2.528441
2.528436
2.528432
2.528427
2.528423
2.528418
2.528414
2.528409
2.528405
2.528400
2.528396
2.528391
2.528387
2.528382
2.528378
2.528373
2.528369
2.528364
2.528360
2.528355
2.528351
2.528346
2.528342
2.528337
2.528333
2.528328
2.528324
2.528319
2.528315
2.528310
2.528306
2.528301
2.528297
2.528292
2.528288
2.528283
2.528279
2.528274
2.528270
2.528265
2.528260
2.528256
2.528251
2.528247
2.528242
2.528238
2.528233
2.528229
2.528224
2.528220
2.528215
2.528211
2.528206
2.528202
2.528197
2.528192
2.528188
2.528183
2.528179
2.528174
2.528170
2.528165
2.528161
2.528156
2.528151
2.528147
2.528142
2.528138
2.528133
2.528129
2.528124
2.528120
2.528115
2.528110
2.528106
2.528101
2.528097
2.528092
2.528088
2.528083
2.528078
2.528074
2.528069
2.528065
2.528060
2.528056
2.528051
2.528046
2.528042
2.528037
2.528033
2.528028
2.528747
2.528772
2.528821
2.528850
2.528888
2.528921
2.528956
2.528989
2.529022
2.529054
2.529086
2.529118
2.529152
2.529188
2.529223
2.529257
2.529291
2.529325
2.529358
2.529391
2.529423
2.529455
2.529488
2.529521
2.529554
2.529586
2.529617
2.529648
2.529679
2.529710
2.529739
2.529769
2.529798
2.529826
2.529854
2.529882
2.529909
2.529936
2.529962
2.529987
2.530012
2.530037
2.530061
2.530085
2.530108
2.530130
2.530152
2.530174
2.530195
2.530215
2.530235
2.530255
2.530274
2.530292
2.530310
2.530328
2.530345
2.530361
2.530377
2.530393
2.530408
2.530422
2.530436
2.530450
2.530463
2.530476
2.530489
2.530501
2.530512
2.530523
2.530534
2.530545
2.530555
2.530564
2.530574
2.530583
2.530591
2.530600
2.530608
2.530616
2.530623
2.530630
2.530637
2.530644
2.530650
2.530656
2.530662
2.530668
2.530673
2.530678
2.530683
2.530688
2.530693
2.530697
2.530701
2.530705
2.530709
2.530713
2.530717
2.530720
2.530723
2.530727
2.530730
2.530733
2.530736
2.530738
2.530741
2.530744
2.530746
2.530749
2.530751
2.530753
2.530756
2.530758
2.530760
2.530762
2.530764
2.530766
2.530768
2.530770
2.530772
2.530773
2.530775
2.530777
2.530778
2.530903
2.530914
2.530928
2.530939
2.530952
2.530964
2.530977
2.530989
2.531002
2.531015
2.531028
2.531041
2.531054
2.531067
2.531080
2.531094
2.531107
2.531121
2.531134
2.531148
2.531162
2.531176
2.531190
2.531204
2.531218
2.531232
2.531246
2.531261
2.531275
2.531289
2.531304
2.531318
2.531333
2.531347
2.531362
2.531376
2.531391
2.531406
2.531421
2.531437
2.531453
2.531468
2.531484
2.531500
2.531516
2.531531
2.531547
2.531563
2.531578
2.531594
2.531609
2.531625
2.531641
2.531656
2.531672
2.531687
2.531702
2.531718
2.531733
2.531748
2.531763
2.531779
2.531794
2.531809
2.531824
2.531839
2.531853
2.531868
2.531883
2.531897
2.531912
2.531926
2.531941
2.531955
2.531969
2.531983
2.531997
2.532011
2.532025
2.532039
2.532053
2.532066
2.532080
2.532093
2.532107
2.532120
2.532133
2.532146
2.532159
2.532172
2.532185
2.532197
2.532210
2.532222
2.532235
2.532247
2.532259
2.532272
2.532284
2.532296
2.532308
2.532319
2.532331
2.532343
2.532354
2.532366
2.532377
2.532389
2.532400
2.532411
2.532422
2.532433
2.532444
2.532455
2.532466
2.532476
2.532487
2.532498
2.532508
2.532519
2.532529
2.532540
2.532550
2.532560
2.532570
2.532580
2.532590
2.532600
2.532610
2.532620
2.532630
2.532640
2.532649
2.532670
2.532680
2.532690
2.532700
2.532710
2.532719
2.532729
2.532738
2.532748
2.532757
2.532767
2.532776
2.532785
2.532794
2.532803
2.532812
2.532821
2.532830
2.532838
2.532847
2.532856
2.532864
2.532873
2.532881
2.532890
2.532898
2.532906
2.532915
2.532923
2.532931
2.532939
2.532947
2.532955
2.532963
2.532971
2.532979
2.532987
2.532995
2.533003
2.533011
2.533018
2.533026
2.533034
2.533041
2.533049
2.533057
2.533064
2.533072
2.533079
2.533087
2.533094
2.533102
2.533109
2.533117
2.533124
2.533131
2.533139
2.533146
2.533153
2.533161
2.533168
2.533175
2.533183
2.533190
2.533197
2.533204
2.533211
2.533219
2.533226
2.533233
2.533240
2.533247
2.533254
2.533261
2.533268
2.533275
2.533282
2.533289
2.533296
2.533303
2.533310
2.533317
2.533324
2.533331
2.533338
2.533344
2.533351
2.533358
2.533365
2.533372
2.533378
2.533385
2.533392
2.533399
2.533405
2.533412
2.533419
2.533426
2.533432
2.533439
2.533446
2.533452
2.533459
2.533465
2.533472
2.533479
2.533485
2.533492
2.533498
2.533505
2.533512
2.533518
2.533525
2.533531
2.533538
2.533544
2.533551
2.533557
2.533564
2.533570
2.533576
2.533583
2.533589
2.533595
2.533601
2.533607
2.533614
2.533620
2.533626
2.533632
2.533638
2.533644
2.533650
2.533655
2.533661
2.533667
2.533673
2.533679
2.533684
2.533690
2.533696
2.533701
2.533707
2.533713
2.533718
2.533724
2.533729
2.533735
2.533740
2.533746
2.533751
2.533757
2.533762
2.533768
2.533773
2.533778
2.533784
2.533789
2.533795
2.533800
2.533805
2.533810
2.533816
2.533821
2.533826
2.533832
2.533837
2.533842
2.533847
2.533853
2.533858
2.533863
2.533868
2.533874
2.533879
2.533884
2.533889
2.533895
2.533900
2.533905
2.533910
2.533916
2.533921
2.533926
2.533932
2.533937
2.533942
2.533947
2.533953
2.533958
2.533963
2.533969
2.533974
2.533979
2.533985
2.533990
2.533995
2.534001
2.534006
2.534011
2.534017
2.534022
2.534028
2.534033
2.534039
2.534044
2.534050
2.534055
2.534061
2.534066
2.534072
2.534077
2.534083
2.534088
2.534094
2.534100
2.534105
2.534111
2.534117
2.534122
2.534128
2.534134
2.534139
2.534145
2.534151
2.534157
2.534162
2.534168
2.534174
2.534180
2.534186
2.534192
2.534197
2.534203
2.534209
2.534215
2.534221
2.534227
2.534233
2.534239
2.534245
2.534251
2.534257
2.534263
2.534269
2.534275
2.534281
2.534287
2.534294
2.534300
2.534306
2.534312
2.534318
2.534324
2.534330
2.534336
2.534343
2.534349
2.534355
2.534361
2.534367
2.534374
2.534380
2.534386
2.534392
2.534398
2.534405
2.534411
2.534417
2.534423
2.534429
2.534436
2.534442
2.534448
2.534454
2.534460
2.534467
2.534473
2.534479
2.534485
2.534491
2.534498
2.534504
2.534510
2.534516
2.534522
2.534529
2.534535
2.534541
2.534547
2.534553
2.534560
2.534566
2.534572
2.534578
2.534584
2.534591
2.534597
2.534603
2.534609
2.534615
2.534623
2.534630
2.534637
2.534645
2.534653
2.534662
2.534670
2.534679
2.534687
2.534696
2.534705
2.534714
2.534724
2.534734
2.534745
2.534756
2.534767
2.534778
2.534790
2.534801
2.534813
2.534825
2.534837
2.534849
2.534861
2.534873
2.534885
2.534897
2.534909
2.534921
2.534933
2.534946
2.534958
2.534970
2.534983
2.534995
2.535007
2.535020
2.535033
2.535045
2.535058
2.535071
2.535083
2.535096
2.535109
2.535122
2.535135
2.535148
2.535161
2.535174
2.535187
2.535200
2.535213
2.535226
2.535239
2.535253
2.535266
2.535279
2.535292
2.535306
2.535319
2.535332
2.535346
2.535359
2.535373
2.535386
2.535400
2.535413
2.535427
2.535440
2.535454
2.535467
2.535481
2.535494
2.535508
2.535522
2.535535
2.535549
2.535562
2.535576
2.535590
2.535765
2.535784
2.535810
2.535830
2.535852
2.535874
2.535896
2.535917
2.535939
2.535960
2.535981
2.536002
2.536023
2.536044
2.536065
2.536086
2.536107
2.536128
2.536148
2.536169
2.536190
2.536210
2.536231
2.536252
2.536272
2.536293
2.536313
2.536334
2.536354
2.536375
2.536395
2.536415
2.536436
2.536456
2.536476
2.536497
2.536517
2.536537
2.536557
2.536577
2.536598
2.536618
2.536638
2.536658
2.536678
2.536697
2.536717
2.536737
2.536757
2.536777
2.536796
2.536816
2.536836
2.536855
2.536875
2.536894
2.536914
2.536933
2.536952
2.536972
2.536991
2.537010
2.537029
2.537048
2.537067
2.537086
2.537105
2.537124
2.537143
2.537162
2.537181
2.537200
2.537218
2.537237
2.537255
2.537274
2.537293
2.537311
2.537329
2.537348
2.537366
2.537384
2.537402
2.537421
2.537439
2.537457
2.537475
2.537493
2.537511
2.537529
2.537546
2.537564
2.537582
2.537600
2.537617
2.537635
2.537652
2.537670
2.537687
2.537705
2.537722
2.537739
2.537757
2.537774
2.537791
2.537808
2.537825
2.537842
2.537859
2.537876
2.537893
2.537910
2.537927
2.537944
2.537960
2.537977
2.537994
2.538010
2.538027
2.538044
2.538060
2.538077
2.538093
2.538109
2.538126
2.538142
2.538158
2.538174
2.538191
2.538207
2.538223
2.538239
2.538255
2.538271
2.538287
2.538303
2.538319
2.538335
2.538351
2.538366
2.538382
2.538398
2.538414
2.538429
2.538445
2.538461
2.538476
2.538492
2.538507
2.538523
2.538538
2.538554
2.538569
2.538585
2.538600
2.538616
2.538631
2.538647
2.538662
2.538677
2.538693
2.538708
2.538724
2.538739
2.538754
2.538770
2.538785
2.538800
2.538816
2.538831
2.538846
2.538862
2.538877
2.538892
2.538907
2.538964
2.538978
2.538997
2.539011
2.539028
2.539043
2.539059
2.539074
2.539090
2.539105
2.539120
2.539135
2.539150
2.539165
2.539180
2.539194
2.539209
2.539224
2.539238
2.539253
2.539267
2.539281
2.539296
2.539310
2.539324
2.539339
2.539353
2.539367
2.539381
2.539395
2.539410
2.539424
2.539438
2.539452
2.539466
2.539480
2.539495
2.539509
2.539523
2.539537
2.539552
2.539566
2.539580
2.539594
2.539609
2.539623
2.539637
2.539652
2.539666
2.539681
2.539695
2.539710
2.539724
2.539739
2.539753
2.539768
2.539782
2.539797
2.539811
2.539826
2.539841
2.539855
2.539870
2.539885
2.539900
2.539915
2.539930
2.539945
2.539960
2.539976
2.539991
2.540006
2.540021
2.540036
2.540052
2.540067
2.540082
2.540097
2.540112
2.540127
2.540142
2.540158
2.540173
2.540188
2.540203
2.540218
2.540330
2.540341
2.540363
2.540377
2.540394
2.540409
2.540424
2.540439
2.540453
2.540467
2.540481
2.540494
2.540507
2.540520
2.540533
2.540545
2.540558
2.540570
2.540581
2.540593
2.540605
2.540616
2.540627
2.540639
2.540650
2.540661
2.540672
2.540683
2.540694
2.540705
2.540717
2.540728
2.540739
2.540750
2.540761
2.540773
2.540784
2.540795
2.540807
2.540819
2.540830
2.540842
2.540854
2.540868
2.540883
2.540897
2.540912
2.540926
2.540941
2.540955
2.540970
2.540984
2.540999
2.541013
2.541028
2.541042
2.541057
2.541071
2.541086
2.541100
2.541115
2.541129
2.541143
2.541158
2.541172
2.541187
2.541201
2.541216
2.541230
2.541244
2.541259
2.541273
2.541287
2.541302
2.541316
2.541331
2.541345
2.541359
2.541374
2.541388
2.541402
2.541416
2.541431
2.541445
2.541459
2.541474
2.541488
2.541502
2.541516
2.541531
2.541545
2.541559
2.541573
2.541588
2.541602
2.541616
2.541630
2.541645
2.541659
2.541673
2.541687
2.541701
2.541715
2.541730
2.541744
2.541758
2.541772
2.541786
2.541800
2.541814
2.541828
2.541842
2.541857
2.541871
2.541885
2.541899
2.541913
2.541927
2.541941
2.541955
2.541969
2.541983
2.541997
2.542011
2.542025
2.542039
2.542053
2.542067
2.542081
2.542095
2.542109
2.542123
2.542136
2.542150
2.542164
2.542178
2.542192
2.542206
2.542220
2.542234
2.542247
2.542261
2.542275
2.542289
2.542303
2.542316
2.542330
2.542344
2.542358
2.542374
2.542387
2.542401
2.542415
2.542429
2.542442
2.542456
2.542470
2.542483
2.542497
2.542511
2.542524
2.542538
2.542552
2.542565
2.542579
2.542592
2.542606
2.542620
2.542633
2.542647
2.542660
2.542674
2.542687
2.542701
2.542714
2.542727
2.542741
2.542754
2.542768
2.542781
2.542795
2.542808
2.542821
2.542835
2.542848
2.542861
2.542875
2.542888
2.542901
2.542915
2.542928
2.542941
2.542954
2.542968
2.542981
2.542994
2.543007
2.543021
2.543034
2.543047
2.543060
2.543073
2.543087
2.543100
2.543113
2.543126
2.543139
2.543152
2.543165
2.543179
2.543192
2.543205
2.543218
2.543231
2.543244
2.543257
2.543270
2.543283
2.543296
2.543309
2.543322
2.543335
2.543348
2.543361
2.543374
2.543387
2.543400
2.543413
2.543426
2.543439
2.543452
2.543465
2.543478
2.543491
2.543504
2.543517
2.543530
2.543543
2.543556
2.543569
2.543581
2.543594
2.543607
2.543620
2.543633
2.543646
2.543659
2.543671
2.543684
2.543697
2.543710
2.543723
2.543736
2.543748
2.543761
2.543774
2.543787
2.543799
2.543812
2.543825
2.543838
2.543850
2.543863
2.543876
2.543889
2.543901
2.543914
2.543927
2.543940
2.543952
2.543965
2.543978
2.543990
2.544003
2.544016
2.544028
2.544041
2.544054
2.544066
2.544079
2.544092
2.544104
2.544117
2.544129
2.544142
2.544157
2.544169
2.544182
2.544195
2.544207
2.544220
2.544232
2.544245
2.544257
2.544270
2.544282
2.544295
2.544307
2.544319
2.544332
2.544344
2.544357
2.544369
2.544381
2.544394
2.544406
2.544419
2.544431
2.544443
2.544456
2.544468
2.544480
2.544493
2.544505
2.544517
2.544530
2.544542
2.544554
2.544567
2.544579
2.544591
2.544604
2.544616
2.544628
2.544641
2.544653
2.544665
2.544678
2.544690
2.544702
2.544714
2.544727
2.544739
2.544751
2.544764
2.544776
2.544788
2.544800
2.544812
2.544825
2.544837
2.544849
2.544861
2.544874
2.544886
2.544898
2.544910
2.544922
2.544935
2.544947
2.544959
2.544971
2.544983
2.544995
2.545007
2.545020
2.545032
2.545044
2.545056
2.545068
2.545080
2.545092
2.545104
2.545116
2.545128
2.545140
2.545152
2.545164
2.545176
2.545188
2.545200
2.545212
2.545224
2.545236
2.545248
2.545260
2.545272
2.545284
2.545296
2.545308
2.545320
2.545332
2.545344
2.545356
2.545368
2.545380
2.545391
2.545403
2.545415
2.545427
2.545439
2.545451
2.545463
2.545474
2.545486
2.545498
2.545510
2.545522
2.545533
2.545545
2.545557
2.545569
2.545580
2.545592
2.545604
2.545615
2.545627
2.545639
2.545651
2.545662
2.545674
2.545686
2.545697
2.545709
2.545720
2.545732
2.545744
2.545755
2.545767
2.545778
2.545790
2.545802
2.545813
2.545825
2.545836
2.545848
2.545859
2.545871
2.545882
2.545894
2.545905
2.545917
2.545928
2.545940
2.545951
2.545962
2.545974
2.545985
2.545997
2.546008
2.546019
2.546031
2.546042
2.546053
2.546065
2.546076
2.546087
2.546099
2.546110
2.546121
2.546133
2.546144
2.546155
2.546166
2.546178
2.546189
2.546200
2.546211
2.546222
2.546234
2.546245
2.546256
2.546267
2.546278
2.546289
2.546300
2.546312
2.546323
2.546334
2.546345
2.546356
2.546367
2.546378
2.546389
2.546400
2.546411
2.546422
2.546433
2.546444
2.546455
2.546466
2.546477
2.546488
2.546499
2.546510
2.546521
2.546532
2.546543
2.546554
2.546564
2.546575
2.546586
2.546597
2.546608
2.546619
2.546630
2.546640
2.546651
2.546662
2.546673
2.546683
2.546694
2.546705
2.546716
2.546726
2.546737
2.546748
2.546759
2.546769
2.546780
2.546791
2.546801
2.546812
2.546823
2.546833
2.546844
2.546854
2.546865
2.546876
2.546886
2.546897
2.546907
2.546918
2.546928
2.546939
2.546949
2.546960
2.546970
2.546981
2.546991
2.547002
2.547012
2.547023
2.547033
2.547044
2.547054
2.547064
2.547075
2.547085
2.547096
2.547106
2.547116
2.547127
2.547137
2.547147
2.547158
2.547168
2.547178
2.547189
2.547199
2.547209
2.547219
2.547230
2.547240
2.547250
2.547260
2.547270
2.547281
2.547291
2.547301
2.547311
2.547321
2.547331
2.547341
2.547352
2.547362
2.547372
2.547382
2.547392
2.547402
2.547412
2.547422
2.547432
2.547442
2.547452
2.547462
2.547472
2.547482
2.547492
2.547502
2.547512
2.547522
2.547532
2.547542
2.547552
2.547561
2.547571
2.547581
2.547591
2.547601
2.547611
2.547620
2.547630
2.547640
2.547650
2.547660
2.547669
2.547679
2.547689
2.547699
2.547708
2.547718
2.547728
2.547737
2.547747
2.547757
2.547766
2.547776
2.547786
2.547795
2.547805
2.547815
2.547824
2.547834
2.547843
2.547853
2.547862
2.547872
2.547881
2.547891
2.547900
2.547910
2.547919
2.547929
2.547938
2.547948
2.547957
2.547966
2.547976
2.547985
2.547995
2.548004
2.548013
2.548023
2.548032
2.548041
2.548051
2.548060
2.548069
2.548079
2.548088
2.548097
2.548106
2.548116
2.548125
2.548134
2.548143
2.548152
2.548162
2.548171
2.548180
2.548189
2.548198
2.548207
2.548216
2.548225
2.548234
2.548244
2.548253
2.548262
2.548271
2.548280
2.548289
2.548298
2.548307
2.548316
2.548325
2.548333
2.548342
2.548351
2.548360
2.548369
2.548378
2.548387
2.548396
2.548405
2.548413
2.548422
2.548431
2.548440
2.548449
2.548457
2.548466
2.548475
2.548484
2.548492
2.548501
2.548510
2.548519
2.548527
2.548536
2.548545
2.548553
2.548562
2.548570
2.548579
2.548588
2.548596
2.548605
2.548613
2.548622
2.548631
2.548639
2.548648
2.548656
2.548665
2.548673
2.548681
2.548690
2.548698
2.548707
2.548715
2.548724
2.548732
2.548740
2.548749
2.548757
2.548765
2.548774
2.548782
2.548790
2.548799
2.548807
2.548815
2.548823
2.548832
2.548840
2.548848
2.548856
2.548865
2.548873
2.548881
2.548889
2.548897
2.548905
2.548914
2.548922
2.548930
2.548938
2.548946
2.548954
2.548962
2.548970
2.548978
2.548986
2.548994
2.549002
2.549010
2.549018
2.549026
2.549034
2.549042
2.549050
2.549058
2.549066
2.549073
2.549081
2.549089
2.549097
2.549105
2.549113
2.549121
2.549128
2.549136
2.549144
2.549152
2.549159
2.549167
2.549175
2.549183
2.549190
2.549198
2.549206
2.549305
2.549312
2.549327
2.549335
2.549346
2.549355
2.549365
2.549373
2.549382
2.549390
2.549398
2.549406
2.549414
2.549421
2.549428
2.549434
2.549441
2.549447
2.549453
2.549459
2.549464
2.549469
2.549475
2.549479
2.549484
2.549489
2.549493
2.549498
2.549502
2.549506
2.549510
2.549514
2.549518
2.549522
2.549526
2.549530
2.549534
2.549537
2.549541
2.549545
2.549549
2.549552
2.549556
2.549560
2.549564
2.549567
2.549571
2.549575
2.549579
2.549583
2.549588
2.549592
2.549596
2.549603
2.549610
2.549617
2.549624
2.549632
2.549639
2.549646
2.549653
2.549659
2.549666
2.549673
2.549680
2.549687
2.549694
2.549701
2.549708
2.549715
2.549722
2.549729
2.549736
2.549742
2.549749
2.549756
2.549763
2.549770
2.549776
2.549783
2.549790
2.549797
2.549804
2.549810
2.549817
2.549824
2.549830
2.549837
2.549844
2.549851
2.549857
2.549864
2.549871
2.549877
2.549884
2.549890
2.549897
2.549904
2.549910
2.549917
2.549923
2.549930
2.549936
2.549943
2.549950
2.549956
2.549963
2.549969
2.549976
2.549982
2.549988
2.549995
2.550001
2.550008
2.550014
2.550021
2.550027
2.550033
2.550040
2.550046
2.550053
2.550059
2.550065
2.550072
2.550078
2.550084
2.550091
2.550097
2.550103
2.550109
2.550116
2.550122
2.550128
2.550134
2.550141
2.550147
2.550153
2.550159
2.550166
2.550172
2.550178
2.550184
2.550190
2.550196
2.550202
2.550209
2.550215
2.550221
2.550227
2.550233
2.550239
2.550245
2.550251
2.550257
2.550263
2.550269
2.550275
2.550281
2.550287
2.550293
2.550299
2.550305
2.550311
2.550317
2.550323
2.550329
2.550335
2.550341
2.550347
2.550353
2.550359
2.550365
2.550370
2.550376
2.550382
2.550388
2.550394
2.550400
2.550405
2.550411
2.550417
2.550423
2.550429
2.550434
2.550440
2.550446
2.550452
2.550457
2.550463
2.550469
2.550475
2.550480
2.550486
2.550492
2.550497
2.550503
2.550509
2.550514
2.550520
2.550526
2.550531
2.550537
2.550542
2.550548
2.550554
2.550559
2.550565
2.550570
2.550576
2.550581
2.550587
2.550592
2.550598
2.550603
2.550609
2.550614
2.550620
2.550625
2.550631
2.550636
2.550642
2.550647
2.550653
2.550658
2.550663
2.550669
2.550674
2.550680
2.550685
2.550690
2.550696
2.550701
2.550706
2.550712
2.550717
2.550722
2.550728
2.550733
2.550738
2.550744
2.550749
2.550754
2.550759
2.550765
2.550770
2.550775
2.550780
2.550786
2.550792
2.550797
2.550802
2.550807
2.550812
2.550818
2.550823
2.550828
2.550833
2.550838
2.550843
2.550848
2.550853
2.550858
2.550864
2.550869
2.550874
2.550879
2.550884
2.550889
2.550894
2.550899
2.550904
2.550909
2.550914
2.550919
2.550923
2.550928
2.550933
2.550938
2.550943
2.550948
2.550953
2.550958
2.550963
2.550968
2.550972
2.550977
2.550982
2.550987
2.550992
2.550997
2.551001
2.551006
2.551011
2.551016
2.551021
2.551026
2.551030
2.551035
2.551040
2.551045
2.551049
2.551054
2.551059
2.551064
2.551068
2.551073
2.551078
2.551083
2.551087
2.551092
2.551097
2.551101
2.551106
2.551111
2.551115
2.551120
2.551124
2.551129
2.551134
2.551138
2.551143
2.551148
2.551152
2.551157
2.551161
2.551166
2.551170
2.551175
2.551179
2.551184
2.551188
2.551193
2.551197
2.551202
2.551206
2.551211
2.551215
2.551220
2.551224
2.551229
2.551233
2.551237
2.551242
2.551246
2.551251
2.551255
2.551259
2.551264
2.551268
2.551272
2.551277
2.551281
2.551285
2.551290
2.551294
2.551298
2.551303
2.551307
2.551311
2.551315
2.551320
2.551324
2.551328
2.551332
2.551337
2.551341
2.551345
2.551349
2.551353
2.551358
2.551362
2.551366
2.551370
2.551374
2.551378
2.551383
2.551387
2.551391
2.551395
2.551399
2.551403
2.551407
2.551411
2.551415
2.551419
2.551423
2.551427
2.551431
2.551435
2.551439
2.551443
2.551447
2.551451
2.551455
2.551459
2.551463
2.551467
2.551471
2.551475
2.551479
2.551483
2.551487
2.551491
2.551495
2.551499
2.551503
2.551506
2.551510
2.551514
2.551518
2.551522
2.551526
2.551529
2.551533
2.551537
2.551541
2.551545
2.551548
2.551552
2.551556
2.551560
2.551563
2.551567
2.551571
2.551575
2.551578
2.551582
2.551586
2.551589
2.551593
2.551597
2.551600
2.551604
2.551608
2.551611
2.551615
2.551619
2.551622
2.551626
2.551629
2.551633
2.551637
2.551640
2.551644
2.551647
2.551651
2.551654
2.551658
2.551661
2.551665
2.551668
2.551672
2.551675
2.551679
2.551682
2.551686
2.551689
2.551693
2.551696
2.551700
2.551703
2.551706
2.551710
2.551713
2.551717
2.551720
2.551723
2.551727
2.551730
2.551733
2.551737
2.551740
2.551743
2.551747
2.551751
2.551754
2.551758
2.551761
2.551764
2.551767
2.551771
2.551774
2.551777
2.551780
2.551784
2.551787
2.551790
2.551793
2.551797
2.551800
2.551803
2.551806
2.551809
2.551812
2.551815
2.551819
2.551822
2.551825
2.551828
2.551831
2.551834
2.551837
2.551840
2.551843
2.551846
2.551849
2.551852
2.551855
2.551858
2.551861
2.551864
2.551867
2.551870
2.551873
2.551876
2.551879
2.551882
2.551885
2.551888
2.551891
2.551894
2.551897
2.551900
2.551903
2.551905
2.551908
2.551911
2.551914
2.551917
2.551920
2.551923
2.551926
2.551928
2.551931
2.551934
2.551937
2.551940
2.551943
2.551945
2.551948
2.551951
2.551954
2.551956
2.551959
2.551962
2.551965
2.551967
2.551970
2.551973
2.551976
2.551978
2.551981
2.551984
2.551986
2.551989
2.551992
2.551995
2.551997
2.552000
2.552002
2.552005
2.552008
2.552010
2.552013
2.552016
2.552018
2.552021
2.552023
2.552026
2.552029
2.552031
2.552034
2.552036
2.552039
2.552041
2.552044
2.552046
2.552049
2.552051
2.552054
2.552056
2.552059
2.552061
2.552064
2.552066
2.552069
2.552071
2.552074
2.552076
2.552079
2.552081
2.552083
2.552086
2.552088
2.552091
2.552093
2.552095
2.552098
2.552100
2.552102
2.552105
2.552107
2.552109
2.552112
2.552114
2.552116
2.552119
2.552121
2.552123
2.552126
2.552129
2.552131
2.552133
2.552135
2.552138
2.552140
2.552142
2.552144
2.552147
2.552149
2.552151
2.552153
2.552155
2.552158
2.552160
2.552162
2.552164
2.552166
2.552168
2.552170
2.552173
2.552175
2.552177
2.552179
2.552181
2.552183
2.552185
2.552187
2.552189
2.552191
2.552193
2.552196
2.552198
2.552200
2.552202
2.552204
2.552206
2.552208
2.552210
2.552212
2.552214
2.552216
2.552218
2.552220
2.552222
2.552224
2.552226
2.552228
2.552230
2.552232
2.552234
2.552235
2.552237
2.552239
2.552241
2.552243
2.552245
2.552247
2.552249
2.552251
2.552253
2.552255
2.552256
2.552258
2.552260
2.552262
2.552264
2.552266
2.552268
2.552269
2.552271
2.552273
2.552275
2.552277
2.552278
2.552280
2.552282
2.552284
2.552286
2.552287
2.552289
2.552291
2.552293
2.552294
2.552296
2.552298
2.552300
2.552301
2.552303
2.552305
2.552306
2.552308
2.552310
2.552312
2.552313
2.552315
2.552317
2.552318
2.552320
2.552322
2.552323
2.552325
2.552326
2.552328
2.552330
2.552331
2.552333
2.552335
2.552336
2.552338
2.552339
2.552341
2.552342
2.552344
2.552346
2.552347
2.552349
2.552350
2.552352
2.552353
2.552355
2.552356
2.552358
2.552359
2.552361
2.552362
2.552364
2.552365
2.552367
2.552368
2.552370
2.552371
2.552373
2.552374
2.552376
2.552377
2.552379
2.552380
2.552381
2.552383
2.552384
2.552386
2.552387
2.552389
2.552390
2.552391
2.552393
2.552394
2.552395
2.552397
2.552398
2.552400
2.552401
2.552402
2.552404
2.552405
2.552406
2.552408
2.552409
2.552410
2.552412
2.552413
2.552414
2.552415
2.552417
2.552418
2.552419
2.552421
2.552422
2.552423
2.552424
2.552426
2.552427
2.552428
2.552429
2.552431
2.552432
2.552433
2.552434
2.552435
2.552437
2.552438
2.552439
2.552440
2.552441
2.552443
2.552444
2.552445
2.552446
2.552447
2.552448
2.552450
2.552451
2.552452
2.552453
2.552454
2.552455
2.552456
2.552458
2.552459
2.552460
2.552461
2.552462
2.552463
2.552464
2.552465
2.552466
2.552467
2.552468
2.552469
2.552471
2.552472
2.552473
2.552474
2.552475
2.552476
2.552477
2.552478
2.552479
2.552480
2.552481
2.552482
2.552483
2.552484
2.552485
2.552486
2.552487
2.552488
2.552489
2.552490
2.552491
2.552492
2.552493
2.552493
2.552494
2.552495
2.552496
2.552497
2.552498
2.552499
2.552500
2.552501
2.552502
2.552503
2.552504
2.552504
2.552505
2.552506
2.552507
2.552508
2.552509
2.552510
2.552511
2.552511
2.552512
2.552513
2.552514
2.552515
2.552516
2.552516
2.552517
2.552518
2.552519
2.552520
2.552520
2.552521
2.552522
2.552523
2.552524
2.552524
2.552525
2.552526
2.552527
2.552527
2.552528
2.552529
2.552530
2.552530
2.552531
2.552532
2.552533
2.552533
2.552534
2.552535
2.552535
2.552536
2.552537
2.552538
2.552538
2.552539
2.552540
2.552540
2.552541
2.552542
2.552542
2.552543
2.552544
2.552544
2.552545
2.552546
2.552573
2.552574
2.552576
2.552577
2.552579
2.552580
2.552581
2.552582
2.552583
2.552584
2.552585
2.552586
2.552587
2.552587
2.552588
2.552588
2.552589
2.552589
2.552590
2.552590
2.552590
2.552590
2.552591
2.552591
2.552591
2.552591
2.552591
2.552591
2.552591
2.552591
2.552590
2.552590
2.552590
2.552590
2.552590
2.552589
2.552589
2.552589
2.552588
2.552588
2.552588
2.552588
2.552587
2.552587
2.552586
2.552586
2.552586
2.552585
2.552585
2.552585
2.552584
2.552584
2.552584
2.552583
2.552583
2.552583
2.552582
2.552582
2.552582
2.552582
2.552581
2.552581
2.552581
2.552581
2.552582
2.552582
2.552582
2.552582
2.552582
2.552582
2.552583
2.552583
2.552583
2.552583
2.552583
2.552583
2.552584
2.552584
2.552584
2.552584
2.552585
2.552585
2.552585
2.552585
2.552586
2.552586
2.552586
2.552586
2.552587
2.552587
2.552587
2.552587
2.552588
2.552588
2.552588
2.552588
2.552589
2.552589
2.552589
2.552590
2.552590
2.552590
2.552590
2.552591
2.552591
2.552591
2.552591
2.552592
2.552592
2.552592
2.552592
2.552593
2.552593
2.552593
2.552593
2.552594
2.552594
2.552594
2.552594
2.552595
2.552595
2.552595
2.552595
2.552595
2.552596
2.552596
2.552596
2.552596
2.552596
2.552597
2.552597
2.552597
2.552597
2.552597
2.552597
2.552597
2.552598
2.552598
2.552598
2.552598
2.552598
2.552598
2.552598
2.552598
2.552598
2.552598
2.552599
2.552599
2.552599
2.552599
2.552599
2.552599
2.552599
2.552599
2.552599
2.552599
2.552599
2.552599
2.552599
2.552599
2.552599
2.552599
2.552599
2.552599
2.552599
2.552599
2.552599
2.552599
2.552599
2.552599
2.552599
2.552599
2.552599
2.552599
2.552599
2.552598
2.552598
2.552598
2.552598
2.552598
2.552598
2.552598
2.552598
2.552598
2.552598
2.552598
2.552598
2.552597
2.552597
2.552597
2.552597
2.552597
2.552597
2.552597
2.552597
2.552596
2.552596
2.552596
2.552596
2.552596
2.552596
2.552596
2.552595
2.552595
2.552595
2.552595
2.552595
2.552595
2.552594
2.552594
2.552594
2.552594
2.552594
2.552593
2.552593
2.552593
2.552593
2.552593
2.552592
2.552592
2.552592
2.552592
2.552592
2.552591
2.552591
2.552591
2.552591
2.552591
2.552590
2.552590
2.552590
2.552590
2.552589
2.552589
2.552589
2.552589
2.552588
2.552588
2.552588
2.552588
2.552587
2.552587
2.552587
2.552586
2.552586
2.552586
2.552586
2.552585
2.552585
2.552585
2.552585
2.552584
2.552584
2.552584
2.552583
2.552583
2.552583
2.552582
2.552582
2.552582
2.552581
2.552581
2.552581
2.552580
2.552580
2.552580
2.552579
2.552579
2.552579
2.552578
2.552578
2.552578
2.552577
2.552577
2.552577
2.552576
2.552576
2.552575
2.552575
2.552575
2.552574
2.552574
2.552574
2.552573
2.552573
2.552572
2.552572
2.552572
2.552571
2.552571
2.552570
2.552570
2.552569
2.552569
2.552569
2.552568
2.552568
2.552567
2.552567
2.552566
2.552566
2.552566
2.552565
2.552565
2.552564
2.552564
2.552563
2.552563
2.552562
2.552562
2.552561
2.552561
2.552560
2.552560
2.552559
2.552559
2.552559
2.552558
2.552558
2.552557
2.552557
2.552556
2.552556
2.552555
2.552555
2.552554
2.552553
2.552553
2.552552
2.552552
2.552551
2.552551
2.552550
2.552550
2.552549
2.552549
2.552548
2.552548
2.552547
2.552547
2.552546
2.552545
2.552545
2.552544
2.552544
2.552543
2.552543
2.552542
2.552541
2.552541
2.552540
2.552540
2.552539
2.552539
2.552538
2.552537
2.552537
2.552536
2.552536
2.552535
2.552534
2.552534
2.552533
2.552533
2.552532
2.552531
2.552531
2.552530
2.552529
2.552529
2.552528
2.552528
2.552527
2.552526
2.552526
2.552525
2.552524
2.552524
2.552523
2.552522
2.552522
2.552521
2.552520
2.552520
2.552519
2.552518
2.552518
2.552517
2.552516
2.552516
2.552515
2.552514
2.552514
2.552513
2.552512
2.552512
2.552511
2.552510
2.552510
2.552509
2.552508
2.552507
2.552507
2.552506
2.552505
2.552505
2.552504
2.552503
2.552502
2.552502
2.552501
2.552500
2.552499
2.552499
2.552498
2.552497
2.552496
2.552496
2.552495
2.552494
2.552493
2.552493
2.552492
2.552491
2.552490
2.552489
2.552489
2.552488
2.552487
2.552486
2.552486
2.552485
2.552484
2.552483
2.552482
2.552482
2.552481
2.552480
2.552479
2.552478
2.552477
2.552477
2.552476
2.552475
2.552474
2.552473
2.552473
2.552472
2.552471
2.552470
2.552469
2.552468
2.552467
2.552467
2.552466
2.552465
2.552464
2.552463
2.552462
2.552461
2.552461
2.552460
2.552459
2.552458
2.552457
2.552456
2.552455
2.552454
2.552453
2.552453
2.552452
2.552451
2.552450
2.552449
2.552448
2.552447
2.552446
2.552445
2.552444
2.552443
2.552443
2.552442
2.552441
2.552440
2.552439
2.552438
2.552437
2.552436
2.552435
2.552434
2.552433
2.552432
2.552431
2.552430
2.552429
2.552428
2.552427
2.552426
2.552425
2.552424
2.552423
2.552422
2.552421
2.552420
2.552419
2.552418
2.552417
2.552416
2.552415
2.552414
2.552413
2.552412
2.552411
2.552410
2.552409
2.552408
2.552407
2.552406
2.552405
2.552404
2.552403
2.552402
2.552401
2.552400
2.552399
2.552398
2.552397
2.552396
2.552395
2.552394
2.552393
2.552392
2.552391
2.552390
2.552389
2.552387
2.552386
2.552385
2.552384
2.552383
2.552382
2.552381
2.552380
2.552379
2.552378
2.552377
2.552376
2.552374
2.552373
2.552372
2.552371
2.552370
2.552369
2.552368
2.552367
2.552366
2.552364
2.552363
2.552362
2.552361
2.552360
2.552359
2.552358
2.552356
2.552355
2.552354
2.552353
2.552352
2.552351
2.552350
2.552348
2.552347
2.552346
2.552345
2.552344
2.552343
2.552341
2.552340
2.552339
2.552338
2.552337
