0.031133
0.030940
0.030779
0.030669
0.030485
0.030369
0.030174
0.029978
0.029819
0.029607
0.029396
0.029173
0.029189
0.028998
0.028875
0.028642
0.028420
0.028779
0.077024
0.074489
0.078044
0.076912
0.077611
0.077252
0.076983
0.076422
0.083281
0.083447
0.083854
0.084254
0.084346
0.084278
0.084082
0.084102
0.083676
0.083526
0.083194
0.082531
0.081936
0.081133
0.081419
0.084577
0.084146
0.083743
0.083181
0.082609
0.081982
0.081314
0.083290
0.082664
0.082445
0.081607
0.080900
0.080940
0.080071
0.079241
0.078473
0.077534
0.079548
0.078883
0.078347
0.077710
0.077095
0.076633
0.075995
0.075357
0.074744
0.074079
0.073405
0.073292
0.072591
0.071937
0.071233
0.070533
0.069857
0.069146
0.069694
0.070615
0.070426
0.070250
0.069919
0.069601
0.069343
0.068961
0.068632
0.068199
0.068913
0.072501
0.072531
0.072684
0.072971
0.073114
0.073319
0.073539
0.076202
0.076175
0.078074
0.078199
0.078396
0.078755
0.079459
0.083271
0.083422
0.083790
0.083953
0.084130
0.084267
0.084449
0.085446
0.085610
0.085789
0.086805
0.086893
0.086987
0.087006
0.089175
0.089682
0.089781
0.093767
0.093891
0.094288
0.094283
0.095401
0.095553
0.097210
0.097359
0.097600
0.098101
0.098570
0.101502
0.101844
0.102420
0.102528
0.104222
0.104248
0.104423
0.104527
0.104579
0.104573
0.104525
0.104690
0.104847
0.104716
0.104550
0.104629
0.104960
0.105709
0.105549
0.105420
0.105305
0.105210
0.105055
0.106218
0.105985
0.105851
0.105583
0.105509
0.105193
0.104959
0.104616
0.104273
0.103854
0.103547
0.103113
0.102864
0.102360
0.101848
0.101963
0.101453
0.101883
0.101534
0.101125
0.100579
0.100022
0.099421
0.098793
0.098153
0.097464
0.096869
0.097090
0.106875
0.105641
0.105644
0.105719
0.106791
0.106156
0.107627
0.107543
0.107434
0.106769
0.106057
0.105619
0.104725
0.103892
0.103385
0.102416
0.101393
0.100295
0.099148
0.098011
0.104921
0.106435
0.106092
0.105309
0.104697
0.104218
0.103411
0.103736
0.103058
0.102251
0.101588
0.101533
0.100701
0.099929
0.099625
0.098803
0.097869
0.097052
0.096137
0.095568
0.095050
0.094328
0.093656
0.092934
0.092219
0.091704
0.091156
0.090634
0.090744
0.090332
0.089860
0.090013
0.089466
0.089388
0.088842
0.088309
0.087835
0.087224
0.086611
0.085976
0.085319
0.087578
0.087650
0.087779
0.087395
0.086990
0.086626
0.086366
0.086047
0.085584
0.085253
0.085741
0.085472
0.085404
0.085118
0.084826
0.084820
0.084479
0.084452
0.084145
0.084581
0.085086
0.084916
0.084665
0.085089
0.084772
0.084609
0.084278
0.084545
0.084237
0.084694
0.084786
0.084482
0.087133
0.086589
0.086433
0.086213
0.086158
0.085810
0.085365
0.084922
0.084405
0.083868
0.083303
0.083013
0.082518
0.081903
0.081262
0.080617
0.079969
0.079304
0.079916
0.080491
0.080028
0.080539
0.079917
0.079394
0.078797
0.078323
0.077791
0.077176
0.077693
0.077138
0.076889
0.076205
0.075938
0.075269
0.074625
0.073962
0.073302
0.072629
0.072018
0.071323
0.070803
0.070096
0.069772
0.069103
0.068518
0.068057
0.067944
0.067347
0.066823
0.066269
0.065779
0.065281
0.064813
0.064855
0.070326
0.070244
0.070278
0.070270
0.070115
0.070135
0.069925
0.072945
0.072595
0.072693
0.073442
0.073209
0.073127
0.075672
0.076097
0.076196
0.076214
0.076154
0.076788
0.076702
0.076598
0.076829
0.076601
0.076442
0.076169
0.075889
0.076442
0.076086
0.076434
0.076285
0.075976
0.076426
0.076095
0.076480
0.076094
0.075931
0.075726
0.075378
0.075041
0.074616
0.074340
0.073894
0.073649
0.073173
0.073139
0.072725
0.072678
0.072574
0.073746
0.073501
0.073224
0.072847
0.073299
0.072944
0.073167
0.077862
0.077628
0.080612
0.080315
0.080517
0.080403
0.080344
0.080209
0.080073
0.079964
0.079799
0.079701
0.079966
0.079880
0.083672
0.083307
0.083528
0.083349
0.083351
0.083227
0.083336
0.083206
0.083052
0.082910
0.083056
0.082819
0.082974
0.084214
0.083899
0.083733
0.083569
0.083705
0.083485
0.083229
0.083121
0.082809
0.082505
0.082312
0.082165
0.081848
0.081537
0.081222
0.080901
0.080914
0.080559
0.080325
0.079955
0.079597
0.081808
0.081442
0.081281
0.081493
0.081217
0.080939
0.080625
0.080294
0.080608
0.080233
0.079904
0.079996
0.079874
0.079967
0.084067
0.083544
0.083542
0.083518
0.083574
0.083322
0.083084
0.083618
0.083272
0.083180
0.082806
0.082440
0.082061
0.081981
0.081559
0.087077
0.086978
0.086953
0.086520
0.086195
0.085984
0.086518
0.090813
0.090227
0.090600
0.090028
0.091176
0.091034
0.090647
0.090228
0.089752
0.089937
0.089447
0.089259
0.088699
0.088181
0.087592
0.087170
0.086563
0.086174
0.085546
0.085219
0.084608
0.083959
0.083292
0.082650
0.081989
0.081316
0.080635
0.080007
0.079443
0.079235
0.080074
0.079560
0.079100
0.078802
0.078421
0.077973
0.077520
0.077564
0.079193
0.078621
0.078330
0.078114
0.077862
0.077506
0.077160
0.076870
0.076562
0.076238
0.075904
0.076095
0.075791
0.075671
0.075648
0.076584
0.077319
0.077253
0.077018
0.076839
0.076575
0.076305
0.076039
0.075733
0.075415
0.076842
0.076464
0.076311
0.075978
0.075686
0.075562
0.075232
0.075631
0.075326
0.075057
0.074756
0.074459
0.074146
0.074192
0.074038
0.073771
0.073699
0.074250
0.073951
0.073712
0.073414
0.073699
0.073409
0.073159
0.073098
0.073113
0.073455
0.073954
0.073758
0.073546
0.073323
0.073086
0.072811
0.087866
0.087168
0.088079
0.087602
0.087567
0.087241
0.086910
0.086489
0.086043
0.085688
0.085122
0.084517
0.083980
0.088220
0.087515
0.087488
0.086695
0.086059
0.086107
0.085319
0.086175
0.085448
0.084761
0.083886
0.083009
0.082143
0.081663
0.080906
0.079994
0.079048
0.078178
0.077233
0.076931
0.075959
0.075266
0.075464
0.074992
0.074196
0.073409
0.072633
0.071980
0.071893
0.072305
0.071992
0.071757
0.071475
0.071193
0.072479
0.072259
0.075364
0.074989
0.075305
0.075019
0.074998
0.081222
0.085077
0.085361
0.085569
0.085516
0.085527
0.085402
0.085240
0.085024
0.084767
0.084465
0.084123
0.083761
0.083370
0.084610
0.085861
0.085718
0.085860
0.085631
0.085410
0.085979
0.085698
0.088502
0.088756
0.088793
0.088638
0.088840
0.088771
0.088687
0.088460
0.088320
0.088024
0.087887
0.087716
0.087336
0.086939
0.086755
0.086508
0.086070
0.085605
0.085110
0.086100
0.085613
0.085208
0.084724
0.084219
0.083891
0.083330
0.082777
0.082238
0.081670
0.081261
0.081022
0.080558
0.079975
0.079799
0.079209
0.078639
0.078053
0.082855
0.082158
0.082060
0.081800
0.084467
0.083994
0.083835
0.083377
0.082997
0.082628
0.082382
0.082139
0.081654
0.081485
0.080943
0.080453
0.079940
0.079443
0.078931
0.078400
0.078347
0.077767
0.077257
0.076731
0.076227
0.075680
0.075395
0.074840
0.074248
0.073622
0.076318
0.076765
0.076382
0.076007
0.075555
0.075111
0.074643
0.074182
0.073686
0.073338
0.072854
0.072356
0.072735
0.072253
0.071788
0.071303
0.070996
0.070700
0.072887
0.072611
0.072358
0.074655
0.075746
0.075526
0.075215
0.075011
0.074717
0.074326
0.073905
0.073552
0.074422
0.073842
0.073514
0.074703
0.074926
0.074616
0.074138
0.073634
0.073100
0.072859
0.072353
0.072248
0.071684
0.071187
0.070648
0.070100
0.070433
0.070002
0.069566
0.069083
0.068580
0.068054
0.068370
0.067826
0.067508
0.066971
0.066463
0.065933
0.065855
0.066089
0.065625
0.065252
0.064805
0.064380
0.064099
0.063659
0.063832
0.064576
0.064300
0.063954
0.063791
0.063755
0.063856
0.063557
0.063285
0.062980
0.062695
0.066536
0.065952
0.066352
0.065892
0.066355
0.065981
0.065694
0.065320
0.064946
0.064615
0.064248
0.063875
0.063493
0.063513
0.063194
0.062846
0.062473
0.062136
0.062019
0.061691
0.061326
0.061368
0.060991
0.060652
0.060284
0.060190
0.059827
0.059493
0.059126
0.059003
0.058725
0.058364
0.057997
0.057621
0.057369
0.057415
0.057225
0.057098
0.056840
0.056587
0.056593
0.056336
0.056401
0.056492
0.056823
0.056809
0.056633
0.056508
0.056318
0.056534
0.061762
0.061355
0.061600
0.061324
0.061224
0.061041
0.060857
0.060726
0.061040
0.061102
0.060954
0.060856
0.060584
0.060313
0.060368
0.060404
0.060092
0.059798
0.059479
0.059485
0.059275
0.059035
0.058693
0.058344
0.059140
0.058747
0.058534
0.058212
0.057849
0.057471
0.057086
0.056844
0.056431
0.056754
0.056300
0.055957
0.055504
0.055883
0.055686
0.055298
0.054859
0.054637
0.054924
0.054678
0.054808
0.054521
0.054562
0.054524
0.054260
0.054968
0.054583
0.054409
0.054171
0.053854
0.053505
0.053152
0.052788
0.052415
0.052090
0.051695
0.051295
0.050884
0.050508
0.050088
0.049937
0.049593
0.049188
0.048957
0.048556
0.048666
0.048248
0.051834
0.051232
0.051143
0.050666
0.050311
0.049895
0.049544
0.049320
0.048915
0.049587
0.049151
0.048801
0.049408
0.049174
0.048815
0.049006
0.048578
0.048235
0.047825
0.047984
0.048183
0.047889
0.047718
0.047712
0.048466
0.048044
0.047740
0.047452
0.047098
0.046905
0.046527
0.046410
0.046021
0.048158
0.047730
0.047537
0.047155
0.046820
0.046455
0.046085
0.045794
0.045438
0.046259
0.045933
0.045911
0.045587
0.045296
0.044967
0.044630
0.044295
0.043983
0.043609
0.043352
0.042965
0.042655
0.042407
0.042146
0.042170
0.041799
0.041442
0.041121
0.041692
0.041320
0.041735
0.041427
0.041182
0.040930
0.043073
0.042748
0.042722
0.042466
0.043231
0.042965
0.042810
0.042558
0.044462
0.044116
0.044043
0.043980
0.044063
0.043884
0.043921
0.043763
0.043611
0.043430
0.043240
0.043035
0.042828
0.042661
0.042673
0.042434
0.042210
0.042035
0.042006
0.041766
0.041535
0.041450
0.041205
0.040970
0.040721
0.040657
0.040720
0.040460
0.040228
0.039968
0.040149
0.039951
0.039756
0.039549
0.039338
0.039126
0.039018
0.038805
0.038596
0.038382
0.038303
0.038098
0.037901
0.037701
0.038912
0.038730
0.038667
0.039779
0.039606
0.039596
0.039497
0.039434
0.039443
0.039341
0.039245
0.039131
0.039014
0.039126
0.039012
0.038893
0.039033
0.038889
0.039038
0.038894
0.038766
0.038618
0.038468
0.038761
0.038626
0.038653
0.038624
0.038487
0.038534
0.038390
0.038258
0.038235
0.038164
0.038026
0.037887
0.039202
0.039068
0.039078
0.038961
0.038920
0.038804
0.038828
0.038707
0.038585
0.039471
0.039315
0.039415
0.039272
0.039156
0.040951
0.041116
0.041335
0.041295
0.043515
0.043329
0.043553
0.043431
0.043379
0.043284
0.043177
0.043048
0.042903
0.042805
0.042643
0.042580
0.042876
0.042735
0.042837
0.042676
0.042873
0.042693
0.042550
0.042363
0.042183
0.042006
0.041805
0.041682
0.041499
0.041312
0.041595
0.041918
0.041799
0.041694
0.041632
0.041499
0.041381
0.041254
0.041276
0.041138
0.041046
0.040921
0.040913
0.043134
0.042989
0.043043
0.042928
0.042903
0.043077
0.043222
0.043134
0.043242
0.043125
0.043021
0.043775
0.043651
0.043594
0.043471
0.043360
0.043367
0.043234
0.043437
0.043333
0.043212
0.043083
0.042939
0.042924
0.042758
0.043124
0.042957
0.043843
0.043936
0.044005
0.043896
0.043809
0.043755
0.043649
0.044289
0.044360
0.044451
0.044374
0.044614
0.044530
0.044675
0.044829
0.044753
0.044685
0.044701
0.044651
0.044550
0.044543
0.044427
0.044307
0.044232
0.044101
0.043963
0.043997
0.043839
0.043748
0.043716
0.043560
0.043583
0.043416
0.043260
0.043109
0.042956
0.042769
0.042613
0.042415
0.042236
0.042028
0.041815
0.041595
0.041373
0.041420
0.041216
0.041108
0.040864
0.040671
0.040434
0.040188
0.039939
0.040373
0.040405
0.040273
0.040336
0.040151
0.039974
0.039781
0.039585
0.039384
0.039179
0.039024
0.038871
0.038878
0.038732
0.038537
0.038325
0.038171
0.037972
0.038067
0.037839
0.037634
0.037407
0.037200
0.036975
0.036903
0.036673
0.036446
0.036208
0.035968
0.036075
0.035843
0.035690
0.037674
0.037393
0.037339
0.037094
0.036886
0.036651
0.036410
0.036156
0.035893
0.035704
0.035421
0.035225
0.035850
0.035545
0.035330
0.035032
0.034772
0.034469
0.034253
0.033994
0.042591
0.042101
0.042419
0.042119
0.041978
0.043603
0.043639
0.043482
0.043184
0.042867
0.042536
0.042156
0.041720
0.041249
0.041119
0.040803
0.040665
0.040060
0.039525
0.038920
0.038306
0.037664
0.037105
0.036484
0.035789
0.035177
0.034459
0.033746
0.036315
0.035411
0.035000
0.034199
0.033526
0.032791
0.032251
0.031501
0.030818
0.031277
0.030996
0.031289
0.030598
0.029960
0.029248
0.029329
0.028696
0.028062
0.027357
0.030594
0.029853
0.029575
0.029224
0.028891
0.028600
0.028216
0.027884
0.027484
0.027067
0.026642
0.031868
0.031431
0.031440
0.030928
0.030553
0.030258
0.029901
0.029504
0.029092
0.028937
0.028533
0.028119
0.028873
0.028559
0.028178
0.027813
0.027336
0.026838
0.026331
0.025804
0.025267
0.024720
0.046737
0.045182
0.046590
0.045702
0.045509
0.044985
0.044483
0.043860
0.043416
0.042647
0.041948
0.041063
0.040136
0.039149
0.038134
0.037064
0.035958
0.034835
0.033669
0.032498
0.036424
0.035953
0.035415
0.034308
0.033284
0.033147
0.032161
0.031874
0.030932
0.029988
0.029622
0.028773
0.028046
0.032065
0.032680
0.032317
0.031377
0.030558
0.029890
0.029063
0.028272
0.027440
0.027017
0.026738
0.026459
0.026165
0.025934
0.025584
0.025236
0.025113
0.024730
0.025379
0.025492
0.025244
0.028453
0.028234
0.028136
0.027850
0.027610
0.027310
0.027197
0.026867
0.026790
0.026501
0.026235
0.025872
0.025618
0.026473
0.028162
0.027838
0.027690
0.027477
0.028079
0.027714
0.028141
0.027826
0.027541
0.027195
0.027329
0.027143
0.026827
0.026449
0.026067
0.025656
0.025618
0.025213
0.024968
0.024814
0.024496
0.024375
0.023920
0.023470
0.023017
0.022758
0.025163
0.024644
0.024405
0.023879
0.023690
0.023212
0.022753
0.022265
0.021773
0.021331
0.020890
0.020538
0.020224
0.019754
0.019285
0.018802
0.018415
0.018091
0.019033
0.018851
0.018628
0.018326
0.018035
0.017958
0.020111
0.020306
0.020243
0.020128
0.019939
0.019820
0.023496
0.023164
0.023358
0.023144
0.023240
0.023801
0.023613
0.023470
0.023241
0.022994
0.031794
0.031126
0.032743
0.033327
0.033315
0.033230
0.033037
0.032796
0.032509
0.032196
0.031823
0.031409
0.030958
0.030507
0.030071
0.031165
0.030877
0.033778
0.033490
0.033501
0.033249
0.033043
0.033445
0.034166
0.033882
0.033661
0.033309
0.032974
0.032600
0.032215
0.036192
0.035544
0.035552
0.035040
0.035043
0.035056
0.034651
0.035225
0.034689
0.036000
0.035323
0.034932
0.034314
0.033761
0.035638
0.035317
0.034922
0.034474
0.034060
0.035050
0.034658
0.034443
0.034061
0.033839
0.033804
0.033419
0.033075
0.032665
0.035766
0.035459
0.037334
0.036999
0.036851
0.037217
0.037016
0.037162
0.036983
0.037975
0.037893
0.037608
0.037282
0.036935
0.036623
0.036314
0.035982
0.035651
0.035312
0.034953
0.034645
0.034449
0.041542
0.040855
0.041064
0.040570
0.040274
0.039864
0.039447
0.038984
0.038555
0.038029
0.037958
0.037349
0.037753
0.037303
0.036753
0.036129
0.037346
0.037689
0.037096
0.036533
0.036002
0.035418
0.035120
0.034579
0.037444
0.037125
0.036792
0.036443
0.036108
0.036194
0.035860
0.035632
0.035282
0.036032
0.035951
0.035672
0.036289
0.035954
0.035915
0.035589
0.035393
0.035196
0.034837
0.034560
0.034178
0.033973
0.033570
0.033258
0.032979
0.032659
0.032835
0.032425
0.032020
0.031633
0.031315
0.030898
0.030556
0.031102
0.030651
0.030294
0.029844
0.029442
0.028992
0.028573
0.028154
0.027699
0.027362
0.026943
0.064839
0.062928
0.065604
0.065727
0.071170
0.072306
0.073305
0.074069
0.075162
0.075836
0.076480
0.077591
0.077983
0.078856
0.079155
0.079384
0.079465
0.079459
0.079354
0.079178
0.078904
0.078541
0.078454
0.082394
0.082468
0.082549
0.082751
0.082681
0.082538
0.082331
0.082331
0.082025
0.081960
0.081564
0.081141
0.080861
0.080343
0.079801
0.079204
0.078567
0.077910
0.078631
0.077857
0.077366
0.079110
0.078321
0.077697
0.076883
0.076277
0.075609
0.074742
0.073825
0.073120
0.072137
0.071165
0.070287
0.069505
0.068405
0.067482
0.066327
0.065177
0.063967
0.062742
0.066039
0.064531
0.063720
0.063057
0.061732
0.060461
0.059056
0.057637
0.056169
0.054740
0.059554
0.061816
0.060651
0.059631
0.058370
0.057262
0.068831
0.067289
0.067040
0.065690
0.066421
0.065801
0.064868
0.063894
0.062871
0.061980
0.060879
0.059858
0.060005
0.058727
0.057814
0.057104
0.056114
0.055173
0.054243
0.053195
0.052249
0.051566
0.050690
0.049784
0.048830
0.048385
0.047531
0.046678
0.045937
0.045158
0.044277
0.043430
0.042528
0.041623
0.040962
0.040056
0.039351
0.053962
0.053109
0.054784
0.054153
0.054112
0.053715
0.053368
0.052953
0.052576
0.052038
0.051469
0.050844
0.050182
0.049494
0.048825
0.048086
0.047297
0.046504
0.045686
0.044839
0.043971
0.043106
0.042197
0.041272
0.040328
0.039538
0.038557
0.037590
0.036596
0.035660
0.034650
0.043871
0.043392
0.043761
0.043365
0.043010
0.042803
0.042381
0.042150
0.041671
0.041190
0.040994
0.040441
0.039932
0.039805
0.039704
0.039148
0.038597
0.037987
0.054541
0.053633
0.054284
0.053723
0.053513
0.053124
0.052974
0.052739
0.052208
0.055129
0.054415
0.053918
0.053133
0.052401
0.052451
0.051639
0.050841
0.049951
0.049315
0.048423
0.057062
0.056255
0.056118
0.055401
0.054815
0.054121
0.053734
0.052959
0.052220
0.051360
0.050600
0.049673
0.055548
0.054489
0.053966
0.053123
0.052336
0.051448
0.050554
0.049737
0.049094
0.048663
0.047647
0.049473
0.051895
0.051350
0.050805
0.050170
0.049541
0.050661
0.050510
0.050463
0.050271
0.050087
0.049858
0.049676
0.049530
0.049216
0.050128
0.049847
0.049665
0.049560
0.049314
0.049125
0.048793
0.048465
0.048095
0.048033
0.048411
0.048027
0.047659
0.047582
0.060585
0.059922
0.060762
0.060519
0.060445
0.060154
0.061824
0.061673
0.062089
0.061712
0.061384
0.060951
0.060603
0.061147
0.061889
0.063717
0.064092
0.065781
0.065239
0.064905
0.065612
0.065147
0.065280
0.064662
0.064173
0.063493
0.062791
0.062031
0.061648
0.061088
0.060254
0.059757
0.058843
0.057921
0.056949
0.055985
0.055373
0.054370
0.053619
0.052843
0.051892
0.050896
0.050662
0.049745
0.048827
0.047894
0.046960
0.046110
0.045194
0.044579
0.044087
0.043678
0.043175
0.042746
0.042961
0.042459
0.042339
0.041869
0.041421
0.041283
0.041695
0.041273
0.040963
0.040549
0.040153
0.039734
0.039355
0.038935
0.038565
0.038426
0.037970
0.037553
0.037236
0.037051
0.036584
0.036126
0.038527
0.038086
0.041047
0.041146
0.041414
0.041070
0.040958
0.040908
0.040927
0.040597
0.040342
0.040019
0.039650
0.039931
0.039668
0.039459
0.039033
0.038698
0.038236
0.037775
0.037283
0.036840
0.036476
0.035956
0.035438
0.034897
0.034426
0.034059
0.033739
0.033212
0.032734
0.032203
0.031858
0.031418
0.031313
0.030756
0.030230
0.030122
0.029575
0.029053
0.028506
0.027958
0.027412
0.026858
0.026325
0.026895
0.026417
0.026074
0.026434
0.026100
0.026013
0.025782
0.026537
0.026470
0.026436
0.026275
0.026135
0.026125
0.025964
0.025807
0.025792
0.025676
0.025642
0.025718
0.025532
0.025487
0.027362
0.027200
0.027510
0.027324
0.027192
0.027020
0.026849
0.026670
0.026469
0.026309
0.026077
0.025840
0.025583
0.025939
0.025742
0.025511
0.025215
0.024926
0.024623
0.024320
0.024003
0.024390
0.024488
0.024455
0.024149
0.024308
0.024325
0.027716
0.027148
0.027253
0.026811
0.026493
0.026141
0.025745
0.025328
0.024955
0.024525
0.024832
0.025264
0.024848
0.024483
0.024116
0.024563
0.024207
0.024105
0.023712
0.023459
0.023115
0.022716
0.034659
0.033694
0.034421
0.033930
0.033865
0.036270
0.036129
0.035983
0.035799
0.039841
0.040015
0.040363
0.040525
0.040693
0.041257
0.041341
0.041472
0.041479
0.042096
0.042081
0.042082
0.042162
0.042083
0.041966
0.042063
0.041876
0.041684
0.041592
0.041854
0.041537
0.043908
0.043855
0.043841
0.043917
0.046951
0.046762
0.046945
0.046809
0.046743
0.046612
0.046468
0.046291
0.049283
0.049105
0.049312
0.049193
0.049125
0.049835
0.049681
0.049698
0.049641
0.049485
0.049345
0.049438
0.049259
0.049636
0.049470
0.049314
0.049122
0.049098
0.048910
0.048800
0.048876
0.048712
0.048593
0.056160
0.055892
0.056363
0.056217
0.056570
0.056678
0.056752
0.057175
0.057454
0.057342
0.057225
0.057191
0.057071
0.056930
0.057430
0.057268
0.057110
0.056865
0.070896
0.070178
0.071093
0.070677
0.070693
0.070602
0.070332
0.069977
0.069558
0.069111
0.068602
0.068009
0.067412
0.066717
0.065981
0.065201
0.064388
0.063550
0.062708
0.061950
0.061042
0.060120
0.059438
0.059045
0.058223
0.057324
0.056401
0.055476
0.054554
0.053924
0.053385
0.053317
0.052701
0.052135
0.060062
0.058824
0.059316
0.058358
0.057871
0.057204
0.056549
0.055997
0.055601
0.055293
0.056523
0.056109
0.055739
0.055706
0.055280
0.054846
0.054365
0.056363
0.055930
0.055636
0.055234
0.054857
0.054452
0.058359
0.057970
0.058185
0.057780
0.057989
0.060612
0.060382
0.060283
0.060147
0.059918
0.059654
0.059524
0.059211
0.072985
0.072523
0.073533
0.072835
0.073470
0.072979
0.072618
0.072066
0.071816
0.071391
0.070724
0.070195
0.069428
0.069616
0.074260
0.073343
0.073527
0.072612
0.071876
0.071206
0.071623
0.070677
0.069854
0.068872
0.068366
0.067747
0.066819
0.071768
0.070363
0.069902
0.068716
0.067774
0.066941
0.074608
0.074024
0.073598
0.072955
0.072466
0.071840
0.071199
0.070459
0.069691
0.068898
0.068080
0.067240
0.066632
0.065833
0.066620
0.066208
0.065425
0.064672
0.063778
0.062907
0.062054
0.064863
0.064470
0.063986
0.063401
0.062802
0.062244
0.061658
0.061772
0.062044
0.061691
0.063965
0.064244
0.064143
0.065156
0.064824
0.064534
0.064315
0.063975
0.063680
0.063457
0.063561
0.063161
0.062792
0.064393
0.066353
0.066471
0.067531
0.067410
0.067558
0.067894
0.068363
0.068455
0.068378
0.068234
0.068146
0.068231
0.074203
0.074002
0.074328
0.074284
0.074692
0.074692
0.074631
0.074509
0.074476
0.074569
0.074875
0.075319
0.076060
0.075929
0.075747
0.077920
0.077584
0.077422
0.078888
0.079529
0.080820
0.080656
0.080401
0.080394
0.079998
0.079880
0.079401
0.079149
0.078817
0.078266
0.078311
0.077750
0.077193
0.076727
0.076374
0.075818
0.080462
0.079690
0.079393
0.079624
0.080115
0.079563
0.079914
0.079356
0.078801
0.078139
0.078383
0.077822
0.077333
0.077916
0.077800
0.077449
0.077767
0.077557
0.077388
0.086406
0.085557
0.086110
0.085605
0.085268
0.084904
0.084461
0.084342
0.083747
0.083875
0.083326
0.084127
0.083289
0.082856
0.082026
0.081298
0.080403
0.079751
0.078796
0.077837
0.077191
0.076425
0.075419
0.082934
0.081568
0.081170
0.080395
0.079496
0.078545
0.077501
0.076460
0.075348
0.074200
0.073099
0.071916
0.070722
0.070502
0.069242
0.068108
0.067423
0.066181
0.065768
0.064760
0.063811
0.062802
0.062214
0.061343
0.062656
0.061808
0.061203
0.060380
0.060300
0.059576
0.058846
0.058179
0.057398
0.056777
0.056186
0.056245
0.055554
0.054972
0.054318
0.053703
0.062881
0.061559
0.061812
0.061466
0.061645
0.061063
0.061150
0.060667
0.060191
0.059870
0.059342
0.058772
0.058182
0.057567
0.058776
0.058058
0.057581
0.056996
0.056555
0.056005
0.055387
0.059550
0.059175
0.059177
0.058879
0.058560
0.058270
0.058132
0.058188
0.057974
0.057849
0.058358
0.057986
0.057780
0.057469
0.057133
0.056773
0.056399
0.056257
0.055859
0.056196
0.055798
0.057198
0.056764
0.056520
0.056027
0.057452
0.056783
0.056444
0.055989
0.055478
0.055433
0.054844
0.054557
0.053989
0.053692
0.053512
0.052973
0.052561
0.052023
0.051507
0.051002
0.050656
0.050451
0.050001
0.049503
0.049046
0.048765
0.048285
0.047823
0.047393
0.047428
0.047189
0.047935
0.047688
0.047667
0.048445
0.048351
0.048269
0.048163
0.049792
0.049553
0.053277
0.052987
0.053531
0.053423
0.053450
0.053385
0.053313
0.053219
0.057178
0.058595
0.058692
0.058764
0.058866
0.059037
0.059430
0.059257
0.059064
0.058824
0.058695
0.058423
0.058124
0.057801
0.057525
0.057161
0.056838
0.056438
0.056030
0.056006
0.055878
0.056139
0.055758
0.055764
0.055491
0.055408
0.055211
0.055471
0.055133
0.054844
0.054505
0.054176
0.053937
0.053752
0.053769
0.053666
0.053610
0.053996
0.053743
0.053958
0.053740
0.053591
0.053807
0.053705
0.053625
0.053538
0.053426
0.053586
0.053466
0.053383
0.054642
0.054621
0.054596
0.054636
0.054629
0.055112
0.055427
0.055384
0.055335
0.055252
0.055701
0.056074
0.056292
0.056255
0.056188
0.056121
0.056062
0.056116
0.056053
0.056472
0.056409
0.056357
0.056476
0.056788
0.056853
0.056801
0.057260
0.057372
0.061033
0.069299
0.069164
0.069630
0.069470
0.069698
0.069559
0.069453
0.069829
0.070797
0.071090
0.070804
0.070485
0.070061
0.069606
0.069415
0.068900
0.068385
0.067901
0.067398
0.066816
0.066220
0.065622
0.064989
0.064616
0.064126
0.063495
0.062844
0.062193
0.061537
0.060917
0.060279
0.059633
0.059083
0.058473
0.057986
0.057824
0.058459
0.058077
0.057685
0.057241
0.056821
0.056439
0.056603
0.056469
0.056287
0.056124
0.055965
0.056210
0.056207
0.056433
0.056343
0.056226
0.056449
0.056426
0.056288
0.056151
0.055974
0.056475
0.056251
0.056099
0.056151
0.055925
0.055725
0.055481
0.065980
0.075717
0.075537
0.075808
0.075305
0.074988
0.078307
0.077647
0.077750
0.077104
0.076474
0.075707
0.076439
0.075441
0.074642
0.073598
0.072656
0.073261
0.072143
0.071133
0.070196
0.069030
0.072475
0.071441
0.070837
0.069842
0.070214
0.069226
0.068436
0.067441
0.066477
0.065524
0.064741
0.063785
0.062801
0.062619
0.061731
0.061038
0.060265
0.059514
0.058750
0.060016
0.059154
0.060781
0.060206
0.059683
0.059263
0.058695
0.062872
0.062583
0.062492
0.061778
0.061347
0.060767
0.060423
0.059801
0.059277
0.058979
0.058418
0.057890
0.057341
0.056780
0.056204
0.055982
0.055580
0.054993
0.054388
0.053769
0.053145
0.052517
0.051884
0.052155
0.051617
0.051051
0.050502
0.049934
0.050129
0.049556
0.049836
0.049308
0.048862
0.048323
0.047911
0.047403
0.046911
0.046405
0.045899
0.045394
0.044892
0.048663
0.047987
0.047881
0.047403
0.047084
0.046762
0.046561
0.046534
0.046196
0.045861
0.045505
0.045142
0.044775
0.044403
0.044019
0.043627
0.043629
0.043227
0.042853
0.042461
0.043561
0.043664
0.043386
0.043097
0.042690
0.042285
0.041900
0.041492
0.041076
0.040656
0.040231
0.039800
0.039461
0.039034
0.038612
0.038195
0.037787
0.037408
0.037035
0.036664
0.036293
0.036540
0.036387
0.036137
0.035870
0.036141
0.036070
0.035887
0.035756
0.035515
0.035278
0.035036
0.034792
0.034672
0.035504
0.035312
0.035166
0.035019
0.034851
0.034683
0.035406
0.035175
0.035153
0.035369
0.035233
0.035209
0.035055
0.034908
0.034784
0.034616
0.035575
0.035350
0.035264
0.035066
0.034896
0.034704
0.035396
0.035358
0.035274
0.035101
0.034925
0.035401
0.035213
0.035061
0.035205
0.035384
0.035220
0.035072
0.034887
0.034704
0.034512
0.034328
0.034131
0.033930
0.034591
0.035537
0.035423
0.035302
0.035090
0.034897
0.034754
0.034530
0.034304
0.034063
0.033816
0.035125
0.035096
0.034954
0.034633
0.034350
0.034947
0.034587
0.034403
0.035832
0.035494
0.037984
0.037570
0.037499
0.037214
0.037086
0.036947
0.036722
0.036399
0.036067
0.035701
0.035322
0.034929
0.034534
0.034118
0.033691
0.033300
0.032868
0.036176
0.035770
0.035601
0.035253
0.034955
0.034657
0.034368
0.034291
0.034377
0.034086
0.033813
0.033650
0.034463
0.050820
0.049824
0.050861
0.050283
0.050227
0.052034
0.053726
0.053549
0.053213
0.052808
0.052525
0.052093
0.051540
0.051139
0.050472
0.049781
0.049459
0.048640
0.052457
0.051690
0.051300
0.050567
0.049899
0.049154
0.048676
0.047857
0.047023
0.046138
0.045630
0.045002
0.044050
0.044462
0.043675
0.043276
0.042668
0.041748
0.040751
0.039724
0.038736
0.037664
0.037692
0.037606
0.036698
0.035958
0.034953
0.034032
0.033140
0.032227
0.031368
0.030757
0.031137
0.030363
0.029705
0.028957
0.028238
0.027598
0.026991
0.026414
0.025684
0.025044
0.024421
0.032508
0.031592
0.031806
0.031200
0.030837
0.030557
0.030075
0.030243
0.029669
0.029161
0.028567
0.027979
0.027615
0.027016
0.026419
0.030145
0.029178
0.029108
0.028730
0.028136
0.027471
0.026808
0.026121
0.025452
0.024771
0.024079
0.023408
0.022701
0.022447
0.021757
0.021093
0.020482
0.019827
0.019478
0.018899
0.018296
0.018381
0.019036
0.018438
0.019132
0.023291
0.023653
0.023541
0.023113
0.022804
0.022934
0.022541
0.022192
0.021796
0.021878
0.021584
0.021164
0.020958
0.020557
0.020202
0.019780
0.019477
0.019358
0.018991
0.018550
0.018089
0.017620
0.017165
0.016723
0.016249
0.018331
0.017770
0.017522
0.017010
0.018567
0.018021
0.018543
0.018029
0.018183
0.017723
0.017335
0.017288
0.016972
0.017151
0.016826
0.016597
0.016429
0.017021
0.016705
0.016515
0.018393
0.018202
0.018129
0.017941
0.017775
0.017583
0.017377
0.017393
0.017594
0.017339
0.017142
0.017072
0.016847
0.016723
0.016600
0.016321
0.016032
0.015756
0.015447
0.015153
0.014844
0.014549
0.014217
0.016450
0.016720
0.017212
0.017026
0.016853
0.016613
0.016433
0.016195
0.015945
0.015769
0.015496
0.015329
0.015723
0.015769
0.015532
0.015276
0.015006
0.014741
0.014457
0.014196
0.013902
0.013604
0.013444
0.013299
0.013001
0.012711
0.012406
0.012103
0.011845
0.011538
0.011362
0.011067
0.011541
0.011256
0.011821
0.011496
0.011709
0.012036
0.012049
0.011980
0.011836
0.011715
0.011861
0.011753
0.011632
0.011579
0.011420
0.011260
0.011084
0.010928
0.010743
0.010578
0.010415
0.010222
0.010020
0.009817
0.010225
0.009982
0.009814
0.009621
0.009406
0.009187
0.008968
0.008800
0.008687
0.008461
0.008257
0.008219
0.008009
0.008058
0.007865
0.007711
0.007708
0.007515
0.007340
0.007218
0.007297
0.007126
0.006979
0.007051
0.006937
0.006803
0.006727
0.006595
0.006557
0.006491
0.006367
0.006249
0.006120
0.006024
0.006042
0.005964
0.005862
0.005759
0.005691
0.005587
0.005482
0.005421
0.005560
0.005460
0.006451
0.006339
0.006925
0.006821
0.006805
0.006829
0.006771
0.006703
0.007189
0.007194
0.007166
0.007130
0.007052
0.006950
0.009060
0.008819
0.009311
0.009096
0.009016
0.008978
0.008846
0.008696
0.008534
0.008361
0.008235
0.008044
0.007849
0.007642
0.007430
0.007211
0.007528
0.007325
0.007159
0.007184
0.006993
0.006816
0.006621
0.006428
0.006230
0.006581
0.006420
0.006271
0.006107
0.005930
0.005749
0.006219
0.006270
0.006151
0.008041
0.007871
0.007918
0.007965
0.007891
0.007831
0.007809
0.007815
0.007686
0.007556
0.007433
0.007943
0.007968
0.007886
0.007737
0.007593
0.007435
0.007306
0.007152
0.007085
0.006915
0.007215
0.007103
0.008096
0.009268
0.009139
0.009060
0.008899
0.009229
0.009075
0.008950
0.008856
0.008691
0.008533
0.008375
0.008208
0.008027
0.007840
0.007646
0.007447
0.007323
0.007241
0.007321
0.007366
0.007225
0.007149
0.007245
0.007098
0.006990
0.007430
0.007348
0.007255
0.007392
0.008105
0.008487
0.008427
0.008307
0.008222
0.008101
0.007987
0.007839
0.008161
0.007987
0.013800
0.013555
0.013864
0.014704
0.015456
0.015462
0.016112
0.016085
0.016872
0.016692
0.016611
0.016463
0.016402
0.016190
0.016306
0.016084
0.018630
0.018119
0.018040
0.017959
0.017912
0.018080
0.017707
0.017329
0.016870
0.016429
0.015942
0.015440
0.014919
0.014384
0.017234
0.016884
0.017127
0.017043
0.016944
0.016947
0.016621
0.016298
0.015946
0.015709
0.015461
0.015115
0.014771
0.020906
0.020245
0.020432
0.020783
0.031064
0.030998
0.031258
0.031251
0.031221
0.031239
0.031196
0.031261
0.031300
0.031156
0.030912
0.032142
0.031787
0.031718
0.031791
0.031415
0.031892
0.031523
0.031245
0.033788
0.033865
0.033688
0.033547
0.033363
0.033112
0.032821
0.032508
0.032164
0.031896
0.031694
0.035678
0.035303
0.035364
0.035252
0.034952
0.034820
0.035123
0.034716
0.034336
0.033996
0.033537
0.033659
0.033156
0.032669
0.032118
0.031715
0.031186
0.030592
0.029974
0.029332
0.028669
0.028070
0.027447
0.026793
0.026106
0.025699
0.026626
0.025985
0.025437
0.024787
0.024271
0.023640
0.023020
0.022382
0.022223
0.021656
0.021118
0.020564
0.021379
0.023207
0.024843
0.024429
0.024483
0.024277
0.024424
0.024245
0.024140
0.024086
0.031120
0.030432
0.031104
0.030496
0.030338
0.030472
0.032915
0.032706
0.032687
0.032452
0.032257
0.032001
0.032062
0.032202
0.032045
0.031861
0.032225
0.032009
0.031823
0.031587
0.031348
0.031187
0.030922
0.030649
0.030532
0.030230
0.030283
0.029956
0.029812
0.029479
0.029161
0.028834
0.028489
0.028246
0.027886
0.027530
0.027173
0.026800
0.026425
0.026046
0.027058
0.027010
0.026748
0.026472
0.026219
0.025975
0.025721
0.025457
0.025186
0.024908
0.024663
0.024429
0.024204
0.023978
0.023749
0.023663
0.023414
0.023398
0.023338
0.023124
0.022902
0.022673
0.022434
0.022378
0.022107
0.021931
0.021686
0.021420
0.021164
0.021091
0.020810
0.020576
0.020288
0.019998
0.019697
0.019389
0.019075
0.018754
0.023741
0.025232
0.025406
0.026998
0.026982
0.027182
0.027242
0.027493
0.027788
0.027873
0.028105
0.028139
0.028213
0.028242
0.028269
0.028275
0.028270
0.028299
0.028332
0.028699
0.029189
0.029175
0.029175
0.029329
0.029283
0.029245
0.029177
0.029110
0.029036
0.029031
0.029248
0.029374
0.029312
0.029320
0.029702
0.030567
0.030524
0.030448
0.030543
0.030547
0.030455
0.030367
0.030672
0.030558
0.030490
0.030423
0.030986
0.030888
0.030830
0.031092
0.031008
0.030982
0.030884
0.030794
0.030684
0.030668
0.030662
0.030530
0.030900
0.030734
0.030752
0.030581
0.030515
0.031271
0.031081
0.030998
0.030908
0.030945
0.030779
0.030629
0.030465
0.030321
0.030991
0.030868
0.030768
0.030634
0.030506
0.030398
0.030265
0.030109
0.029944
0.029773
0.030820
0.030580
0.030667
0.030987
0.031354
0.031248
0.031144
0.031034
0.030900
0.030757
0.030602
0.030608
0.030764
0.030602
0.030459
0.030420
0.031149
0.030993
0.031982
0.032103
0.032104
0.032034
0.031970
0.031904
0.031856
0.032154
0.032260
0.032229
0.032231
0.033663
0.033368
0.033401
0.033226
0.033099
0.032931
0.032758
0.032564
0.032750
0.033368
0.033393
0.033506
0.033412
0.033331
0.033242
0.033530
0.033418
0.033818
0.033859
0.033791
0.034353
0.034189
0.034149
0.033976
0.033962
0.033789
0.033622
0.033849
0.035224
0.035040
0.034974
0.034799
0.034613
0.034405
0.034181
0.034032
0.033778
0.033970
0.033735
0.033518
0.033461
0.033176
0.032895
0.033308
0.033180
0.033097
0.032802
0.032517
0.032227
0.031930
0.031618
0.033397
0.032969
0.032807
0.032625
0.032318
0.032809
0.032535
0.032210
0.031805
0.031403
0.030987
0.030689
0.030249
0.029817
0.029373
0.028901
0.028820
0.029046
0.028562
0.028148
0.027765
0.027278
0.026777
0.026267
0.025874
0.025337
0.024975
0.028540
0.027877
0.027741
0.027448
0.027045
0.026596
0.026107
0.025594
0.025952
0.025336
0.025783
0.025195
0.025829
0.025440
0.024959
0.024728
0.024231
0.023736
0.023208
0.022785
0.022318
0.021829
0.021292
0.021397
0.020839
0.021005
0.020505
0.020036
0.020873
0.020357
0.020138
0.019604
0.019143
0.019160
0.018681
0.018212
0.017720
0.017227
0.016726
0.016236
0.015758
0.015335
0.015040
0.014695
0.014780
0.014451
0.014155
0.030864
0.029735
0.030745
0.030228
0.031140
0.030734
0.030471
0.030003
0.029538
0.029014
0.028715
0.028082
0.027504
0.026792
0.026064
0.025284
0.024473
0.023648
0.022794
0.021927
0.021044
0.020184
0.019343
0.018418
0.017817
0.016940
0.016673
0.015778
0.014987
0.014153
0.013978
0.013171
0.012502
0.011765
0.011554
0.010941
0.010311
0.009729
0.009144
0.008570
0.008015
0.007472
0.007643
0.023491
0.026761
0.034868
0.034393
0.035026
0.035341
0.035598
0.035764
0.035912
0.036103
0.036097
0.036054
0.035948
0.036271
0.036224
0.036094
0.036026
0.036378
0.038589
0.041477
0.041567
0.041941
0.042612
0.042782
0.042975
0.043126
0.043528
0.043651
0.043716
0.043729
0.043815
0.043780
0.043717
0.043625
0.043507
0.043360
0.043184
0.042985
0.042753
0.042507
0.042435
0.042226
0.042148
0.042178
0.041843
0.041486
0.041117
0.040705
0.040268
0.039806
0.039765
0.039493
0.039024
0.038512
0.037997
0.037451
0.037117
0.036533
0.035951
0.035341
0.034715
0.034335
0.033737
0.033089
0.032416
0.031732
0.031032
0.030318
0.029590
0.028852
0.028109
0.031470
0.030991
0.030557
0.029876
0.029260
0.029173
0.028558
0.027935
0.027555
0.026921
0.026282
0.025631
0.025105
0.024438
0.024023
0.023339
0.022757
0.022258
0.021824
0.021131
0.020511
0.019806
0.019144
0.020912
0.020627
0.020927
0.020971
0.020998
0.020983
0.024317
0.024290
0.024569
0.024405
0.024379
0.024269
0.024278
0.024140
0.024115
0.024038
0.024014
0.023844
0.023669
0.023647
0.023923
0.023700
0.023536
0.023305
0.024752
0.026937
0.026905
0.026957
0.026867
0.026752
0.026634
0.026467
0.026282
0.026114
0.025991
0.025812
0.025574
0.025447
0.025267
0.025044
0.025318
0.025037
0.024796
0.024488
0.025986
0.025626
0.025572
0.025634
0.025375
0.025114
0.024861
0.024550
0.024221
0.023898
0.023572
0.023197
0.022812
0.022413
0.022016
0.021604
0.021180
0.020856
0.020423
0.020140
0.020562
0.020118
0.019893
0.019519
0.019184
0.018842
0.018496
0.018149
0.017798
0.017445
0.017103
0.016900
0.016558
0.016332
0.016053
0.016415
0.016075
0.015810
0.015503
0.015219
0.014935
0.015551
0.015249
0.015633
0.015343
0.015148
0.015974
0.015671
0.015518
0.015443
0.015204
0.014965
0.014704
0.014437
0.014161
0.016830
0.016400
0.017527
0.017126
0.017094
0.016857
0.016682
0.016476
0.016267
0.016038
0.015877
0.015628
0.015372
0.015101
0.014882
0.015611
0.015538
0.015714
0.015449
0.015541
0.015297
0.015281
0.015055
0.014832
0.014564
0.014292
0.014007
0.013721
0.013441
0.013152
0.012868
0.016702
0.016502
0.016652
0.017166
0.016944
0.016740
0.016631
0.016585
0.016850
0.016571
0.016841
0.019256
0.019232
0.019179
0.019625
0.019440
0.019341
0.019098
0.018910
0.018623
0.018358
0.018850
0.021389
0.021039
0.021016
0.020619
0.020289
0.020262
0.020550
0.020271
0.019974
0.019981
0.021841
0.021543
0.021388
0.021233
0.020976
0.020695
0.020398
0.020505
0.020171
0.019912
0.019772
0.019798
0.019775
0.019520
0.019296
0.019015
0.018720
0.018482
0.019383
0.019094
0.019210
0.018990
0.018762
0.019125
0.018881
0.019215
0.018954
0.018783
0.018587
0.018434
0.018281
0.018169
0.018062
0.017916
0.017804
0.017628
0.017456
0.017289
0.017550
0.017468
0.017336
0.017145
0.016958
0.016764
0.016634
0.017022
0.017800
0.017693
0.017645
0.017726
0.017656
0.017581
0.017822
0.017744
0.018368
0.018313
0.018511
0.018442
0.018498
0.018428
0.018361
0.018274
0.018243
0.018168
0.018084
0.018290
0.018258
0.018229
0.020505
0.020383
0.020561
0.020488
0.020480
0.020427
0.020364
0.020286
0.020491
0.020405
0.020322
0.026867
0.026418
0.026859
0.026770
0.026877
0.026743
0.026625
0.027555
0.027694
0.027839
0.027812
0.027780
0.042090
0.041731
0.042913
0.042774
0.043383
0.043414
0.043477
0.043425
0.043329
0.043166
0.042948
0.042758
0.042447
0.042379
0.041987
0.041660
0.041812
0.041322
0.040851
0.040323
0.041378
0.040884
0.040443
0.039958
0.039445
0.038977
0.038466
0.037974
0.037781
0.037284
0.036796
0.036397
0.035894
0.035455
0.034977
0.034499
0.034167
0.033873
0.033405
0.044815
0.044220
0.045313
0.046408
0.046358
0.046563
0.046437
0.046669
0.046440
0.046614
0.047312
0.049482
0.049090
0.048932
0.050063
0.049621
0.049454
0.049035
0.048571
0.048163
0.047615
0.047041
0.046454
0.045819
0.045248
0.044779
0.044728
0.044003
0.043322
0.042768
0.042162
0.041842
0.042027
0.041339
0.040677
0.039994
0.039589
0.038885
0.038340
0.037794
0.063702
0.061853
0.063229
0.062155
0.061972
0.061938
0.061951
0.061333
0.060906
0.060273
0.059421
0.059805
0.058852
0.058076
0.057084
0.056066
0.055058
0.054295
0.053246
0.052131
0.051056
0.051911
0.050986
0.050214
0.049071
0.047929
0.047050
0.045866
0.044701
0.044081
0.042965
0.041844
0.040698
0.039820
0.038700
0.037611
0.036994
0.036097
0.035116
0.034134
0.033184
0.032539
0.032489
0.032243
0.032380
0.032117
0.031889
0.033110
0.032890
0.033197
0.033049
0.032958
0.032711
0.033065
0.032804
0.032587
0.032333
0.032079
0.031843
0.032394
0.032051
0.032327
0.032061
0.033740
0.033574
0.033892
0.033831
0.033925
0.033860
0.033744
0.033630
0.033660
0.033618
0.033492
0.033376
0.033256
0.033366
0.033387
0.033258
0.033124
0.032976
0.033438
0.033276
0.033222
0.033264
0.037837
0.037918
0.038137
0.038031
0.038743
0.044380
0.044108
0.044511
0.044493
0.044477
0.044463
0.044763
0.044679
0.044512
0.044313
0.044065
0.044115
0.043819
0.043508
0.043578
0.043214
0.042858
0.042458
0.042311
0.041866
0.041443
0.040976
0.040506
0.040028
0.039542
0.039047
0.038546
0.038269
0.037756
0.037263
0.037037
0.036556
0.036086
0.035876
0.036216
0.036601
0.037034
0.036751
0.036480
0.036281
0.035994
0.037154
0.036913
0.037014
0.037171
0.037382
0.037672
0.037660
0.037655
0.037770
0.037726
0.037741
0.037671
0.037599
0.037577
0.037493
0.037498
0.037538
0.037449
0.037355
0.037247
0.037200
0.037075
0.036950
0.036811
0.036736
0.036584
0.036431
0.036268
0.036228
0.036223
0.036122
0.035964
0.035846
0.035676
0.035506
0.035329
0.035156
0.034999
0.034904
0.034734
0.035051
0.034893
0.034814
0.034963
0.042617
0.042311
0.044031
0.043869
0.044063
0.044000
0.043967
0.044097
0.044053
0.043977
0.043932
0.043756
0.043567
0.047884
0.047672
0.047775
0.047517
0.047319
0.047084
0.046874
0.046734
0.046527
0.048549
0.048154
0.047987
0.047563
0.047193
0.046916
0.046433
0.046020
0.045480
0.044930
0.044347
0.043753
0.043131
0.043769
0.043119
0.042565
0.041904
0.041261
0.042825
0.042130
0.041932
0.041150
0.040930
0.041233
0.040572
0.039920
0.039230
0.039052
0.038553
0.038083
0.037567
0.037063
0.036530
0.037363
0.039737
0.039470
0.039331
0.039068
0.039121
0.038835
0.038562
0.038449
0.038137
0.038387
0.038021
0.037738
0.038487
0.038178
0.037924
0.037657
0.037461
0.037339
0.037093
0.036847
0.037065
0.036854
0.036687
0.036478
0.036249
0.039168
0.038819
0.039244
0.039347
0.039268
0.039301
0.039191
0.040015
0.039958
0.040236
0.040211
0.040169
0.040146
0.040061
0.040907
0.040841
0.040816
0.040751
0.040667
0.041511
0.041430
0.041409
0.041811
0.041696
0.041674
0.041553
0.041440
0.042030
0.042165
0.042105
0.041963
0.041835
0.041702
0.042566
0.042908
0.042814
0.042659
0.042492
0.042309
0.042348
0.042468
0.042755
0.042599
0.042461
0.043370
0.043169
0.044109
0.043911
0.043835
0.043655
0.043501
0.043317
0.043129
0.042925
0.042797
0.042584
0.042886
0.043074
0.042908
0.042726
0.042520
0.042313
0.042203
0.041983
0.041775
0.041647
0.041735
0.041611
0.041431
0.041484
0.041291
0.041091
0.040873
0.041086
0.040871
0.040693
0.040554
0.040389
0.040208
0.040002
0.039796
0.041135
0.040897
0.042232
0.041830
0.041838
0.041529
0.041366
0.041082
0.040808
0.040956
0.040826
0.040914
0.040924
0.040702
0.040571
0.040418
0.040212
0.039946
0.039703
0.040282
0.040024
0.040652
0.040361
0.040129
0.039860
0.039773
0.039632
0.039366
0.039178
0.038889
0.038595
0.041404
0.041248
0.041166
0.040999
0.040844
0.040672
0.040638
0.040704
0.040872
0.040712
0.040600
0.040447
0.040293
0.040247
0.040073
0.039894
0.039700
0.040616
0.040393
0.040437
0.040248
0.040082
0.039889
0.039689
0.039479
0.039262
0.039034
0.038859
0.038814
0.038579
0.038373
0.038317
0.038120
0.038039
0.037861
0.037631
0.037391
0.037140
0.036880
0.036611
0.036333
0.036046
0.035791
0.035488
0.035183
0.034865
0.034543
0.034244
0.033930
0.033615
0.033388
0.033070
0.032759
0.032440
0.032121
0.031796
0.031465
0.031595
0.031395
0.031115
0.030904
0.030670
0.030430
0.030156
0.029889
0.029977
0.029754
0.029521
0.029292
0.029058
0.028823
0.028586
0.028386
0.028274
0.028040
0.027808
0.027825
0.027592
0.027370
0.027158
0.027807
0.027608
0.027444
0.027247
0.027061
0.027197
0.026987
0.030284
0.030021
0.030311
0.030064
0.029923
0.029850
0.029660
0.029557
0.029392
0.029883
0.029649
0.029474
0.029750
0.029520
0.029310
0.039544
0.039121
0.039640
0.039561
0.040170
0.040230
0.040280
0.040277
0.040276
0.040662
0.040604
0.040514
0.040392
0.042034
0.041767
0.057403
0.058985
0.059948
0.060871
0.060743
0.060555
0.060241
0.060399
0.059856
0.059303
0.059759
0.059100
0.058646
0.057999
0.058564
0.057698
0.057294
0.056361
0.055454
0.054459
0.053469
0.052415
0.051475
0.050415
0.049294
0.048132
0.047039
0.046947
0.045861
0.044878
0.043793
0.043524
0.042432
0.041454
0.040413
0.040493
0.039579
0.038709
0.039230
0.038261
0.055114
0.054518
0.055652
0.056715
0.056694
0.056814
0.057027
0.056858
0.057144
0.056825
0.056812
0.056694
0.056243
0.055806
0.055534
0.056172
0.055969
0.055529
0.054981
0.054368
0.055105
0.055057
0.054450
0.053730
0.052987
0.052203
0.051766
0.051127
0.050418
0.049566
0.049107
0.048209
0.047854
0.047079
0.046200
0.045308
0.044398
0.044160
0.043394
0.042609
0.041814
0.041272
0.040470
0.039732
0.039114
0.038336
0.037785
0.037003
0.036644
0.037424
0.037182
0.037074
0.036851
0.036729
0.036660
0.036633
0.036454
0.046312
0.045602
0.046208
0.045571
0.045354
0.045319
0.044938
0.044491
0.044005
0.043474
0.043335
0.043046
0.042482
0.041952
0.041327
0.040762
0.040174
0.039610
0.040423
0.039831
0.039332
0.039464
0.039266
0.038960
0.038468
0.037979
0.037620
0.037124
0.036653
0.036151
0.035648
0.035143
0.034727
0.034242
0.033815
0.033357
0.032885
0.032409
0.032033
0.031560
0.031889
0.031422
0.031170
0.030973
0.030733
0.030432
0.032058
0.031833
0.031944
0.031730
0.031708
0.031551
0.031351
0.031245
0.031025
0.030959
0.030959
0.040644
0.040584
0.041221
0.041176
0.041343
0.041322
0.041231
0.041086
0.040931
0.040706
0.040820
0.040535
0.040327
0.039987
0.039623
0.039224
0.039127
0.038892
0.038462
0.037996
0.037640
0.040647
0.043509
0.044023
0.043948
0.043741
0.043506
0.043968
0.043592
0.043852
0.043501
0.043132
0.048257
0.048044
0.048718
0.051275
0.051083
0.051589
0.051839
0.051753
0.051748
0.051639
0.053235
0.052916
0.052991
0.052648
0.052345
0.052124
0.051751
0.051365
0.051552
0.051120
0.050776
0.050339
0.049915
0.049512
0.049014
0.049315
0.048776
0.048526
0.047977
0.047938
0.047444
0.047198
0.046792
0.046440
0.046082
0.045709
0.045327
0.046410
0.046002
0.045705
0.045331
0.045129
0.044747
0.044410
0.044056
0.045882
0.045545
0.045422
0.045342
0.045062
0.044771
0.045215
0.044887
0.044974
0.044643
0.044977
0.044575
0.044281
0.043939
0.043852
0.043732
0.043435
0.043078
0.042978
0.042813
0.042456
0.042095
0.041727
0.041687
0.041948
0.041637
0.047004
0.046570
0.046835
0.046647
0.046561
0.047453
0.047227
0.047047
0.046757
0.046867
0.046546
0.046217
0.045843
0.045843
0.045433
0.045599
0.045169
0.044747
0.044269
0.043799
0.045012
0.044503
0.044415
0.043889
0.043861
0.043331
0.043002
0.042455
0.045488
0.044782
0.044484
0.043853
0.043330
0.042738
0.042376
0.041774
0.041158
0.040558
0.039910
0.039251
0.040901
0.041145
0.041112
0.040785
0.040442
0.040291
0.040231
0.039920
0.048655
0.048840
0.049446
0.049342
0.049397
0.049353
0.049289
0.052627
0.052584
0.052648
0.052726
0.052854
0.052738
0.052910
0.055077
0.054917
0.054920
0.054856
0.054718
0.058952
0.058855
0.059101
0.059206
0.059404
0.059787
0.059754
0.061118
0.060938
0.061126
0.061144
0.060977
0.060818
0.060565
0.060277
0.059945
0.059610
0.059906
0.063395
0.063184
0.063206
0.063277
0.063162
0.062932
0.062692
0.062933
0.063547
0.063401
0.063209
0.064984
0.064802
0.066586
0.066116
0.065975
0.065660
0.065823
0.069226
0.068883
0.068732
0.068342
0.068096
0.068292
0.068585
0.068337
0.070404
0.070036
0.069890
0.069521
0.069578
0.069205
0.068853
0.068441
0.068477
0.068013
0.067591
0.086742
0.085309
0.086769
0.085921
0.085916
0.086927
0.086401
0.086283
0.094554
0.094563
0.095042
0.095057
0.096106
0.096067
0.096120
0.095990
0.096848
0.096681
0.096469
0.096809
0.096618
0.098114
0.097914
0.097776
0.097525
0.097332
0.097026
0.096799
0.096444
0.096914
0.096806
0.096575
0.096638
0.096314
0.095997
0.095625
0.095221
0.094779
0.094303
0.093794
0.093253
0.092678
0.092071
0.091432
0.090762
0.090455
0.090483
0.089781
0.089056
0.088324
0.087627
0.086808
0.085972
0.086212
0.085903
0.085485
0.084865
0.083997
0.083096
0.082393
0.081967
0.081152
0.080234
0.079269
0.078286
0.077278
0.076255
0.075333
0.074338
0.073493
0.072520
0.071487
0.071929
0.070847
0.070620
0.070550
0.069710
0.068732
0.067780
0.066784
0.065825
0.064814
0.063983
0.062988
0.062413
0.061961
0.061012
0.060175
0.059195
0.058312
0.057311
0.056311
0.055294
0.054401
0.053543
0.053189
0.052893
0.052604
0.052076
0.051460
0.051023
0.050588
0.050136
0.049687
0.049225
0.048758
0.048282
0.047795
0.047328
0.046865
0.047300
0.046778
0.047473
0.047106
0.046847
0.046441
0.046031
0.045704
0.045336
0.045022
0.044652
0.044460
0.044110
0.043814
0.043443
0.045217
0.044796
0.055707
0.055322
0.055884
0.055750
0.055791
0.056050
0.056542
0.056394
0.056404
0.056184
0.055921
0.055596
0.055227
0.054820
0.054688
0.054209
0.053702
0.053145
0.052640
0.052020
0.051378
0.066981
0.065706
0.066250
0.065248
0.064708
0.063904
0.063120
0.062188
0.062401
0.061327
0.060319
0.059576
0.058382
0.057166
0.056310
0.054975
0.054110
0.053102
0.051802
0.050653
0.049312
0.047911
0.046592
0.045386
0.044356
0.043000
0.041664
0.040603
0.039316
0.039812
0.038785
0.037640
0.037490
0.036383
0.035667
0.034971
0.034515
0.033918
0.033307
0.033186
0.037828
0.051538
0.050593
0.051632
0.058702
0.058688
0.059007
0.058799
0.058636
0.059464
0.059085
0.059003
0.059561
0.059050
0.058497
0.058110
0.057400
0.056673
0.055879
0.055840
0.054909
0.054076
0.053115
0.052475
0.051574
0.050604
0.049606
0.048716
0.047710
0.046712
0.045708
0.044714
0.043801
0.042835
0.041892
0.040964
0.040143
0.039259
0.040347
0.040009
0.039614
0.039134
0.038779
0.038412
0.038136
0.037927
0.037571
0.037218
0.042103
0.041658
0.041687
0.041358
0.041126
0.040843
0.040767
0.040661
0.040539
0.040393
0.040242
0.040172
0.039975
0.039766
0.039532
0.039795
0.039531
0.039287
0.038999
0.048696
0.047688
0.049983
0.049447
0.049673
0.049890
0.049565
0.069992
0.068529
0.069661
0.068735
0.068415
0.069183
0.068470
0.067778
0.066932
0.066065
0.065017
0.063905
0.062717
0.061477
0.060216
0.058906
0.057553
0.056245
0.055416
0.059842
0.059570
0.058764
0.060506
0.073134
0.072224
0.072974
0.072091
0.072039
0.075025
0.081861
0.081888
0.082909
0.082809
0.084397
0.084364
0.084327
0.084185
0.084168
0.083923
0.087549
0.087564
0.087462
0.087195
0.086888
0.086536
0.086132
0.085684
0.085191
0.084658
0.084234
0.083631
0.085956
0.085274
0.087869
0.087017
0.087225
0.086608
0.088633
0.088669
0.088797
0.096752
0.098994
0.099506
0.100130
0.100311
0.106099
0.106235
0.106734
0.106782
0.106876
0.106870
0.106908
0.106986
0.107698
0.107688
0.107696
0.107457
0.107200
0.106879
0.106606
0.106207
0.105983
0.105502
0.105015
0.104524
0.103943
0.111758
0.114317
0.114590
0.114910
0.117379
0.117439
0.122581
0.122361
0.123705
0.123578
0.123681
0.125226
0.127336
0.127344
0.127576
0.127609
0.127987
0.127875
0.127765
0.127607
0.127407
0.127191
0.127778
0.131279
0.130870
0.130796
0.130358
0.130412
0.130496
0.130217
0.129810
0.129374
0.128855
0.128350
0.130715
0.130046
0.129776
0.129262
0.128727
0.128082
0.131613
0.131334
0.131193
0.130524
0.129926
0.129224
0.128516
0.127847
0.127247
0.126541
0.126093
0.125345
0.128063
0.127237
0.126860
0.127019
0.126235
0.125942
0.125462
0.125099
0.126220
0.125875
0.125341
0.125086
0.124469
0.125112
0.125133
0.124628
0.123988
0.125549
0.125098
0.124592
0.124044
0.123396
0.122708
0.127015
0.127306
0.127292
0.126903
0.126575
0.126419
0.135541
0.135027
0.135288
0.135080
0.134859
0.134529
0.134261
0.134108
0.136741
0.136803
0.137819
0.137747
0.137761
0.138092
0.138589
0.138646
0.138580
0.138446
0.138390
0.138186
0.137950
0.137710
0.137397
0.137048
0.136682
0.136268
0.136167
0.135727
0.135449
0.134965
0.134598
0.134239
0.133759
0.133176
0.132572
0.132052
0.131382
0.131060
0.130503
0.129872
0.129131
0.128507
0.127794
0.127039
0.126755
0.131026
0.130413
0.131473
0.130812
0.130409
0.130525
0.129954
0.130185
0.129670
0.129249
0.128852
0.128807
0.128545
0.128470
0.127859
0.127593
0.129607
0.129440
0.129154
0.128990
0.128517
0.128009
0.127464
0.127018
0.126424
0.125800
0.125141
0.124544
0.123831
0.123091
0.122592
0.121928
0.122255
0.122106
0.121585
0.120846
0.120098
0.121232
0.120591
0.119874
0.118954
0.118052
0.117621
0.116633
0.120412
0.119184
0.118578
0.117474
0.116473
0.115353
0.114391
0.113248
0.112084
0.110962
0.110155
0.114977
0.113852
0.114136
0.113087
0.112228
0.111226
0.110231
0.130736
0.129234
0.131849
0.131155
0.130962
0.130515
0.130149
0.129637
0.129842
0.129212
0.128586
0.127830
0.127025
0.126481
0.125599
0.124623
0.123727
0.122712
0.123170
0.123105
0.122128
0.121287
0.120185
0.119136
0.118576
0.117669
0.116550
0.115464
0.114466
0.113857
0.112758
0.113134
0.111971
0.111217
0.110063
0.108954
0.108870
0.110452
0.109252
0.108489
0.107381
0.110517
0.109402
0.108567
0.109131
0.108069
0.107143
0.106106
0.105063
0.104273
0.103242
0.102115
0.100949
0.100307
0.099103
0.098102
0.096925
0.096695
0.095543
0.094477
0.093349
0.092260
0.091240
0.090390
0.089301
0.088193
0.087070
0.086191
0.085236
0.084836
0.083700
0.082575
0.082763
0.083616
0.082609
0.081641
0.080691
0.079638
0.078581
0.077988
0.076911
0.075861
0.074843
0.073739
0.072675
0.071604
0.070713
0.069648
0.068578
0.067489
0.067429
0.068086
0.067047
0.067807
0.066799
0.065983
0.065020
0.064126
0.063218
0.066701
0.065695
0.065154
0.064406
0.063595
0.062835
0.062163
0.061947
0.061137
0.060665
0.059861
0.059167
0.058540
0.057832
0.057282
0.058079
0.057434
0.062132
0.061473
0.061348
0.060811
0.060341
0.059886
0.059460
0.059071
0.058861
0.058295
0.057735
0.057362
0.056796
0.056514
0.056359
0.056179
0.055666
0.055790
0.055889
0.055464
0.055012
0.054995
0.056235
0.057811
0.057390
0.057099
0.056656
0.056390
0.056054
0.055782
0.055379
0.055121
0.054821
0.054578
0.054100
0.053630
0.053615
0.053113
0.054401
0.053801
0.059365
0.061644
0.062220
0.061784
0.064401
0.063750
0.063558
0.062938
0.062659
0.062045
0.061433
0.061143
0.060490
0.059819
0.059649
0.059097
0.058493
0.057781
0.057055
0.056707
0.056237
0.055516
0.054763
0.053984
0.053205
0.052493
0.051776
0.052409
0.051605
0.050969
0.050203
0.049517
0.049182
0.048491
0.049905
0.049213
0.048714
0.048395
0.047818
0.047460
0.046934
0.046587
0.046439
0.046140
0.045822
0.045567
0.048154
0.047830
0.048058
0.047894
0.049568
0.049866
0.049664
0.049493
0.049266
0.049075
0.050024
0.049680
0.049579
0.049206
0.049113
0.048856
0.048487
0.048941
0.048616
0.048335
0.048201
0.047910
0.047731
0.047442
0.047112
0.046759
0.046406
0.061820
0.061372
0.065828
0.065175
0.065373
0.065050
0.064869
0.064544
0.064393
0.064163
0.063659
0.063093
0.062682
0.062843
0.062300
0.061594
0.060889
0.060165
0.059542
0.058699
0.057882
0.056999
0.056273
0.055510
0.057039
0.056320
0.055655
0.058135
0.057487
0.057120
0.056246
0.055408
0.054494
0.053581
0.052641
0.052650
0.052938
0.052432
0.051664
0.050745
0.049833
0.048972
0.051010
0.050260
0.049957
0.050144
0.049671
0.049726
0.049240
0.048661
0.048315
0.047821
0.049830
0.049216
0.049342
0.048844
0.048345
0.048159
0.047610
0.049033
0.049520
0.049130
0.052296
0.053641
0.053639
0.054167
0.053888
0.053701
0.053494
0.053737
0.053393
0.053117
0.053378
0.053047
0.052728
0.052367
0.052595
0.052439
0.052641
0.053836
0.053811
0.053908
0.053602
0.053324
0.053216
0.052933
0.064449
0.063698
0.064341
0.063834
0.063894
0.063554
0.063228
0.064610
0.064197
0.063838
0.063364
0.063055
0.062531
0.061984
0.061402
0.060912
0.060472
0.061708
0.061110
0.060580
0.063293
0.062588
0.062176
0.061916
0.061330
0.060669
0.060043
0.059519
0.058873
0.058114
0.057343
0.056572
0.055816
0.055120
0.054720
0.054031
0.054306
0.055184
0.054506
0.054140
0.054118
0.054196
0.053712
0.053672
0.055113
0.055170
0.054990
0.054642
0.054634
0.054251
0.054173
0.053736
0.053352
0.053009
0.052976
0.052597
0.052267
0.051782
0.053742
0.053914
0.053625
0.053469
0.053087
0.052768
0.052352
0.051931
0.051771
0.051329
0.051190
0.055320
0.056749
0.057244
0.058183
0.057959
0.058241
0.058407
0.058101
0.057878
0.057587
0.057229
0.057892
0.057509
0.057289
0.056865
0.056451
0.056257
0.056080
0.055641
0.055179
0.054706
0.054385
0.055416
0.054934
0.055037
0.054552
0.055478
0.054989
0.054700
0.054241
0.053814
0.053480
0.053017
0.052544
0.052052
0.051574
0.051594
0.051041
0.050560
0.050011
0.049497
0.050110
0.049597
0.049165
0.049268
0.048764
0.048486
0.048149
0.047724
0.047308
0.046905
0.046932
0.046752
0.051868
0.051222
0.051262
0.050805
0.050470
0.050239
0.049813
0.049825
0.049676
0.049284
0.049100
0.048660
0.048223
0.047920
0.047425
0.046930
0.046532
0.045987
0.045759
0.045395
0.045544
0.045014
0.044527
0.045609
0.044933
0.044625
0.044055
0.043504
0.044695
0.044056
0.045564
0.044901
0.044796
0.044160
0.044713
0.044591
0.044060
0.043532
0.043195
0.042761
0.042297
0.041794
0.041436
0.041864
0.041735
0.041387
0.041057
0.040648
0.040230
0.039800
0.039626
0.039169
0.038761
0.038301
0.038121
0.037668
0.037359
0.041256
0.040512
0.041018
0.040405
0.040066
0.046919
0.046429
0.046518
0.046233
0.045915
0.045540
0.045156
0.044978
0.044617
0.044301
0.043892
0.043454
0.043022
0.042938
0.042534
0.042054
0.041539
0.041134
0.040645
0.040988
0.040664
0.040607
0.040074
0.039652
0.039630
0.039755
0.039276
0.039634
0.039409
0.039793
0.039573
0.039241
0.038917
0.038913
0.038558
0.038963
0.038786
0.038524
0.038163
0.037819
0.038553
0.040351
0.039895
0.039704
0.039351
0.039134
0.038858
0.038676
0.038369
0.038053
0.037714
0.037498
0.037458
0.037384
0.037680
0.037446
0.041923
0.041442
0.041546
0.042126
0.042005
0.042466
0.042200
0.042489
0.042137
0.041873
0.041499
0.041134
0.040749
0.040349
0.040190
0.039746
0.039308
0.038831
0.038342
0.037995
0.037998
0.037495
0.037020
0.036744
0.036357
0.035851
0.035315
0.035128
0.034581
0.034092
0.033856
0.037685
0.037391
0.037741
0.037695
0.037616
0.037248
0.036830
0.036382
0.036447
0.035977
0.036676
0.036142
0.035719
0.038456
0.039960
0.039731
0.039729
0.039568
0.039651
0.043461
0.043631
0.044185
0.044114
0.044102
0.045501
0.045484
0.045542
0.046738
0.048175
0.048263
0.048348
0.049614
0.049668
0.049742
0.050093
0.050363
0.050340
0.050505
0.050437
0.050368
0.052158
0.051952
0.051975
0.051780
0.051963
0.051791
0.051632
0.051475
0.051249
0.051038
0.050952
0.050733
0.051812
0.051666
0.051650
0.051785
0.051590
0.051418
0.051778
0.051546
0.051384
0.051175
0.051002
0.050951
0.050768
0.050679
0.050496
0.050332
0.050203
0.050050
0.050012
0.050033
0.050032
0.049839
0.049646
0.049484
0.049314
0.049087
0.048851
0.048601
0.048343
0.048408
0.048726
0.048646
0.048436
0.048407
0.049103
0.048825
0.048628
0.048495
0.048288
0.048003
0.047743
0.047466
0.047159
0.046840
0.046509
0.046302
0.045959
0.045620
0.046466
0.046182
0.045931
0.045637
0.045481
0.045184
0.046574
0.047487
0.047271
0.047495
0.047166
0.046896
0.046574
0.046259
0.045931
0.049559
0.049559
0.049877
0.049694
0.049838
0.049644
0.049436
0.051660
0.051348
0.052063
0.052164
0.052033
0.051829
0.051588
0.051328
0.051059
0.050822
0.050490
0.050146
0.050032
0.049676
0.049342
0.049148
0.048734
0.048689
0.049608
0.049194
0.049025
0.048605
0.049304
0.048978
0.048818
0.049469
0.049382
0.049050
0.048722
0.048341
0.047957
0.047552
0.047135
0.046930
0.046671
0.046234
0.045803
0.046535
0.046056
0.045855
0.045376
0.044996
0.044521
0.044093
0.043611
0.044816
0.044224
0.044968
0.045764
0.045453
0.045111
0.044681
0.044325
0.043877
0.043417
0.043027
0.042531
0.042025
0.041696
0.041594
0.041102
0.040614
0.040219
0.039693
0.039253
0.038737
0.038194
0.038216
0.037789
0.037458
0.036944
0.036442
0.036175
0.035670
0.035341
0.034812
0.034345
0.034382
0.033927
0.033482
0.033248
0.032774
0.032321
0.031847
0.031429
0.031806
0.031446
0.031086
0.030724
0.030835
0.030863
0.030535
0.030225
0.029940
0.029595
0.029544
0.032229
0.031777
0.031938
0.031571
0.031315
0.031052
0.030742
0.030408
0.030138
0.029793
0.029943
0.029614
0.029348
0.029053
0.029664
0.029330
0.029574
0.033626
0.033482
0.035200
0.035009
0.035023
0.034890
0.034768
0.035831
0.035682
0.035675
0.036213
0.036107
0.036207
0.036016
0.035850
0.035908
0.036173
0.036005
0.035836
0.035789
0.035553
0.036290
0.036249
0.036287
0.035979
0.035722
0.035476
0.035235
0.034881
0.034507
0.034111
0.033760
0.033327
0.032881
0.032418
0.031946
0.031510
0.031027
0.030569
0.030148
0.029719
0.029188
0.028788
0.028255
0.027768
0.027252
0.026712
0.026211
0.025754
0.025224
0.024677
0.024747
0.025425
0.025241
0.024899
0.024585
0.024236
0.024373
0.024024
0.023712
0.023422
0.023082
0.023404
0.023101
0.022952
0.022624
0.022311
0.021984
0.022177
0.022682
0.022548
0.022313
0.022017
0.022155
0.023072
0.022842
0.023365
0.023095
0.022929
0.022685
0.022573
0.022358
0.022108
0.021841
0.022123
0.021826
0.021606
0.021307
0.021020
0.020716
0.020437
0.020199
0.020099
0.020100
0.019905
0.019815
0.019587
0.019356
0.019121
0.018887
0.018741
0.018624
0.018428
0.018278
0.018303
0.018041
0.017813
0.017596
0.017385
0.017148
0.016917
0.017124
0.017249
0.017672
0.017497
0.017346
0.017297
0.017323
0.017181
0.017089
0.016947
0.016805
0.016663
0.016618
0.016473
0.016388
0.016284
0.016135
0.015983
0.016134
0.015982
0.015891
0.015877
0.024740
0.024479
0.025449
0.025341
0.025450
0.025430
0.025745
0.025671
0.025604
0.025499
0.025343
0.025154
0.024932
0.024738
0.024457
0.024264
0.025055
0.024654
0.024370
0.023964
0.023578
0.023179
0.023194
0.023585
0.023266
0.023822
0.024077
0.023733
0.023845
0.023414
0.023342
0.022890
0.022753
0.022289
0.024426
0.024069
0.023861
0.023675
0.023378
0.023063
0.022759
0.022417
0.022067
0.022189
0.021832
0.021577
0.021210
0.020887
0.020879
0.022273
0.021857
0.021630
0.021256
0.020953
0.020580
0.020367
0.020125
0.019918
0.019719
0.020371
0.020920
0.021010
0.020839
0.022374
0.022202
0.022384
0.022378
0.022531
0.022414
0.022338
0.022206
0.022056
0.021944
0.021773
0.021602
0.021419
0.021226
0.021028
0.021529
0.021739
0.022064
0.022399
0.022262
0.022115
0.021944
0.021916
0.023525
0.023737
0.024232
0.024337
0.024317
0.024235
0.024582
0.024652
0.024590
0.027663
0.028200
0.028508
0.028622
0.028935
0.029001
0.029198
0.029252
0.029311
0.029340
0.029359
0.029434
0.029416
0.030758
0.030880
0.030954
0.030920
0.030878
0.030804
0.031740
0.031605
0.035110
0.035050
0.037114
0.042233
0.042398
0.042645
0.042750
0.044293
0.045483
0.045778
0.045964
0.046212
0.046335
0.046483
0.046544
0.046645
0.046662
0.046693
0.046696
0.046639
0.046627
0.046520
0.046398
0.046768
0.046658
0.046596
0.047022
0.047915
0.047819
0.047911
0.047817
0.047684
0.047530
0.047368
0.050560
0.050534
0.050698
0.051178
0.051323
0.051721
0.051721
0.051731
0.052756
0.053578
0.053683
0.053760
0.053951
0.060303
0.060216
0.060685
0.061194
0.061283
0.061541
0.061665
0.061704
0.062045
0.062183
0.062159
0.063129
0.063086
0.063064
0.062970
0.064883
0.064861
0.064934
0.068184
0.067966
0.068397
0.068306
0.068254
0.068135
0.068318
0.068842
0.069170
0.069085
0.069002
0.070223
0.070645
0.070636
0.070773
0.070792
0.070883
0.070844
0.070741
0.070622
0.071080
0.071987
0.072054
0.072021
0.072322
0.072390
0.073026
0.072846
0.072997
0.072948
0.072829
0.072824
0.073851
0.073796
0.074030
0.074188
0.074683
0.075201
0.075202
0.075208
0.075484
0.075437
0.075422
0.079402
0.079623
0.084883
0.088312
0.089355
0.089802
0.090056
0.090753
0.091099
0.092763
0.093814
0.094523
0.095141
0.095631
0.095971
0.096237
0.096520
0.096739
0.096993
0.097759
0.097907
0.098475
0.098579
0.098812
0.098866
0.098944
0.099920
0.101128
0.101423
0.102246
0.102856
0.103032
0.103154
0.103256
0.103342
0.103949
0.104190
0.104472
0.104975
0.105020
0.105381
0.105444
0.105524
0.106272
0.108920
0.109121
0.109437
0.110196
0.110753
0.111648
0.112192
0.112457
0.112703
0.112970
0.113333
0.113501
0.114187
0.115155
0.115446
0.115719
0.116427
0.116572
0.116943
0.117074
0.117256
0.117356
0.117590
0.117638
0.117686
0.117840
0.117847
0.117837
0.117802
0.118659
0.119403
0.121517
0.121670
0.121862
0.121872
0.121956
0.122646
0.122667
0.122690
0.122991
0.123510
0.123476
0.123607
0.123853
0.123794
0.123948
0.123943
0.123829
0.124096
0.124029
0.123884
0.123706
0.123535
0.123436
0.123521
0.123609
0.123996
0.123941
0.123745
0.123683
0.123611
0.123350
0.123092
0.122798
0.122953
0.122679
0.122410
0.122156
0.122397
0.122197
0.121965
0.121851
0.121651
0.121355
0.121165
0.120846
0.120794
0.120484
0.120239
0.119899
0.119595
0.119263
0.119459
0.119151
0.118812
0.118550
0.118611
0.118732
0.118562
0.118261
0.117939
0.117620
0.117270
0.117184
0.116777
0.116432
0.116026
0.121982
0.121319
0.121385
0.121121
0.120925
0.121932
0.121829
0.121698
0.121528
0.121263
0.120988
0.120696
0.120401
0.120050
0.119810
0.119638
0.119240
0.118838
0.118406
0.117952
0.117621
0.117387
0.116890
0.116865
0.116316
0.115810
0.115237
0.114706
0.114293
0.113666
0.113053
0.113358
0.112756
0.112211
0.111558
0.111688
0.111605
0.111042
0.110503
0.109931
0.109493
0.111293
0.110694
0.110248
0.109604
0.108991
0.108415
0.107738
0.107560
0.106884
0.110252
0.109477
0.109129
0.108420
0.108042
0.107485
0.106900
0.107334
0.106649
0.106094
0.105418
0.104805
0.104263
0.103807
0.103080
0.102468
0.102027
0.102011
0.101993
0.101486
0.101383
0.101497
0.100869
0.100228
0.099904
0.099595
0.099557
0.098867
0.099138
0.098637
0.098024
0.097580
0.097228
0.096782
0.096241
0.095695
0.097983
0.098005
0.098118
0.097664
0.097320
0.096878
0.097125
0.096774
0.096553
0.096201
0.095943
0.095553
0.095173
0.095119
0.094763
0.094643
0.094222
0.094288
0.093921
0.093531
0.093108
0.092820
0.092829
0.092375
0.092131
0.092262
0.091834
0.091487
0.091357
0.090937
0.090513
0.090126
0.089904
0.089525
0.089065
0.088688
0.088199
0.087713
0.087427
0.086982
0.086488
0.085968
0.085511
0.085666
0.085284
0.084816
0.084444
0.083971
0.083974
0.083537
0.083089
0.084362
0.083832
0.083615
0.083114
0.082697
0.082273
0.081828
0.081356
0.080882
0.080724
0.080248
0.079780
0.079294
0.078817
0.078347
0.078226
0.077724
0.077250
0.076758
0.076295
0.075908
0.075567
0.075098
0.074632
0.074153
0.073669
0.073488
0.074616
0.076002
0.075665
0.075332
0.074944
0.074560
0.074163
0.074276
0.073880
0.073699
0.073362
0.073028
0.072710
0.072576
0.072290
0.071917
0.071524
0.071141
0.070740
0.070327
0.069974
0.069535
0.069089
0.069422
0.069624
0.069233
0.087384
0.086683
0.087645
0.087301
0.087295
0.087510
0.087745
0.087589
0.087306
0.087096
0.086725
0.086270
0.085735
0.085374
0.084962
0.084316
0.083970
0.083313
0.082821
0.081968
0.081137
0.080444
0.079879
0.078997
0.078007
0.077154
0.076678
0.075649
0.074813
0.073725
0.072659
0.071754
0.070665
0.069570
0.068557
0.068418
0.068321
0.067297
0.067057
0.065972
0.064965
0.063909
0.063410
0.062558
0.062715
0.062124
0.061261
0.060399
0.059523
0.060648
0.060238
0.060063
0.060494
0.060534
0.060695
0.061099
0.061006
0.060811
0.060592
0.060388
0.060537
0.060328
0.060099
0.060447
0.060240
0.060084
0.059788
0.059790
0.059582
0.059314
0.059024
0.058857
0.058503
0.059635
0.059088
0.059500
0.059002
0.058939
0.058534
0.059009
0.058839
0.058995
0.058734
0.058694
0.058369
0.057985
0.057650
0.057364
0.056939
0.056501
0.056068
0.055838
0.055647
0.055366
0.056027
0.055585
0.055372
0.054937
0.054809
0.054425
0.054512
0.054935
0.055088
0.054834
0.054501
0.054147
0.053873
0.053575
0.053232
0.052959
0.052568
0.052815
0.052463
0.052121
0.051762
0.051393
0.051014
0.050623
0.050246
0.050389
0.050038
0.049701
0.049567
0.049191
0.049053
0.048739
0.048963
0.048598
0.054986
0.054307
0.054487
0.054065
0.053915
0.054186
0.053887
0.053543
0.053242
0.054681
0.054318
0.054059
0.053698
0.053466
0.053431
0.053050
0.052744
0.052564
0.052659
0.052244
0.051856
0.051425
0.052026
0.051667
0.051340
0.051039
0.050688
0.050377
0.051800
0.051684
0.051445
0.051282
0.051084
0.050898
0.050772
0.050590
0.050414
0.050472
0.050288
0.050136
0.050215
0.050425
0.050430
0.052951
0.052907
0.053139
0.053065
0.053395
0.053366
0.053435
0.053404
0.053382
0.053327
0.053661
0.053684
0.053796
0.054006
0.053954
0.054632
0.066416
0.066196
0.067109
0.067128
0.068325
0.068367
0.077431
0.077253
0.077878
0.077833
0.078036
0.078274
0.078336
0.078321
0.078486
0.078217
0.077921
0.077525
0.077271
0.076763
0.076216
0.075656
0.075053
0.074525
0.073829
0.073399
0.072625
0.072365
0.071555
0.070880
0.070064
0.069351
0.068582
0.071679
0.070848
0.070272
0.069317
0.068468
0.067816
0.067901
0.067024
0.066179
0.065284
0.065597
0.064901
0.064088
0.063174
0.063468
0.062718
0.062071
0.062080
0.061569
0.061068
0.060531
0.060237
0.059842
0.059538
0.059203
0.059164
0.058796
0.058443
0.058055
0.057925
0.057526
0.057141
0.056771
0.056377
0.055959
0.055681
0.055244
0.054846
0.054404
0.056878
0.056771
0.056579
0.056127
0.055883
0.055540
0.055215
0.054888
0.054589
0.054209
0.053846
0.053450
0.053338
0.052917
0.053132
0.052741
0.052396
0.052708
0.052316
0.052207
0.051805
0.051437
0.051195
0.057105
0.056223
0.056439
0.055755
0.055363
0.054908
0.054393
0.054004
0.053425
0.053185
0.053004
0.052526
0.051958
0.051370
0.050770
0.050188
0.057718
0.057228
0.059769
0.060046
0.059908
0.059881
0.060048
0.059832
0.059725
0.059476
0.059219
0.058981
0.058705
0.058589
0.058298
0.057994
0.071130
0.070320
0.071096
0.070906
0.071644
0.071957
0.072146
0.073414
0.073476
0.073608
0.074062
0.074068
0.074064
0.074677
0.077606
0.077492
0.077688
0.077643
0.077610
0.078254
0.078326
0.078234
0.078111
0.077955
0.077843
0.077703
0.077458
0.077189
0.077032
0.077126
0.076818
0.079383
0.078907
0.078773
0.078519
0.078143
0.077886
0.077547
0.077096
0.076838
0.076405
0.075901
0.075371
0.075081
0.074534
0.073975
0.073478
0.072884
0.072359
0.071879
0.071382
0.070888
0.070537
0.070696
0.070118
0.069605
0.070866
0.070237
0.071614
0.070936
0.070511
0.070035
0.069918
0.069458
0.069053
0.068753
0.068486
0.068289
0.068601
0.068112
0.068508
0.068130
0.067710
0.067282
0.066926
0.066527
0.066451
0.066058
0.065632
0.065733
0.065288
0.065164
0.064670
0.064223
0.063739
0.063251
0.062859
0.062353
0.062814
0.062361
0.061975
0.061671
0.061226
0.060823
0.060446
0.060057
0.059660
0.059659
0.059242
0.058852
0.058586
0.058211
0.057830
0.057826
0.057423
0.057078
0.056664
0.056392
0.055978
0.055601
0.055176
0.054848
0.054450
0.066358
0.066081
0.066569
0.066348
0.067892
0.067759
0.067711
0.067523
0.067401
0.072986
0.072409
0.075513
0.074989
0.074912
0.074547
0.074221
0.073778
0.073491
0.072962
0.072409
0.071806
0.071158
0.070579
0.069876
0.070905
0.070108
0.070582
0.069830
0.069121
0.068342
0.067591
0.066795
0.066136
0.065294
0.064458
0.063604
0.062748
0.061883
0.061016
0.060147
0.061123
0.060439
0.061255
0.060910
0.060275
0.060441
0.059700
0.059032
0.058456
0.058839
0.058699
0.058247
0.057753
0.057254
0.056741
0.056302
0.056314
0.055867
0.055463
0.055070
0.056940
0.056562
0.056372
0.056054
0.055741
0.055402
0.056616
0.057641
0.057512
0.057247
0.056996
0.056726
0.056497
0.056235
0.056066
0.055878
0.055691
0.056302
0.056119
0.055988
0.056006
0.055953
0.055801
0.056450
0.056286
0.056210
0.056433
0.056629
0.056544
0.056465
0.056364
0.056536
0.056430
0.056335
0.056270
0.056437
0.056398
0.056303
0.056175
0.056038
0.056611
0.056492
0.056563
0.056437
0.056751
0.056639
0.056553
0.056461
0.056450
0.057042
0.056973
0.056930
0.057001
0.056923
0.057259
0.057174
0.057099
0.057001
0.056901
0.057816
0.057667
0.057635
0.057599
0.057488
0.057357
0.063675
0.063514
0.063805
0.063745
0.063759
0.063910
0.063910
0.063821
0.063721
0.063588
0.063462
0.063609
0.063411
0.063210
0.063307
0.063170
0.063202
0.064380
0.064142
0.064011
0.065625
0.066028
0.065965
0.065713
0.065869
0.066566
0.066692
0.066698
0.066490
0.066257
0.069647
0.069468
0.069702
0.069435
0.069234
0.095755
0.094972
0.096699
0.096469
0.096727
0.096714
0.096914
0.096821
0.096576
0.096201
0.095748
0.095177
0.094557
0.093995
0.093427
0.094069
0.097032
0.096450
0.095965
0.095242
0.095669
0.094839
0.094058
0.093138
0.092204
0.091846
0.090852
0.089849
0.088891
0.087814
0.090650
0.089767
0.089366
0.088365
0.087404
0.086381
0.085327
0.084371
0.084287
0.083162
0.082520
0.081356
0.080247
0.079129
0.078059
0.079158
0.077963
0.077023
0.075882
0.074774
0.073656
0.072544
0.071368
0.070234
0.069916
0.069571
0.068933
0.068976
0.068905
0.068408
0.067855
0.068148
0.067497
0.067015
0.066390
0.065763
0.065132
0.065366
0.064716
0.064086
0.063529
0.062870
0.062212
0.061538
0.060867
0.060565
0.060081
0.059629
0.059146
0.058692
0.058204
0.057715
0.057420
0.058098
0.057652
0.057481
0.057248
0.056905
0.056555
0.056301
0.055978
0.055643
0.055256
0.054853
0.054644
0.054368
0.053971
0.053563
0.053150
0.052748
0.052371
0.051976
0.052051
0.051674
0.051662
0.051360
0.051124
0.050856
0.050646
0.050424
0.050202
0.049989
0.049761
0.049534
0.051323
0.052092
0.051982
0.052263
0.052075
0.051935
0.051851
0.051968
0.051775
0.052084
0.052238
0.052069
0.051873
0.051654
0.051432
0.051553
0.051336
0.051122
0.051029
0.050826
0.050620
0.051504
0.052405
0.052262
0.052114
0.051913
0.052511
0.052258
0.052484
0.052834
0.052619
0.052658
0.052952
0.058540
0.058210
0.058587
0.058341
0.058219
0.058007
0.057923
0.057672
0.057476
0.057170
0.056858
0.056682
0.056403
0.058506
0.057931
0.058048
0.057552
0.057198
0.056788
0.056349
0.055877
0.055392
0.054872
0.054429
0.054004
0.053854
0.053283
0.052719
0.052132
0.051526
0.050950
0.050351
0.050513
0.049859
0.049390
0.048966
0.048997
0.048415
0.047913
0.047332
0.046757
0.046186
0.046044
0.045482
0.046501
0.045976
0.046211
0.045665
0.045224
0.044861
0.044439
0.044326
0.044068
0.043789
0.043490
0.043374
0.043270
0.043540
0.043160
0.045865
0.045346
0.045250
0.044833
0.044521
0.044156
0.044537
0.044259
0.043951
0.043644
0.043325
0.043328
0.042970
0.043417
0.043122
0.046917
0.046835
0.046848
0.046600
0.046582
0.046431
0.046415
0.046857
0.046849
0.046827
0.046563
0.046328
0.046142
0.045856
0.045710
0.045425
0.045210
0.044863
0.044603
0.045011
0.044665
0.044600
0.048241
0.048181
0.048075
0.047827
0.047673
0.047366
0.047065
0.046730
0.046372
0.045988
0.045582
0.045155
0.044830
0.044399
0.043960
0.043605
0.043131
0.042652
0.042207
0.041705
0.041209
0.040811
0.040297
0.039986
0.039467
0.038964
0.038448
0.038026
0.037645
0.037263
0.036876
0.036606
0.036229
0.035856
0.035947
0.035983
0.035669
0.035371
0.035264
0.036722
0.036392
0.036258
0.035919
0.035635
0.035687
0.038202
0.038434
0.038296
0.037985
0.038410
0.038248
0.038406
0.038180
0.038033
0.037782
0.037515
0.037394
0.037092
0.036780
0.036448
0.036113
0.035787
0.035449
0.035189
0.034820
0.034445
0.034063
0.033676
0.033283
0.032999
0.032712
0.032327
0.031933
0.031530
0.031143
0.030866
0.030481
0.030111
0.030195
0.029861
0.030251
0.029914
0.029669
0.029368
0.029082
0.033160
0.032758
0.032868
0.032701
0.034187
0.034096
0.034066
0.034092
0.033988
0.033872
0.034123
0.033976
0.033871
0.033692
0.033506
0.034115
0.034228
0.034076
0.033838
0.036961
0.036633
0.036584
0.036294
0.036048
0.037452
0.037114
0.036917
0.036570
0.036375
0.036080
0.035705
0.035432
0.035111
0.034690
0.034481
0.034051
0.033734
0.033463
0.033017
0.032550
0.032202
0.031713
0.031225
0.030726
0.030344
0.029923
0.029630
0.030181
0.029716
0.029360
0.029219
0.028825
0.028575
0.028154
0.027740
0.027308
0.028457
0.028119
0.027848
0.027745
0.027415
0.027183
0.026845
0.028117
0.027781
0.030102
0.029678
0.029597
0.029285
0.029039
0.028748
0.028452
0.028141
0.027820
0.027484
0.027140
0.026807
0.026494
0.026165
0.025828
0.025575
0.025266
0.026186
0.025961
0.025777
0.026310
0.026051
0.026038
0.026056
0.025981
0.025812
0.025643
0.025451
0.025370
0.025220
0.025019
0.024888
0.025175
0.025165
0.025023
0.024875
0.024715
0.024552
0.025095
0.024885
0.024819
0.024637
0.024503
0.024358
0.025123
0.024962
0.024864
0.024694
0.024569
0.024395
0.024218
0.024028
0.023831
0.023684
0.023512
0.023751
0.023639
0.023463
0.023274
0.023078
0.022910
0.022700
0.022526
0.022348
0.022154
0.021927
0.022602
0.022338
0.022174
0.021948
0.021845
0.021725
0.021600
0.021407
0.021189
0.020960
0.021091
0.021264
0.021102
0.021373
0.021186
0.021217
0.021038
0.020875
0.020695
0.020515
0.020454
0.020271
0.020231
0.020066
0.020034
0.019830
0.019631
0.019497
0.019471
0.019480
0.019311
0.019204
0.019008
0.018837
0.018635
0.021521
0.021267
0.021743
0.021517
0.021406
0.021913
0.021738
0.021596
0.021608
0.021509
0.021311
0.021087
0.021176
0.023725
0.023587
0.023558
0.023348
0.023194
0.023188
0.022993
0.023618
0.023392
0.023419
0.023172
0.022954
0.022704
0.022661
0.022399
0.022347
0.022044
0.022268
0.021932
0.021645
0.021348
0.021072
0.020717
0.021090
0.020705
0.020619
0.020838
0.020504
0.025143
0.024871
0.024930
0.024537
0.024617
0.024290
0.023994
0.024291
0.023988
0.023774
0.023359
0.022948
0.022504
0.022100
0.021689
0.021268
0.021488
0.021477
0.021089
0.020813
0.020906
0.020399
0.019996
0.019480
0.019061
0.019370
0.019027
0.018768
0.018803
0.018485
0.018139
0.017900
0.017947
0.017703
0.017358
0.016990
0.016622
0.016271
0.015919
0.015568
0.015232
0.014887
0.014785
0.014547
0.014517
0.014342
0.014312
0.014101
0.015971
0.015684
0.016047
0.015825
0.015687
0.015483
0.015293
0.015088
0.014925
0.014700
0.014476
0.014261
0.014027
0.013861
0.013717
0.013563
0.013318
0.013154
0.012965
0.012720
0.012758
0.012631
0.012624
0.012374
0.012352
0.012112
0.012045
0.011985
0.011776
0.011893
0.011657
0.011506
0.011535
0.011331
0.011157
0.010955
0.012679
0.012471
0.012878
0.012718
0.012723
0.012640
0.013416
0.013573
0.013576
0.013789
0.013968
0.014112
0.014095
0.014024
0.014144
0.014120
0.014029
0.013917
0.013793
0.013781
0.013646
0.013509
0.013398
0.013243
0.013079
0.012908
0.012794
0.012610
0.012422
0.012247
0.012076
0.011868
0.011741
0.011820
0.011609
0.011826
0.011622
0.011880
0.012023
0.011835
0.011684
0.011478
0.011305
0.011362
0.011150
0.010956
0.020095
0.019522
0.020419
0.020079
0.020183
0.020038
0.019975
0.019786
0.019600
0.023411
0.022902
0.022951
0.022473
0.022259
0.021897
0.021501
0.021271
0.020768
0.020263
0.019841
0.020325
0.020589
0.020133
0.020264
0.019778
0.019351
0.018862
0.018378
0.017931
0.017425
0.017004
0.016489
0.016414
0.016449
0.016243
0.015809
0.015384
0.014935
0.015427
0.015109
0.014773
0.015297
0.014994
0.014893
0.014981
0.014941
0.014822
0.014619
0.014477
0.014255
0.015791
0.015621
0.015506
0.015566
0.015348
0.015108
0.014948
0.014867
0.014713
0.014438
0.014162
0.013878
0.013608
0.013495
0.022666
0.021670
0.022183
0.021579
0.022203
0.021760
0.021759
0.021317
0.020929
0.020442
0.020054
0.019569
0.019037
0.018789
0.018402
0.017828
0.017251
0.017209
0.016596
0.016026
0.015567
0.014971
0.014440
0.013916
0.013496
0.012984
0.012495
0.012016
0.011693
0.011532
0.011076
0.010650
0.010210
0.009795
0.009397
0.009359
0.009082
0.009096
0.013265
0.013167
0.013641
0.013549
0.014076
0.014010
0.014003
0.017271
0.017374
0.017746
0.018013
0.018215
0.020105
0.020272
0.020603
0.020933
0.021117
0.021350
0.021482
0.021697
0.022180
0.022304
0.022499
0.022665
0.023000
0.023851
0.023908
0.024042
0.024135
0.024400
0.024771
0.025074
0.025105
0.025125
0.025126
0.025108
0.025251
0.027610
0.027798
0.027943
0.027936
0.027986
0.027919
0.027930
0.027832
0.027847
0.027712
0.027603
0.027688
0.027503
0.029615
0.029559
0.029604
0.029476
0.029723
0.029591
0.029487
0.029334
0.029178
0.028998
0.028850
0.028645
0.028433
0.028478
0.028235
0.028241
0.028031
0.027821
0.027779
0.027584
0.027352
0.027279
0.027003
0.026739
0.026503
0.026210
0.026021
0.025819
0.025586
0.026970
0.026746
0.026668
0.026526
0.026349
0.026153
0.025991
0.025795
0.025594
0.027238
0.026928
0.026859
0.026616
0.026403
0.026146
0.026748
0.026420
0.026233
0.025909
0.025674
0.025341
0.025046
0.024905
0.026076
0.025676
0.025845
0.025448
0.025137
0.024756
0.026105
0.025832
0.025774
0.025504
0.025244
0.025355
0.025282
0.025066
0.025000
0.024992
0.024887
0.024659
0.024369
0.024082
0.023782
0.023534
0.023273
0.022997
0.022722
0.022497
0.022201
0.021900
0.022699
0.022810
0.022693
0.022487
0.022276
0.022052
0.021823
0.021700
0.021464
0.021231
0.020995
0.020781
0.020938
0.020669
0.020483
0.020252
0.020045
0.019820
0.019633
0.019398
0.019159
0.019001
0.018943
0.018720
0.018670
0.018991
0.018754
0.018565
0.018381
0.018420
0.018160
0.019039
0.018863
0.018785
0.018749
0.019354
0.019227
0.019471
0.019356
0.019583
0.019473
0.019384
0.019305
0.019183
0.019057
0.018938
0.018791
0.018795
0.021683
0.021480
0.021630
0.021758
0.021655
0.021592
0.021718
0.022086
0.022382
0.022242
0.022794
0.022677
0.022606
0.022484
0.022716
0.022611
0.022508
0.023087
0.023464
0.023379
0.023272
0.023137
0.023039
0.023063
0.022919
0.022736
0.022549
0.023369
0.023380
0.030561
0.030216
0.030688
0.031861
0.031835
0.031807
0.031689
0.031553
0.031558
0.031825
0.031704
0.031435
0.031114
0.031077
0.030679
0.031224
0.030832
0.030458
0.030067
0.029652
0.029264
0.029138
0.028662
0.028449
0.027892
0.027359
0.027157
0.030720
0.030213
0.030052
0.029489
0.029454
0.029585
0.029144
0.028646
0.029081
0.028742
0.030119
0.030019
0.029748
0.029524
0.029191
0.028832
0.028768
0.028586
0.029965
0.029631
0.029397
0.029244
0.028897
0.031516
0.031408
0.031613
0.031589
0.031574
0.033048
0.032908
0.032977
0.033127
0.033035
0.032911
0.034077
0.034383
0.034387
0.034717
0.034659
0.034690
0.034692
0.035088
0.034959
0.034854
0.034724
0.034582
0.034398
0.034662
0.034412
0.034275
0.034212
0.033972
0.034224
0.034017
0.033707
0.033355
0.033133
0.032763
0.033204
0.032844
0.032481
0.032062
0.031849
0.031427
0.031105
0.030627
0.030186
0.030601
0.030583
0.030948
0.030841
0.030507
0.030151
0.029844
0.029487
0.029108
0.028709
0.028391
0.028026
0.027606
0.027191
0.026766
0.026361
0.025953
0.025678
0.025815
0.026556
0.026513
0.026236
0.025937
0.025622
0.025300
0.025233
0.024895
0.024865
0.025505
0.025205
0.025054
0.024900
0.024663
0.024415
0.024930
0.024664
0.024505
0.024248
0.024007
0.023977
0.023764
0.023667
0.023477
0.023251
0.023147
0.022895
0.022656
0.022394
0.022360
0.022244
0.022023
0.021777
0.021521
0.021258
0.020996
0.020733
0.020480
0.020213
0.019943
0.019670
0.019474
0.019225
0.019001
0.018761
0.018564
0.018377
0.018160
0.018018
0.017801
0.017639
0.017417
0.017264
0.017491
0.017290
0.017164
0.016938
0.017530
0.017318
0.017297
0.017095
0.016969
0.016772
0.016669
0.016464
0.017039
0.016768
0.016619
0.017084
0.016869
0.020799
0.020553
0.020759
0.021912
0.021711
0.021617
0.021391
0.021364
0.022099
0.043930
0.042635
0.044250
0.044115
0.044052
0.043689
0.043383
0.042864
0.042303
0.041615
0.040927
0.040095
0.039200
0.038238
0.037963
0.037007
0.035971
0.034847
0.033952
0.032758
0.032202
0.031022
0.029894
0.028700
0.027507
0.026546
0.025371
0.024450
0.023274
0.022433
0.021457
0.020490
0.019551
0.018565
0.017699
0.016778
0.015937
0.015055
0.014201
0.013778
0.013025
0.012510
0.012367
0.012471
0.012373
0.012657
0.012514
0.012397
0.012276
0.012206
0.012095
0.012032
0.011929
0.011837
0.011741
0.012800
0.012617
0.016821
0.016487
0.017112
0.016943
0.017027
0.016989
0.016887
0.016926
0.016770
0.017259
0.017089
0.016967
0.016776
0.016655
0.016436
0.016213
0.015968
0.015748
0.015659
0.015492
0.015227
0.014956
0.014672
0.014383
0.015925
0.015599
0.015443
0.015401
0.015128
0.014882
0.014611
0.014449
0.020005
0.019427
0.019584
0.020800
0.020855
0.021496
0.021286
0.021532
0.021246
0.022803
0.022552
0.023128
0.022758
0.022783
0.022635
0.022317
0.022317
0.022027
0.022937
0.023700
0.025473
0.025233
0.025160
0.024859
0.024778
0.025015
0.024747
0.024509
0.024238
0.023957
0.024009
0.023713
0.023422
0.023089
0.022756
0.022411
0.022274
0.022257
0.021954
0.021646
0.021357
0.021146
0.021002
0.020851
0.020693
0.020530
0.020443
0.020270
0.020184
0.020051
0.019893
0.019807
0.019652
0.019496
0.019399
0.020158
0.019961
0.020551
0.020467
0.020361
0.020198
0.020268
0.020112
0.019988
0.019956
0.019819
0.019673
0.019696
0.019669
0.019630
0.019595
0.019611
0.019614
0.019682
0.019597
0.019473
0.019372
0.019224
0.019123
0.018965
0.018832
0.018664
0.018492
0.018314
0.031322
0.030520
0.031367
0.030966
0.030953
0.030783
0.030944
0.030662
0.030381
0.030017
0.029646
0.029222
0.028767
0.028558
0.028042
0.027529
0.027907
0.028137
0.027611
0.027198
0.026666
0.029048
0.028646
0.028522
0.028186
0.027817
0.027432
0.027045
0.026641
0.026238
0.026845
0.026686
0.026337
0.025874
0.025532
0.025086
0.024638
0.035370
0.035230
0.035727
0.035578
0.035504
0.036062
0.035921
0.035758
0.036189
0.035958
0.035715
0.035500
0.035416
0.035253
0.035050
0.034804
0.034520
0.034199
0.033843
0.033455
0.033426
0.033014
0.032608
0.032156
0.031713
0.031217
0.030702
0.030183
0.029628
0.029400
0.028814
0.028249
0.027645
0.027040
0.026422
0.025796
0.025162
0.024596
0.023948
0.024278
0.025414
0.024754
0.024575
0.023915
0.023340
0.022915
0.022337
0.021804
0.021452
0.020901
0.020575
0.020538
0.020211
0.021094
0.020898
0.020639
0.021400
0.021198
0.021058
0.021090
0.020885
0.020735
0.020593
0.020412
0.020292
0.020080
0.020522
0.020341
0.024199
0.023910
0.024281
0.024084
0.024091
0.023853
0.024118
0.024007
0.023915
0.024011
0.023723
0.023986
0.023844
0.023647
0.023434
0.023210
0.022969
0.022864
0.022644
0.022563
0.022511
0.022261
0.022021
0.021757
0.021488
0.021217
0.022409
0.022290
0.022373
0.023962
0.024199
0.024308
0.024093
0.023931
0.023846
0.023629
0.024714
0.024571
0.024459
0.024370
0.024210
0.024034
0.024139
0.024675
0.024488
0.024328
0.024115
0.023903
0.023888
0.023647
0.024238
0.023997
0.023884
0.024524
0.024295
0.024112
0.023871
0.023632
0.023374
0.023104
0.022825
0.022545
0.022283
0.022192
0.022007
0.021725
0.021543
0.021428
0.021125
0.020832
0.020708
0.020386
0.020087
0.019780
0.019474
0.019166
0.019073
0.018776
0.018477
0.018315
0.018000
0.018197
0.017858
0.017580
0.017277
0.017079
0.016759
0.016661
0.016339
0.016052
0.015733
0.015420
0.015114
0.014817
0.014539
0.014327
0.014077
0.015170
0.015012
0.014863
0.014645
0.014427
0.014644
0.014461
0.014301
0.014135
0.014304
0.014120
0.014468
0.014340
0.014257
0.014437
0.014338
0.014246
0.014134
0.014021
0.014188
0.014060
0.014012
0.013924
0.013799
0.013670
0.013543
0.013415
0.013296
0.013165
0.013720
0.013698
0.013604
0.013543
0.013488
0.013429
0.013321
0.024186
0.023734
0.024463
0.024144
0.024203
0.024053
0.023899
0.024494
0.024448
0.024319
0.024240
0.024534
0.024293
0.024117
0.025995
0.025668
0.025506
0.025136
0.024796
0.024545
0.024441
0.024062
0.023679
0.023266
0.022847
0.022501
0.022064
0.021687
0.024300
0.023896
0.024013
0.023671
0.023300
0.022889
0.022836
0.022457
0.022443
0.022027
0.021629
0.021449
0.021001
0.020774
0.020403
0.019958
0.019530
0.019074
0.018674
0.018404
0.018123
0.019520
0.019241
0.019091
0.018829
0.019093
0.018824
0.018816
0.019215
0.019026
0.018856
0.018689
0.018794
0.018612
0.019295
0.019394
0.019296
0.019106
0.019023
0.018827
0.018642
0.018576
0.018715
0.018547
0.018395
0.018335
0.018156
0.018369
0.020059
0.019798
0.019848
0.019683
0.019578
0.019429
0.019281
0.019123
0.020615
0.021400
0.021380
0.021323
0.021186
0.021729
0.021548
0.021470
0.021577
0.021409
0.021245
0.021050
0.020855
0.020825
0.020686
0.020519
0.020317
0.020747
0.020504
0.020335
0.020846
0.020784
0.020617
0.020436
0.020680
0.020463
0.020288
0.020161
0.019965
0.019782
0.019773
0.019585
0.019395
0.019194
0.019114
0.018899
0.018694
0.018670
0.018463
0.018263
0.018051
0.018054
0.018012
0.018949
0.018765
0.018993
0.018815
0.018692
0.019509
0.019342
0.019256
0.019378
0.019236
0.019170
0.019033
0.019296
0.019131
0.019303
0.019407
0.020258
0.020124
0.020116
0.019985
0.019915
0.019885
0.019746
0.019603
0.019444
0.019278
0.019103
0.018962
0.018772
0.018592
0.018454
0.018276
0.018355
0.018536
0.018368
0.018232
0.018069
0.017920
0.017759
0.017632
0.017512
0.017676
0.017618
0.017496
0.017705
0.018800
0.018573
0.018519
0.018959
0.018836
0.018732
0.018757
0.018635
0.018527
0.021876
0.022244
0.023029
0.023047
0.023106
0.023130
0.023138
0.023119
0.023086
0.023077
0.023468
0.023392
0.023549
0.023630
0.023583
0.023623
0.023647
0.023579
0.023500
0.023861
0.023834
0.023908
0.023819
0.023757
0.023657
0.023581
0.023487
0.023368
0.023296
0.023320
0.023266
0.023167
0.023228
0.023110
0.023001
0.023465
0.023708
0.023641
0.023526
0.024058
0.024062
0.023985
0.023830
0.023694
0.023608
0.023442
0.023382
0.023207
0.023039
0.023042
0.022852
0.022760
0.023021
0.022823
0.022796
0.022604
0.022667
0.027488
0.027255
0.027600
0.027552
0.027596
0.027528
0.027488
0.027388
0.027177
0.026946
0.026851
0.026613
0.026332
0.027043
0.026823
0.026665
0.026431
0.026232
0.026139
0.027327
0.027196
0.027233
0.027106
0.026970
0.027128
0.027007
0.026999
0.026903
0.026764
0.026704
0.026625
0.026710
0.026679
0.026499
0.027283
0.027491
0.027594
0.027390
0.027211
0.027001
0.026788
0.026752
0.027030
0.027072
0.026986
0.026820
0.032654
0.032182
0.032453
0.032489
0.032545
0.032361
0.032143
0.031891
0.031749
0.031458
0.031182
0.030917
0.030575
0.030199
0.029807
0.029395
0.029038
0.028780
0.028333
0.029208
0.029446
0.029047
0.028718
0.028895
0.028487
0.028132
0.027722
0.027336
0.027177
0.026772
0.026442
0.026357
0.025979
0.025586
0.025420
0.025256
0.025318
0.026897
0.026590
0.028289
0.027981
0.027910
0.027876
0.027755
0.028115
0.027927
0.027782
0.027601
0.027383
0.027143
0.026885
0.026950
0.026658
0.026379
0.026567
0.026296
0.026039
0.026029
0.025746
0.025494
0.025229
0.025419
0.025167
0.024927
0.024780
0.024717
0.024518
0.024460
0.024172
0.023954
0.023665
0.023383
0.023345
0.023904
0.023935
0.023933
0.023729
0.023522
0.023851
0.023938
0.023795
0.023776
0.023610
0.023934
0.023858
0.023802
0.023768
0.023698
0.023622
0.025306
0.025141
0.025191
0.025071
0.024991
0.025202
0.025416
0.025373
0.026602
0.026480
0.027229
0.027162
0.027193
0.027309
0.027288
0.027883
0.027826
0.027875
0.027832
0.027808
0.028053
0.028011
0.027968
0.027907
0.027914
0.027837
0.027816
0.027720
0.027624
0.027823
0.027735
0.027826
0.027714
0.027774
0.027638
0.027520
0.027651
0.027521
0.027660
0.027970
0.027859
0.027890
0.027760
0.027627
0.027474
0.053149
0.050981
0.053119
0.051856
0.052264
0.052555
0.052225
0.051596
0.050895
0.050099
0.049291
0.048571
0.047829
0.047078
0.047890
0.047108
0.046366
0.045238
0.044663
0.043538
0.042942
0.041863
0.040768
0.039637
0.038548
0.037682
0.036571
0.035892
0.034811
0.033790
0.032883
0.032035
0.032049
0.031098
0.030264
0.029408
0.028798
0.028884
0.028644
0.028420
0.028266
0.028008
0.027825
0.027632
0.027373
0.027216
0.026964
0.026714
0.041029
0.039679
0.041002
0.040231
0.040085
0.039600
0.039383
0.038883
0.038360
0.038728
0.038141
0.037561
0.036979
0.036310
0.035619
0.034926
0.034187
0.041155
0.040013
0.039836
0.038995
0.038311
0.037523
0.036993
0.047596
0.045998
0.046155
0.046526
0.045703
0.046712
0.045839
0.045702
0.044766
0.043899
0.046415
0.045472
0.045526
0.044923
0.044472
0.044224
0.043662
0.043273
0.042819
0.042587
0.041988
0.041273
0.040509
0.039789
0.039107
0.038350
0.039467
0.038858
0.038365
0.037693
0.037119
0.036449
0.035806
0.036527
0.035748
0.035712
0.035002
0.034575
0.034758
0.034925
0.034634
0.034475
0.034369
0.034058
0.033721
0.037502
0.037125
0.037520
0.037273
0.037104
0.036818
0.036531
0.036286
0.035944
0.035947
0.038042
0.037783
0.037758
0.037911
0.037682
0.037473
0.037477
0.037176
0.037349
0.037283
0.036995
0.036689
0.036726
0.036460
0.036141
0.035830
0.035531
0.035956
0.035669
0.035380
0.045089
0.045006
0.045492
0.044897
0.044586
0.044093
0.043652
0.049677
0.051558
0.053519
0.053304
0.052949
0.055723
0.055308
0.054959
0.055244
0.054850
0.054420
0.053903
0.053362
0.052782
0.052246
0.051663
0.051016
0.050386
0.049753
0.049100
0.048567
0.047882
0.047246
0.049367
0.049143
0.048604
0.048251
0.047782
0.047358
0.046897
0.046442
0.046016
0.045566
0.046001
0.045711
0.045407
0.045345
0.044975
0.044766
0.044420
0.044245
0.043885
0.044598
0.045198
0.044944
0.044730
0.044654
0.044874
0.045230
0.045206
0.045069
0.044898
0.045146
0.044979
0.044941
0.044719
0.044520
0.044261
0.044210
0.043921
0.044044
0.045540
0.045198
0.045058
0.044891
0.044581
0.044249
0.043885
0.043743
0.043345
0.046232
0.045532
0.045349
0.044730
0.044243
0.043992
0.049652
0.049111
0.049004
0.048768
0.048347
0.052175
0.051550
0.051441
0.050873
0.050436
0.049987
0.049616
0.049023
0.050401
0.049931
0.049605
0.049140
0.048705
0.048227
0.047830
0.048396
0.047990
0.047710
0.047249
0.046825
0.046373
0.045917
0.045483
0.045097
0.044662
0.044307
0.044211
0.043876
0.044550
0.045205
0.044957
0.044912
0.044663
0.046046
0.045674
0.045555
0.045216
0.044936
0.056464
0.055720
0.056589
0.056051
0.056337
0.056385
0.056068
0.055662
0.055235
0.054826
0.054608
0.054104
0.054190
0.053694
0.053142
0.053176
0.052656
0.052076
0.052221
0.051642
0.051051
0.050473
0.050047
0.049404
0.048911
0.048232
0.047640
0.046931
0.046233
0.045610
0.044900
0.044210
0.043592
0.042886
0.042206
0.042144
0.041709
0.041321
0.040903
0.040427
0.042750
0.042239
0.042259
0.042383
0.042893
0.042630
0.042714
0.042574
0.042379
0.042170
0.041947
0.042221
0.041880
0.041588
0.041361
0.041009
0.040639
0.040452
0.040045
0.039658
0.039233
0.038804
0.038510
0.038104
0.037926
0.037900
0.037527
0.037109
0.036660
0.036234
0.035984
0.035593
0.035188
0.034775
0.034306
0.033829
0.033395
0.032918
0.032969
0.032479
0.032028
0.031560
0.031124
0.030692
0.030574
