0.009603
0.009575
0.009703
0.010001
0.009949
0.009913
0.009887
0.009953
0.009955
0.009907
0.009854
0.009848
0.009838
0.009928
0.009892
0.009836
0.009866
0.009857
0.010122
0.010054
0.010071
0.010032
0.009979
0.009918
0.009893
0.009827
0.009762
0.009695
0.009625
0.009567
0.009512
0.009454
0.009452
0.009391
0.009335
0.009316
0.009256
0.009317
0.009305
0.009253
0.009198
0.009319
0.009355
0.009314
0.009258
0.009200
0.009504
0.009433
0.009407
0.009768
0.009736
0.009706
0.009666
0.009695
0.009642
0.009588
0.009571
0.009503
0.009439
0.009507
0.009428
0.009361
0.009530
0.009738
0.009652
0.009580
0.009538
0.009457
0.009444
0.009342
0.009416
0.009392
0.009343
0.009540
0.009425
0.009349
0.009285
0.009205
0.009096
0.009282
0.009151
0.009052
0.008962
0.008841
0.008817
0.008700
0.008780
0.008657
0.008551
0.008443
0.008325
0.008206
0.008163
0.008054
0.007942
0.007831
0.007717
0.007635
0.008658
0.008691
0.008721
0.008691
0.008620
0.008541
0.008456
0.008366
0.008277
0.008178
0.008180
0.008090
0.008196
0.008078
0.008091
0.008096
0.008020
0.007927
0.007918
0.007806
0.007703
0.007589
0.007475
0.007358
0.007237
0.007122
0.007150
0.007036
0.006941
0.007044
0.006952
0.007098
0.006991
0.006899
0.006791
0.006726
0.006616
0.006596
0.006542
0.006433
0.006324
0.006256
0.006142
0.006124
0.006062
0.006017
0.005910
0.005815
0.005731
0.005627
0.005614
0.005558
0.005617
0.006209
0.006122
0.006128
0.006048
0.005986
0.006048
0.005971
0.005901
0.005819
0.005735
0.005670
0.005620
0.005589
0.005494
0.007696
0.007565
0.007675
0.007611
0.007573
0.007540
0.007947
0.007888
0.007819
0.007701
0.007586
0.007458
0.007371
0.007252
0.007217
0.007126
0.007158
0.007001
0.006865
0.006703
0.006656
0.006494
0.006336
0.006258
0.006171
0.006082
0.005918
0.005763
0.005616
0.005485
0.005375
0.005254
0.005153
0.005018
0.004889
0.004757
0.004663
0.004548
0.004424
0.004327
0.004349
0.004224
0.004148
0.004084
0.004023
0.003960
0.003936
0.003876
0.003823
0.003785
0.003732
0.003679
0.003626
0.003572
0.009490
0.009145
0.009553
0.009459
0.009499
0.009443
0.009417
0.009334
0.009234
0.009206
0.009070
0.008927
0.008762
0.008662
0.008491
0.008296
0.008183
0.008044
0.007820
0.007593
0.007354
0.007117
0.006891
0.006642
0.006916
0.006640
0.006428
0.006165
0.005922
0.005704
0.005465
0.005220
0.004997
0.004758
0.004522
0.004291
0.004062
0.003883
0.006285
0.006145
0.006357
0.006296
0.006236
0.006199
0.006188
0.006204
0.006189
0.006151
0.006101
0.006253
0.006235
0.006224
0.006614
0.006505
0.006457
0.008344
0.008155
0.008244
0.008147
0.008046
0.008237
0.008158
0.008093
0.008192
0.008086
0.008050
0.008038
0.008022
0.007962
0.007903
0.008031
0.007931
0.007874
0.007788
0.007756
0.007651
0.007553
0.007565
0.007455
0.007354
0.007243
0.007310
0.007214
0.007150
0.007039
0.007296
0.007221
0.007149
0.007241
0.007229
0.007337
0.008589
0.008535
0.008632
0.008610
0.010814
0.010926
0.011124
0.011186
0.011253
0.011374
0.011408
0.011434
0.011443
0.011569
0.011742
0.011743
0.011785
0.011760
0.011734
0.011692
0.011646
0.011755
0.011685
0.011654
0.011571
0.011509
0.011413
0.011341
0.011230
0.011116
0.011103
0.010976
0.010852
0.010908
0.010758
0.010629
0.010521
0.010372
0.010247
0.010310
0.010264
0.010430
0.010876
0.010740
0.010661
0.010564
0.010442
0.010304
0.010166
0.010015
0.009863
0.009701
0.009595
0.009724
0.009548
0.009416
0.009286
0.009115
0.008941
0.008760
0.008590
0.008401
0.008212
0.008020
0.007874
0.007707
0.008660
0.008620
0.008620
0.010149
0.010521
0.010649
0.010806
0.010807
0.010836
0.010820
0.010896
0.010902
0.010869
0.010827
0.010776
0.010718
0.010666
0.010595
0.010686
0.010673
0.010623
0.010660
0.010613
0.010544
0.010471
0.010390
0.010383
0.010331
0.010250
0.010164
0.010087
0.009991
0.009892
0.009819
0.009728
0.009629
0.009881
0.009872
0.009814
0.009758
0.009672
0.009667
0.009596
0.009516
0.009432
0.009348
0.009470
0.009401
0.009372
0.009301
0.009696
0.009685
0.009654
0.009597
0.009544
0.009593
0.009534
0.009483
0.009426
0.009375
0.009325
0.009386
0.009373
0.009326
0.009271
0.009224
0.009165
0.009103
0.009039
0.008971
0.009340
0.009284
0.009257
0.009486
0.009438
0.009393
0.009340
0.009317
0.009267
0.009542
0.009629
0.009682
0.009630
0.009683
0.009648
0.009590
0.009523
0.009464
0.009390
0.009311
0.009227
0.009139
0.009112
0.009016
0.009096
0.009005
0.009143
0.009060
0.008981
0.009088
0.008994
0.008901
0.008785
0.008679
0.008607
0.008484
0.008593
0.008678
0.008600
0.008947
0.008801
0.008714
0.008589
0.008455
0.008314
0.008169
0.008144
0.007995
0.007853
0.007723
0.007582
0.007481
0.007433
0.007616
0.007525
0.007427
0.007319
0.007204
0.007090
0.006971
0.006849
0.006725
0.006598
0.006469
0.006339
0.006233
0.006116
0.006088
0.006008
0.005912
0.005816
0.005737
0.005636
0.005542
0.005673
0.005573
0.005497
0.005409
0.005352
0.005273
0.005194
0.005227
0.005350
0.005279
0.005229
0.005228
0.005160
0.005271
0.005206
0.005180
0.005120
0.005123
0.005060
0.005189
0.005133
0.005104
0.005103
0.005093
0.005562
0.005545
0.005544
0.005562
0.005517
0.005476
0.005502
0.005457
0.005464
0.005533
0.005761
0.006098
0.006055
0.006024
0.005973
0.005917
0.005879
0.010375
0.010303
0.010661
0.010531
0.010536
0.010887
0.010802
0.010860
0.010740
0.010626
0.010490
0.010334
0.010162
0.009985
0.009803
0.009659
0.009481
0.009496
0.009268
0.009048
0.008809
0.008587
0.008338
0.008090
0.007840
0.007615
0.007364
0.007218
0.007003
0.006751
0.006555
0.006305
0.006104
0.005921
0.005678
0.005447
0.005219
0.005025
0.004807
0.005908
0.005673
0.005777
0.005764
0.005730
0.005827
0.006775
0.006816
0.007080
0.007066
0.007059
0.007011
0.006991
0.006933
0.006868
0.006792
0.006709
0.006620
0.006553
0.006470
0.006367
0.006408
0.006286
0.006207
0.006080
0.010422
0.009950
0.010199
0.009878
0.009760
0.009667
0.009473
0.009292
0.009143
0.008912
0.008674
0.008602
0.009467
0.009322
0.009190
0.009037
0.008969
0.008818
0.008649
0.008740
0.008542
0.008415
0.008802
0.008579
0.008447
0.008266
0.008117
0.008220
0.008559
0.008542
0.008691
0.008594
0.008492
0.008370
0.008268
0.008313
0.008192
0.008101
0.007989
0.007884
0.007781
0.007660
0.007558
0.007496
0.007532
0.007817
0.007734
0.007716
0.009024
0.009173
0.009199
0.009304
0.009306
0.009322
0.009618
0.009606
0.009614
0.010847
0.010831
0.011281
0.011275
0.011323
0.011328
0.011401
0.011431
0.011858
0.011819
0.011832
0.011818
0.011845
0.011797
0.011750
0.011686
0.011624
0.011551
0.011581
0.011491
0.011401
0.013994
0.013912
0.014216
0.014202
0.014376
0.014375
0.014367
0.014426
0.014395
0.014655
0.014591
0.014562
0.014503
0.014434
0.014355
0.014671
0.014576
0.014507
0.014523
0.014417
0.014329
0.014223
0.015359
0.015208
0.015233
0.015113
0.015023
0.014909
0.014826
0.014702
0.014574
0.014435
0.014303
0.014178
0.014156
0.014014
0.013879
0.018597
0.020743
0.021208
0.021592
0.021701
0.021979
0.022116
0.022192
0.022245
0.022288
0.022306
0.022295
0.022261
0.022215
0.022447
0.022411
0.022376
0.022454
0.022596
0.022605
0.022547
0.022463
0.022404
0.022384
0.022311
0.022203
0.022129
0.022039
0.022221
0.022161
0.022107
0.022050
0.021981
0.021906
0.025724
0.025816
0.026110
0.026230
0.028535
0.028627
0.028939
0.029083
0.029371
0.029505
0.029668
0.030124
0.030527
0.030693
0.030784
0.030856
0.030910
0.030948
0.030975
0.030987
0.031026
0.031018
0.031028
0.030996
0.031852
0.031959
0.033053
0.033574
0.033670
0.033772
0.034146
0.034216
0.037087
0.037223
0.037482
0.037599
0.037763
0.037874
0.038022
0.038145
0.038338
0.038570
0.039404
0.039462
0.039537
0.039603
0.039630
0.039640
0.039744
0.041344
0.041246
0.041474
0.041393
0.041393
0.041366
0.041298
0.041423
0.041355
0.041296
0.041186
0.041070
0.040942
0.040813
0.040665
0.040497
0.040329
0.040136
0.039953
0.039770
0.039559
0.039441
0.039218
0.038985
0.038746
0.038521
0.038325
0.038343
0.038100
0.037860
0.038229
0.037996
0.037866
0.037628
0.037397
0.039208
0.038709
0.038621
0.038371
0.038107
0.037899
0.038791
0.038802
0.038599
0.038395
0.038130
0.037859
0.037569
0.037410
0.037617
0.037359
0.037131
0.037029
0.036794
0.036557
0.036317
0.036080
0.035843
0.035583
0.035317
0.035205
0.034912
0.034771
0.034485
0.034689
0.034463
0.034916
0.034655
0.034521
0.034273
0.034204
0.033964
0.033832
0.033584
0.033346
0.034910
0.034924
0.035724
0.035486
0.035379
0.035260
0.035064
0.034865
0.034633
0.034394
0.034192
0.034118
0.033845
0.033612
0.033376
0.033762
0.033516
0.033311
0.033029
0.032845
0.032545
0.032302
0.031986
0.031670
0.031412
0.031076
0.030933
0.030626
0.030425
0.033369
0.035871
0.036016
0.036591
0.036424
0.036441
0.036304
0.036165
0.036005
0.035853
0.035728
0.035528
0.035339
0.035153
0.034955
0.034872
0.034683
0.034588
0.034330
0.034069
0.034104
0.033870
0.033624
0.033741
0.033846
0.033565
0.033293
0.033059
0.033068
0.032740
0.032461
0.033881
0.034316
0.034110
0.034976
0.034797
0.034656
0.034463
0.034396
0.034633
0.034446
0.034352
0.034134
0.034316
0.034490
0.034306
0.035621
0.035424
0.035320
0.035130
0.034921
0.035684
0.035683
0.035550
0.035368
0.035199
0.035276
0.035212
0.035177
0.034991
0.034770
0.034533
0.034291
0.034092
0.033820
0.033542
0.033378
0.033858
0.033558
0.033326
0.035482
0.035146
0.035399
0.035091
0.035442
0.035239
0.035498
0.035316
0.035127
0.034891
0.034655
0.034407
0.034150
0.034124
0.033852
0.034671
0.034435
0.034513
0.034281
0.034450
0.034703
0.034511
0.037128
0.037612
0.037664
0.037662
0.037642
0.037630
0.037841
0.037779
0.038352
0.038421
0.038497
0.038376
0.038490
0.039256
0.039377
0.039370
0.039344
0.039295
0.039397
0.039293
0.039226
0.039120
0.039073
0.038990
0.038844
0.038698
0.038797
0.038800
0.040898
0.040709
0.040686
0.040540
0.040706
0.040521
0.040365
0.040242
0.040418
0.040180
0.040001
0.039745
0.039492
0.039284
0.039104
0.038831
0.038551
0.038256
0.037958
0.037850
0.037541
0.037570
0.037274
0.037208
0.036883
0.036578
0.036276
0.036238
0.035923
0.035603
0.035391
0.035069
0.034777
0.036388
0.036151
0.036055
0.035789
0.036600
0.036638
0.036449
0.036190
0.037732
0.037446
0.038856
0.038668
0.038792
0.038715
0.038519
0.038308
0.038076
0.037990
0.038044
0.037770
0.037507
0.037215
0.038065
0.037860
0.037657
0.037398
0.037190
0.036896
0.036960
0.036658
0.036702
0.036468
0.036761
0.036436
0.036347
0.036008
0.036888
0.036580
0.036336
0.036240
0.036106
0.035837
0.035568
0.035273
0.035161
0.035005
0.034754
0.034482
0.034268
0.034673
0.034418
0.034552
0.034285
0.034273
0.034087
0.033887
0.033779
0.033553
0.033328
0.033117
0.033027
0.032767
0.032689
0.032590
0.033068
0.032787
0.032585
0.034169
0.034817
0.034664
0.035092
0.034949
0.034835
0.034655
0.034620
0.034549
0.034358
0.036100
0.036065
0.035977
0.035949
0.036105
0.035958
0.035778
0.035786
0.035612
0.035455
0.035445
0.035307
0.035189
0.035061
0.034936
0.034807
0.034671
0.034545
0.036035
0.035818
0.035869
0.035869
0.035744
0.035662
0.035668
0.035550
0.035656
0.035836
0.035847
0.035776
0.035675
0.035550
0.035424
0.035315
0.035170
0.035056
0.036116
0.036393
0.036373
0.036294
0.036227
0.036226
0.036486
0.037594
0.037422
0.037357
0.037521
0.037432
0.037294
0.037128
0.037033
0.036869
0.036677
0.036738
0.036556
0.036373
0.036203
0.035993
0.036612
0.036388
0.036361
0.036214
0.036391
0.036263
0.036101
0.035914
0.035798
0.035599
0.035406
0.035190
0.034973
0.035822
0.036225
0.036119
0.036004
0.035832
0.035659
0.035479
0.035294
0.035889
0.035696
0.035579
0.036066
0.036152
0.036025
0.035887
0.035725
0.035559
0.035380
0.035195
0.035138
0.034931
0.035165
0.034973
0.034794
0.034709
0.034496
0.034308
0.034120
0.034060
0.033827
0.033678
0.033560
0.042784
0.042027
0.042615
0.042497
0.042453
0.042112
0.042372
0.042407
0.042078
0.041842
0.041434
0.041282
0.040808
0.040332
0.039816
0.039783
0.039925
0.039501
0.039025
0.038506
0.038698
0.038418
0.038023
0.037519
0.037085
0.036562
0.036054
0.035548
0.035054
0.034551
0.034050
0.040259
0.039902
0.040091
0.040770
0.040749
0.040525
0.040215
0.039900
0.039555
0.039290
0.039175
0.038803
0.039089
0.038974
0.038613
0.038239
0.037828
0.037697
0.037266
0.036957
0.036719
0.036293
0.036288
0.035834
0.035415
0.035181
0.036091
0.035603
0.035279
0.034848
0.035044
0.034629
0.034229
0.033868
0.033463
0.033196
0.032905
0.032532
0.032134
0.035601
0.035076
0.035094
0.034671
0.034632
0.034757
0.034950
0.034776
0.034549
0.034314
0.034406
0.034171
0.033929
0.033838
0.033582
0.033321
0.033489
0.033244
0.033078
0.032812
0.032772
0.032998
0.033003
0.033005
0.032876
0.032982
0.032715
0.032487
0.032372
0.032097
0.032381
0.032152
0.032072
0.031876
0.031681
0.031435
0.031193
0.031023
0.030827
0.030643
0.030410
0.030604
0.030438
0.030270
0.030093
0.029928
0.029744
0.029610
0.029430
0.029275
0.029111
0.029086
0.029013
0.028855
0.028759
0.028589
0.028437
0.028262
0.028421
0.028445
0.028294
0.028112
0.028012
0.028303
0.028282
0.028128
0.029329
0.029243
0.029609
0.029476
0.029384
0.029397
0.030837
0.030742
0.030730
0.031019
0.031115
0.031200
0.031311
0.031266
0.031222
0.031137
0.031049
0.030954
0.031137
0.031108
0.031035
0.031073
0.031061
0.030966
0.030986
0.030869
0.030955
0.030872
0.030766
0.030648
0.030526
0.030581
0.030437
0.030657
0.030567
0.030478
0.030324
0.030174
0.030100
0.029938
0.029832
0.029736
0.029682
0.029489
0.029307
0.029109
0.028909
0.028704
0.028521
0.028323
0.028209
0.028255
0.028095
0.027889
0.027680
0.027740
0.027526
0.027339
0.027838
0.027716
0.027569
0.027382
0.027212
0.027081
0.027034
0.028183
0.028019
0.027928
0.027815
0.027662
0.027547
0.027378
0.027206
0.027024
0.026836
0.028102
0.028040
0.027963
0.027793
0.027603
0.027503
0.027512
0.027288
0.027070
0.026854
0.026644
0.026391
0.026131
0.025862
0.025591
0.025721
0.025442
0.025191
0.024909
0.024632
0.024346
0.024133
0.023861
0.023576
0.023352
0.023562
0.023304
0.023621
0.023364
0.023292
0.023798
0.023607
0.023614
0.023730
0.023560
0.023411
0.023361
0.023190
0.023082
0.022909
0.023120
0.023111
0.022988
0.023013
0.022871
0.022805
0.022707
0.025194
0.024903
0.025025
0.024817
0.024724
0.024567
0.024427
0.024255
0.024135
0.023946
0.023829
0.023642
0.023943
0.023721
0.023555
0.023343
0.023145
0.022956
0.022845
0.022635
0.022438
0.022223
0.022159
0.021974
0.021871
0.021654
0.021451
0.021266
0.021673
0.021490
0.021329
0.021165
0.021072
0.021048
0.020996
0.020873
0.020846
0.020682
0.020539
0.022085
0.021948
0.021919
0.021783
0.021817
0.021686
0.021805
0.021839
0.021804
0.021683
0.021603
0.021474
0.021371
0.021234
0.021093
0.020953
0.020812
0.020702
0.020552
0.020536
0.020586
0.020432
0.020832
0.020638
0.020542
0.020472
0.020331
0.020197
0.020058
0.019919
0.019776
0.020220
0.020145
0.020036
0.019959
0.019816
0.019674
0.019658
0.019532
0.020114
0.019959
0.019865
0.019705
0.019600
0.019498
0.019344
0.019217
0.019119
0.018983
0.018821
0.018660
0.018499
0.018329
0.018379
0.018337
0.018206
0.019294
0.019121
0.019064
0.019011
0.018885
0.018943
0.018813
0.018684
0.018724
0.018633
0.018494
0.018343
0.018417
0.018341
0.018198
0.018043
0.017882
0.017721
0.017560
0.017436
0.017267
0.017102
0.016987
0.016954
0.016791
0.016622
0.016547
0.016476
0.016316
0.016149
0.015986
0.015824
0.015775
0.015749
0.015594
0.015440
0.015313
0.015160
0.016544
0.016311
0.016313
0.016134
0.015993
0.015828
0.015688
0.015520
0.015343
0.015181
0.015020
0.014891
0.014742
0.014576
0.014451
0.016395
0.016186
0.016168
0.016025
0.015933
0.015769
0.015586
0.015545
0.015335
0.015587
0.015663
0.015500
0.015340
0.015160
0.015019
0.014829
0.014692
0.014499
0.014305
0.014146
0.014000
0.013817
0.013607
0.013394
0.013314
0.013117
0.012912
0.012743
0.012593
0.012416
0.012241
0.012064
0.011887
0.011781
0.011601
0.011425
0.011244
0.011065
0.010966
0.010975
0.010967
0.010858
0.010697
0.011013
0.011138
0.011071
0.010979
0.010923
0.010927
0.010894
0.010798
0.010724
0.010798
0.010768
0.010693
0.010629
0.010580
0.010762
0.011103
0.011074
0.011016
0.010935
0.010856
0.010771
0.010892
0.010830
0.010752
0.010703
0.010710
0.010631
0.010566
0.010493
0.011099
0.011022
0.011014
0.010923
0.010847
0.011130
0.011108
0.011140
0.011067
0.011006
0.010934
0.010860
0.010781
0.010697
0.010608
0.010514
0.010542
0.010452
0.010782
0.010769
0.010722
0.010647
0.010579
0.010516
0.010446
0.010366
0.010287
0.010240
0.010191
0.010360
0.010259
0.010198
0.010123
0.010032
0.011060
0.010977
0.010956
0.010928
0.010865
0.010794
0.010714
0.010629
0.010546
0.010507
0.010426
0.010335
0.010236
0.010140
0.010070
0.009965
0.010230
0.010126
0.011325
0.011279
0.011273
0.011148
0.011050
0.010934
0.010814
0.010688
0.010602
0.010468
0.010327
0.010178
0.010022
0.009870
0.010813
0.010775
0.010704
0.010559
0.010493
0.010351
0.010229
0.010183
0.010058
0.009946
0.009789
0.009628
0.009484
0.009327
0.009189
0.009745
0.009630
0.009511
0.010408
0.010259
0.010206
0.010193
0.010081
0.010153
0.010050
0.009938
0.009802
0.009664
0.010850
0.010687
0.010805
0.010849
0.010767
0.010655
0.010539
0.010471
0.010359
0.011155
0.010963
0.010887
0.010711
0.010586
0.010594
0.010429
0.010715
0.010554
0.010438
0.010298
0.010153
0.009994
0.009828
0.009760
0.009582
0.009405
0.009231
0.009038
0.009008
0.009494
0.010236
0.010048
0.011774
0.011899
0.011963
0.011900
0.011876
0.012086
0.012042
0.011995
0.011935
0.011854
0.011764
0.011919
0.011804
0.011843
0.011723
0.011625
0.011498
0.011406
0.011395
0.011255
0.011123
0.011059
0.010914
0.011159
0.011023
0.010899
0.011656
0.011527
0.011453
0.011295
0.011372
0.011367
0.011240
0.011129
0.010985
0.010852
0.010699
0.010546
0.010388
0.010269
0.011160
0.011137
0.011212
0.011082
0.010971
0.010842
0.010709
0.010567
0.010638
0.010517
0.010457
0.010356
0.010331
0.010179
0.010069
0.009912
0.009755
0.009602
0.009436
0.009267
0.009116
0.009077
0.008907
0.008743
0.008571
0.008492
0.008322
0.008170
0.008067
0.009078
0.008945
0.008898
0.008796
0.008687
0.008567
0.008630
0.008496
0.008392
0.008278
0.008279
0.008198
0.008101
0.007992
0.007883
0.007930
0.007841
0.007740
0.007635
0.007538
0.007508
0.007422
0.007897
0.007858
0.008010
0.008014
0.008077
0.008011
0.007955
0.008313
0.008249
0.008282
0.008229
0.008176
0.008117
0.008093
0.008026
0.008717
0.008700
0.008682
0.008952
0.008873
0.008833
0.008864
0.008807
0.008761
0.008757
0.008721
0.008647
0.008602
0.008608
0.008527
0.008467
0.008472
0.008578
0.008648
0.008904
0.008834
0.008813
0.008751
0.008686
0.008625
0.008553
0.008531
0.008479
0.008413
0.008359
0.008284
0.008212
0.008134
0.008066
0.007997
0.007936
0.007875
0.007945
0.007909
0.007886
0.009002
0.008851
0.008897
0.008783
0.009045
0.008985
0.008931
0.008855
0.008819
0.008832
0.008870
0.008814
0.008761
0.008822
0.008848
0.008796
0.008739
0.008863
0.009248
0.009180
0.009160
0.009097
0.009044
0.008984
0.008922
0.008867
0.008889
0.008821
0.008760
0.009052
0.009156
0.009933
0.009836
0.009861
0.009981
0.009944
0.009975
0.009949
0.009951
0.009912
0.009907
0.009881
0.009823
0.009760
0.009693
0.009899
0.009851
0.009804
0.009931
0.009872
0.009825
0.009764
0.009713
0.009648
0.009594
0.009577
0.009598
0.009612
0.009621
0.009651
0.009587
0.009526
0.009457
0.009388
0.009317
0.009264
0.009282
0.009230
0.009183
0.009165
0.009262
0.009220
0.009282
0.009252
0.009257
0.009226
0.009221
0.009908
0.009879
0.009890
0.009883
0.009874
0.010220
0.010189
0.010200
0.010173
0.010469
0.010453
0.010452
0.010425
0.010435
0.010403
0.010371
0.010331
0.010330
0.010279
0.010230
0.010187
0.010348
0.010294
0.010290
0.010241
0.010184
0.010125
0.010058
0.009988
0.009913
0.010204
0.010132
0.010088
0.010019
0.009979
0.009909
0.010012
0.009956
0.009903
0.009928
0.009894
0.009899
0.009858
0.009819
0.010231
0.010217
0.010263
0.010235
0.010221
0.010197
0.010173
0.010144
0.010117
0.010082
0.010044
0.010003
0.009959
0.009930
0.009881
0.010182
0.010119
0.010485
0.010442
0.010436
0.010401
0.010368
0.010355
0.010521
0.010551
0.010516
0.013172
0.013133
0.013290
0.013283
0.013312
0.013320
0.013430
0.013403
0.013381
0.013454
0.013409
0.013353
0.013555
0.014215
0.014157
0.014134
0.014063
0.013994
0.013911
0.013820
0.013750
0.013638
0.013527
0.013400
0.013298
0.013159
0.013016
0.012919
0.012778
0.012721
0.012563
0.012431
0.012275
0.012154
0.011995
0.011835
0.012043
0.011872
0.011773
0.011607
0.011453
0.011292
0.011131
0.010978
0.010816
0.010654
0.010491
0.010329
0.010617
0.010486
0.010433
0.010367
0.010335
0.010251
0.010171
0.010085
0.009997
0.009907
0.009815
0.009775
0.009717
0.009626
0.009630
0.009582
0.009517
0.009453
0.009376
0.009625
0.009571
0.009518
0.009461
0.009404
0.009417
0.009378
0.009362
0.009360
0.009307
0.009260
0.009209
0.009277
0.009233
0.010000
0.010254
0.010259
0.010446
0.010463
0.010740
0.010722
0.010722
0.011135
0.011096
0.011103
0.011064
0.011038
0.011001
0.010960
0.011080
0.011031
0.010987
0.010923
0.010858
0.010790
0.010717
0.010997
0.011125
0.011052
0.010987
0.010889
0.010924
0.010883
0.010778
0.010665
0.010542
0.011476
0.011414
0.011360
0.011282
0.011187
0.011067
0.010942
0.011373
0.011305
0.011266
0.011177
0.011076
0.011009
0.011002
0.010915
0.010806
0.011007
0.010880
0.010851
0.010857
0.010812
0.010708
0.010649
0.011423
0.011627
0.011687
0.012488
0.012660
0.012689
0.012605
0.012526
0.012700
0.012593
0.012899
0.013203
0.013132
0.013075
0.013414
0.013374
0.013275
0.013160
0.013032
0.012897
0.012754
0.013713
0.013576
0.013521
0.013372
0.013330
0.013185
0.013044
0.012962
0.012801
0.012667
0.012896
0.012705
0.012559
0.012378
0.012257
0.012071
0.012191
0.012116
0.011947
0.011855
0.011671
0.011608
0.011428
0.011532
0.011357
0.011238
0.011502
0.011364
0.011240
0.011086
0.010949
0.010830
0.010674
0.010521
0.010359
0.010195
0.010028
0.009874
0.009728
0.009619
0.009469
0.009583
0.009707
0.009586
0.009454
0.009311
0.009167
0.009032
0.009215
0.009061
0.008983
0.008836
0.009102
0.008931
0.009357
0.009207
0.009109
0.008968
0.008836
0.008694
0.008549
0.009167
0.008959
0.008872
0.009031
0.008872
0.008726
0.009410
0.009225
0.009139
0.008967
0.008829
0.008664
0.008676
0.008503
0.008338
0.008178
0.008623
0.008447
0.008306
0.008575
0.008391
0.008244
0.008181
0.008113
0.007933
0.007825
0.007651
0.007465
0.007383
0.007200
0.007011
0.006811
0.006714
0.006661
0.006628
0.006892
0.006716
0.006834
0.006707
0.006712
0.006964
0.006843
0.006795
0.006781
0.006670
0.006575
0.006538
0.006511
0.006407
0.006343
0.006395
0.006337
0.006241
0.006321
0.006208
0.006175
0.006062
0.006105
0.006021
0.006094
0.007016
0.007002
0.007035
0.007184
0.007209
0.007138
0.007057
0.006966
0.007088
0.007013
0.006967
0.006933
0.006915
0.006835
0.006759
0.006675
0.006589
0.006974
0.006990
0.006934
0.006827
0.006730
0.006697
0.006676
0.006575
0.006510
0.006404
0.006299
0.006188
0.006126
0.006098
0.006125
0.006031
0.005933
0.005834
0.005868
0.005762
0.005669
0.005618
0.005741
0.005650
0.005965
0.006104
0.006169
0.006103
0.006110
0.006199
0.006245
0.006190
0.006129
0.006064
0.005996
0.005925
0.005851
0.005772
0.005688
0.005664
0.005675
0.005626
0.005622
0.005543
0.005824
0.005727
0.005707
0.005617
0.005562
0.005755
0.005709
0.005834
0.005748
0.006075
0.005961
0.005911
0.005882
0.005804
0.005718
0.005693
0.005673
0.005638
0.005542
0.005488
0.005409
0.005319
0.005787
0.005673
0.005720
0.005635
0.005757
0.006158
0.006306
0.006773
0.006751
0.006963
0.006933
0.007006
0.007018
0.006974
0.006916
0.006852
0.006798
0.006728
0.006712
0.006688
0.006664
0.006868
0.006788
0.006723
0.006636
0.007131
0.007041
0.007004
0.006934
0.006862
0.006790
0.006852
0.006774
0.006701
0.006741
0.006979
0.007068
0.007011
0.006969
0.006880
0.006987
0.006982
0.006913
0.006823
0.006749
0.006656
0.006555
0.007035
0.006935
0.006879
0.006781
0.006782
0.006988
0.006964
0.006898
0.007001
0.006904
0.006973
0.006905
0.006836
0.006761
0.006791
0.006718
0.006667
0.006590
0.006485
0.007064
0.007207
0.007172
0.007098
0.007126
0.007050
0.006977
0.006894
0.007148
0.007058
0.007072
0.006987
0.006958
0.006871
0.006790
0.006904
0.007843
0.007750
0.007741
0.007711
0.007662
0.007666
0.007598
0.007534
0.007471
0.007985
0.007910
0.007892
0.008110
0.008051
0.008014
0.007953
0.008000
0.007998
0.008088
0.008016
0.008064
0.008196
0.008162
0.008219
0.008150
0.008090
0.008076
0.008156
0.008084
0.008017
0.007977
0.007904
0.007859
0.007797
0.007777
0.007830
0.007845
0.007768
0.008341
0.008366
0.008328
0.008266
0.008222
0.008171
0.008098
0.008092
0.008027
0.008025
0.007945
0.007866
0.008903
0.008851
0.008890
0.008831
0.008812
0.008793
0.008768
0.008711
0.008695
0.009011
0.009130
0.009100
0.009273
0.009274
0.009247
0.009213
0.009246
0.009200
0.009158
0.009224
0.009204
0.009158
0.009856
0.009867
0.010213
0.010446
0.010479
0.010763
0.010791
0.010836
0.010967
0.011008
0.011065
0.011093
0.011129
0.011186
0.011300
0.011332
0.011366
0.011380
0.011531
0.011834
0.011952
0.011980
0.012100
0.012166
0.012383
0.012384
0.012496
0.012623
0.012643
0.012664
0.012690
0.012729
0.012799
0.013120
0.013126
0.013194
0.013187
0.013365
0.013341
0.013504
0.013609
0.013620
0.014107
0.014071
0.014110
0.014080
0.014070
0.014056
0.014034
0.014007
0.013969
0.013928
0.014160
0.014116
0.014083
0.014029
0.013999
0.014357
0.014303
0.014423
0.014369
0.014326
0.014326
0.014285
0.014303
0.014288
0.014279
0.014234
0.014197
0.014136
0.014170
0.014225
0.014187
0.014244
0.014188
0.014142
0.014447
0.014422
0.014398
0.014369
0.014411
0.014381
0.014351
0.014320
0.014372
0.014347
0.014422
0.014388
0.014364
0.014327
0.014359
0.014336
0.014385
0.014341
0.014308
0.014318
0.014274
0.014311
0.014303
0.014256
0.014204
0.014147
0.014093
0.014030
0.013969
0.013904
0.013912
0.013851
0.013806
0.013733
0.013659
0.013581
0.013891
0.013974
0.013916
0.013860
0.014249
0.014172
0.014141
0.014480
0.014439
0.014412
0.014364
0.014313
0.014279
0.014313
0.014252
0.014231
0.014163
0.014108
0.014034
0.014088
0.014091
0.014033
0.014015
0.013979
0.014262
0.014350
0.014327
0.014287
0.014292
0.014261
0.014220
0.014209
0.014158
0.014111
0.014057
0.014004
0.013969
0.013948
0.013892
0.013838
0.013777
0.013727
0.013667
0.013608
0.013550
0.013908
0.013868
0.013853
0.013863
0.013817
0.013773
0.013721
0.013668
0.013611
0.013552
0.013511
0.013463
0.013403
0.015580
0.015535
0.015634
0.015578
0.015563
0.015529
0.015490
0.015439
0.015780
0.015705
0.015660
0.015578
0.015500
0.015488
0.015403
0.015618
0.015629
0.015554
0.015456
0.015356
0.015245
0.015173
0.015053
0.014936
0.014806
0.015024
0.014866
0.014748
0.014767
0.014632
0.014580
0.014440
0.014374
0.014243
0.014119
0.013984
0.013842
0.013836
0.013672
0.013524
0.013399
0.013524
0.013390
0.013298
0.013148
0.013008
0.013491
0.013399
0.013341
0.013239
0.013189
0.013195
0.013131
0.013136
0.013072
0.013009
0.012959
0.012895
0.012828
0.012757
0.012683
0.012606
0.012535
0.012454
0.012369
0.012281
0.012297
0.013086
0.013017
0.013140
0.013115
0.013250
0.013240
0.013185
0.013127
0.013056
0.012980
0.013340
0.013254
0.013207
0.013134
0.013056
0.012990
0.012905
0.012816
0.012758
0.012668
0.012574
0.012478
0.012379
0.012308
0.012423
0.012330
0.012245
0.012167
0.012632
0.012541
0.012498
0.012416
0.012343
0.012451
0.012449
0.012418
0.012355
0.012366
0.012469
0.012647
0.012675
0.013100
0.013137
0.013130
0.013065
0.013284
0.013307
0.013256
0.013201
0.013132
0.013066
0.012989
0.012907
0.012975
0.012904
0.012826
0.012764
0.012668
0.012581
0.012477
0.012369
0.012532
0.012432
0.012386
0.012285
0.012191
0.012122
0.012254
0.012149
0.012060
0.012052
0.012098
0.012056
0.011964
0.011864
0.011775
0.011692
0.011641
0.011545
0.011462
0.011362
0.011472
0.011436
0.011353
0.011262
0.011265
0.011168
0.011075
0.010973
0.010990
0.010881
0.010784
0.010677
0.010812
0.011033
0.011305
0.011650
0.011897
0.011859
0.011817
0.011847
0.011792
0.011726
0.011662
0.011586
0.011497
0.011623
0.011728
0.011651
0.011597
0.011543
0.011449
0.011353
0.011258
0.011254
0.011532
0.011431
0.011354
0.011479
0.011414
0.011325
0.011256
0.011214
0.011303
0.011241
0.011180
0.011070
0.010961
0.010847
0.010790
0.010699
0.010585
0.010494
0.010607
0.010533
0.010478
0.010370
0.010267
0.010174
0.010092
0.010063
0.009969
0.009882
0.009825
0.009732
0.010476
0.010408
0.010372
0.010355
0.010293
0.010232
0.010332
0.010252
0.010193
0.010115
0.010043
0.010066
0.009992
0.010050
0.009976
0.009911
0.009840
0.009845
0.009771
0.009710
0.009648
0.009585
0.009519
0.009474
0.009407
0.009367
0.009298
0.009255
0.009185
0.009115
0.009042
0.008966
0.009440
0.009369
0.009341
0.009300
0.009253
0.009199
0.009614
0.009529
0.009508
0.009533
0.009484
0.009431
0.009377
0.009689
0.009707
0.009670
0.009927
0.009932
0.009918
0.010014
0.009984
0.010031
0.009995
0.009957
0.009911
0.010155
0.010231
0.010200
0.010205
0.010155
0.010144
0.010141
0.010085
0.010186
0.010638
0.011054
0.011033
0.011040
0.011013
0.011034
0.011012
0.011150
0.011138
0.011126
0.011106
0.011083
0.011055
0.011024
0.010989
0.010951
0.011100
0.011080
0.011049
0.011016
0.011078
0.011039
0.011009
0.010968
0.010930
0.011134
0.011087
0.011080
0.011032
0.010990
0.011003
0.011063
0.011018
0.010973
0.010968
0.010977
0.010918
0.010884
0.010853
0.010790
0.010726
0.010676
0.010643
0.010571
0.010851
0.010892
0.010845
0.010794
0.010719
0.010639
0.010556
0.010501
0.010680
0.010608
0.011690
0.011846
0.011922
0.012140
0.012215
0.012247
0.012193
0.012147
0.012115
0.012090
0.012014
0.011962
0.012030
0.011942
0.012071
0.011988
0.011905
0.011814
0.011726
0.011627
0.011632
0.011527
0.011452
0.011473
0.011396
0.011422
0.011391
0.011290
0.011203
0.011155
0.011050
0.010954
0.010845
0.010760
0.010647
0.010616
0.010675
0.010596
0.010494
0.010426
0.010321
0.010239
0.010124
0.010009
0.009891
0.009792
0.009699
0.009722
0.009715
0.009608
0.009500
0.009822
0.009708
0.009631
0.009524
0.009451
0.009360
0.009262
0.009190
0.009083
0.009140
0.009029
0.008931
0.008966
0.008864
0.008762
0.008656
0.008623
0.008514
0.008462
0.008350
0.008289
0.008192
0.008096
0.007998
0.007899
0.008469
0.008359
0.008314
0.008259
0.008213
0.008357
0.008262
0.008187
0.008094
0.007997
0.007906
0.007803
0.007858
0.007774
0.007684
0.007580
0.007486
0.007380
0.007302
0.007192
0.007083
0.006985
0.006907
0.007013
0.006910
0.006824
0.006773
0.006677
0.006727
0.006629
0.006591
0.006497
0.006740
0.006649
0.006597
0.006513
0.006438
0.006360
0.006324
0.006244
0.006202
0.006236
0.006153
0.006165
0.006090
0.006100
0.006036
0.006120
0.006057
0.006027
0.005973
0.005967
0.005945
0.005893
0.005922
0.005909
0.005868
0.005817
0.005787
0.005788
0.005738
0.005691
0.005638
0.005827
0.005773
0.005736
0.005696
0.005646
0.006220
0.006155
0.006170
0.006496
0.006424
0.006403
0.006369
0.006378
0.006339
0.006326
0.006301
0.006264
0.006338
0.006279
0.006332
0.006635
0.006571
0.006576
0.006524
0.006471
0.006413
0.006346
0.006276
0.006216
0.006250
0.006222
0.006171
0.006370
0.006499
0.006443
0.006370
0.006285
0.006200
0.007644
0.007558
0.007584
0.007535
0.007480
0.007509
0.007438
0.007916
0.007823
0.007964
0.007904
0.007850
0.007786
0.007814
0.007756
0.007839
0.007873
0.007953
0.007884
0.007938
0.007903
0.007858
0.007789
0.007746
0.007673
0.007606
0.007531
0.007452
0.007369
0.007324
0.007263
0.007264
0.007167
0.007097
0.007019
0.007108
0.007026
0.007172
0.007084
0.007023
0.006927
0.006840
0.006749
0.006657
0.006637
0.006955
0.007079
0.007027
0.006983
0.006927
0.006849
0.006776
0.006757
0.006961
0.006893
0.006973
0.006981
0.006933
0.006881
0.006857
0.006846
0.006798
0.006769
0.006933
0.006938
0.006922
0.006891
0.006867
0.006833
0.006799
0.006762
0.006773
0.006750
0.006719
0.006777
0.006765
0.006762
0.006742
0.006751
0.006754
0.006751
0.006759
0.006774
0.006817
0.006887
0.006886
0.006975
0.006984
0.007010
0.007016
0.007032
0.007054
0.007060
0.007066
0.007070
0.007094
0.007251
0.007342
0.007369
0.007433
0.007447
0.007515
0.007651
0.007757
0.007864
0.007902
0.008091
0.008157
0.008190
0.008216
0.009230
0.009168
0.009272
0.009299
0.009314
0.009330
0.009330
0.009318
0.009361
0.009344
0.009325
0.009349
0.009461
0.009438
0.009444
0.009549
0.009568
0.010026
0.010000
0.010017
0.009992
0.010021
0.010046
0.010020
0.009994
0.009975
0.010004
0.009966
0.009931
0.009895
0.009852
0.009817
0.009799
0.009771
0.009737
0.009723
0.009839
0.009923
0.009906
0.010012
0.010077
0.010240
0.010234
0.010244
0.010300
0.010338
0.010359
0.010354
0.010346
0.010342
0.010333
0.010319
0.010393
0.010369
0.010355
0.010331
0.010307
0.010281
0.010371
0.010382
0.010656
0.010681
0.010694
0.010680
0.010706
0.010695
0.010719
0.010712
0.010812
0.010796
0.010787
0.010768
0.010779
0.010832
0.010855
0.010841
0.010823
0.010831
0.010822
0.010800
0.010777
0.010920
0.011036
0.011043
0.011142
0.011162
0.011160
0.011158
0.011166
0.011158
0.011215
0.011213
0.011211
0.011201
0.011191
0.011179
0.011282
0.011267
0.011496
0.011529
0.011563
0.011589
0.011589
0.011579
0.011685
0.011690
0.011723
0.011714
0.011733
0.011816
0.011799
0.011795
0.011849
0.011831
0.011990
0.012008
0.011998
0.012017
0.012013
0.011999
0.011983
0.011983
0.011961
0.012036
0.012063
0.012109
0.012203
0.012197
0.012177
0.012246
0.012265
0.012280
0.012260
0.012603
0.012565
0.012579
0.012593
0.012603
0.012672
0.012659
0.012651
0.012627
0.012658
0.012628
0.012602
0.012568
0.012541
0.012639
0.012632
0.012615
0.012652
0.012680
0.012651
0.012681
0.012818
0.012792
0.012835
0.012897
0.012890
0.012973
0.014160
0.014066
0.014131
0.014047
0.014045
0.014141
0.014169
0.014152
0.014129
0.014100
0.014112
0.014096
0.014058
0.014019
0.013972
0.013927
0.014060
0.014002
0.014218
0.014188
0.014318
0.014277
0.014278
0.014642
0.014595
0.014642
0.014599
0.014621
0.014574
0.014544
0.014490
0.014654
0.014603
0.014600
0.014546
0.014548
0.014689
0.014638
0.014595
0.014539
0.014499
0.014484
0.014422
0.014420
0.014424
0.014370
0.018601
0.018205
0.018521
0.018459
0.018426
0.018467
0.018344
0.018209
0.018074
0.017993
0.017812
0.017646
0.017715
0.017563
0.017428
0.017265
0.017068
0.016913
0.016717
0.016513
0.016304
0.016124
0.015922
0.015725
0.015530
0.015637
0.015428
0.015256
0.015061
0.014877
0.014693
0.014539
0.014369
0.014207
0.014067
0.013910
0.013823
0.014140
0.014089
0.014107
0.014056
0.014015
0.013964
0.013930
0.013881
0.013874
0.013878
0.015171
0.015052
0.015100
0.015075
0.015159
0.015140
0.015151
0.015181
0.015125
0.015069
0.015011
0.015230
0.015508
0.015472
0.015474
0.015408
0.015487
0.015419
0.015358
0.015285
0.015246
0.015222
0.015159
0.015140
0.015084
0.015042
0.014949
0.014924
0.014837
0.014778
0.014688
0.014867
0.014791
0.015795
0.015630
0.015669
0.015540
0.015461
0.015355
0.015303
0.015191
0.015100
0.015045
0.014960
0.014873
0.014780
0.014730
0.014682
0.014607
0.014508
0.014448
0.014348
0.014260
0.014169
0.014595
0.014569
0.014521
0.014429
0.014361
0.014443
0.014354
0.014314
0.014260
0.014184
0.014103
0.014019
0.013942
0.014052
0.013960
0.013882
0.013807
0.013750
0.013682
0.013611
0.013537
0.013764
0.013825
0.013826
0.013795
0.013874
0.013815
0.013768
0.013740
0.013762
0.013723
0.013670
0.013621
0.013561
0.013501
0.013482
0.013417
0.013377
0.013328
0.013268
0.013201
0.013131
0.013060
0.012989
0.012938
0.012865
0.012797
0.012730
0.012685
0.012615
0.012615
0.012554
0.012488
0.012413
0.012410
0.012334
0.012356
0.012281
0.012216
0.012142
0.012069
0.012150
0.012072
0.012561
0.012577
0.012627
0.012581
0.012542
0.012495
0.012450
0.012531
0.012484
0.012483
0.012420
0.012425
0.012360
0.012520
0.012452
0.012406
0.012339
0.012330
0.012350
0.012292
0.012228
0.012162
0.012091
0.012062
0.011998
0.011924
0.011894
0.011813
0.011780
0.011884
0.011818
0.011752
0.011681
0.011652
0.011578
0.011644
0.012847
0.012705
0.012810
0.012706
0.012690
0.012613
0.012573
0.012994
0.012934
0.012899
0.012853
0.012787
0.012712
0.012660
0.013322
0.013180
0.013197
0.013073
0.012986
0.012878
0.012775
0.012668
0.012756
0.012634
0.012563
0.012442
0.012325
0.012210
0.012187
0.012057
0.011968
0.011907
0.011909
0.011836
0.011805
0.011703
0.011588
0.011488
0.011422
0.011329
0.011235
0.011264
0.011184
0.011097
0.011001
0.011037
0.010999
0.010909
0.010819
0.010748
0.010708
0.011145
0.011035
0.011002
0.010904
0.010982
0.011250
0.011223
0.011182
0.011136
0.011326
0.011276
0.012374
0.012310
0.012340
0.012320
0.012271
0.012208
0.012140
0.012064
0.011984
0.012015
0.011922
0.014642
0.014499
0.014624
0.014540
0.014592
0.014626
0.014563
0.014501
0.014409
0.014304
0.014224
0.014104
0.013972
0.013837
0.013685
0.013561
0.013401
0.013304
0.013258
0.013137
0.012962
0.012951
0.012758
0.012579
0.012381
0.012184
0.012602
0.013117
0.013048
0.012924
0.012884
0.012832
0.012696
0.012559
0.012428
0.012305
0.012177
0.012028
0.011874
0.011779
0.011617
0.011472
0.011356
0.011190
0.011029
0.010908
0.010738
0.010573
0.010434
0.010261
0.010174
0.009999
0.009842
0.010428
0.010652
0.010594
0.010547
0.010485
0.010430
0.010360
0.010361
0.010298
0.010242
0.010162
0.010080
0.010016
0.009942
0.010107
0.010214
0.010129
0.010034
0.009970
0.010022
0.009920
0.009919
0.009804
0.009693
0.009663
0.009551
0.009443
0.009357
0.009234
0.009108
0.009173
0.009088
0.009123
0.008993
0.008880
0.008753
0.008627
0.008533
0.008401
0.008282
0.008210
0.008080
0.007952
0.007820
0.007714
0.007584
0.007478
0.007380
0.007299
0.008379
0.008264
0.008267
0.008341
0.008307
0.008278
0.008250
0.008233
0.008238
0.008275
0.008231
0.008198
0.008149
0.008102
0.008048
0.007992
0.007935
0.007880
0.007815
0.007765
0.007697
0.007759
0.007729
0.007702
0.007636
0.007572
0.007512
0.007446
0.007378
0.007322
0.007253
0.007185
0.007115
0.007044
0.006972
0.006899
0.006907
0.006888
0.006821
0.007253
0.007283
0.007250
0.007228
0.007173
0.007199
0.007137
0.007082
0.007046
0.006984
0.007236
0.007191
0.007151
0.007086
0.007022
0.006962
0.006910
0.006881
0.006821
0.006860
0.006839
0.006801
0.006745
0.006688
0.006630
0.006571
0.006550
0.006725
0.006668
0.006627
0.006565
0.006639
0.006567
0.006516
0.006446
0.006381
0.006312
0.006361
0.006288
0.006977
0.006979
0.007000
0.006954
0.006927
0.006993
0.006959
0.006925
0.006927
0.006965
0.006938
0.006905
0.006866
0.007461
0.007414
0.007421
0.007362
0.007320
0.007264
0.007209
0.007147
0.007158
0.007090
0.007138
0.007072
0.007006
0.006934
0.006861
0.006786
0.006734
0.006691
0.006621
0.006751
0.006680
0.006761
0.006687
0.006902
0.006840
0.006799
0.006807
0.006759
0.007232
0.007299
0.007294
0.007238
0.007192
0.007178
0.007128
0.007124
0.007082
0.007027
0.007420
0.007375
0.007381
0.007336
0.007308
0.007261
0.007213
0.007181
0.007126
0.007071
0.007027
0.007007
0.006950
0.006984
0.006922
0.006987
0.006926
0.006934
0.006878
0.006900
0.006847
0.006795
0.006835
0.006782
0.006761
0.006719
0.006748
0.006700
0.006704
0.006655
0.006608
0.006561
0.006515
0.006467
0.006418
0.006367
0.006315
0.006262
0.006207
0.006171
0.006119
0.006067
0.006014
0.005960
0.005907
0.006042
0.005995
0.005972
0.005951
0.005906
0.005871
0.005899
0.005851
0.005920
0.005926
0.005886
0.006070
0.006017
0.005993
0.005945
0.005934
0.005894
0.005856
0.005815
0.005794
0.005750
0.005707
0.006005
0.005945
0.005984
0.005932
0.006015
0.005977
0.005996
0.005986
0.005954
0.005918
0.006010
0.005967
0.005935
0.006353
0.006572
0.006566
0.006585
0.006581
0.006566
0.006537
0.006505
0.006514
0.006474
0.006436
0.006409
0.006363
0.006316
0.006267
0.006215
0.006161
0.006106
0.006048
0.006597
0.006708
0.006713
0.006676
0.006749
0.006809
0.006779
0.006797
0.006771
0.006737
0.006744
0.007008
0.007000
0.006992
0.006965
0.007012
0.008271
0.008220
0.008279
0.008248
0.008248
0.008319
0.008307
0.008288
0.008267
0.008273
0.008431
0.008399
0.008842
0.008931
0.009045
0.009058
0.009054
0.009179
0.009248
0.009235
0.009215
0.009212
0.009186
0.009294
0.009252
0.009255
0.009254
0.009209
0.009157
0.009103
0.009048
0.009040
0.009002
0.009158
0.009097
0.009078
0.009014
0.009022
0.008965
0.008909
0.008842
0.008786
0.008744
0.008673
0.008601
0.008590
0.008510
0.008497
0.008538
0.008508
0.008518
0.008493
0.008485
0.008632
0.008591
0.008564
0.009185
0.009173
0.009175
0.009122
0.009149
0.009227
0.009185
0.009140
0.009090
0.009291
0.009253
0.009205
0.009132
0.009059
0.008980
0.008907
0.008823
0.008896
0.008821
0.008745
0.008798
0.008853
0.008960
0.008887
0.008849
0.008831
0.008993
0.008912
0.008853
0.008772
0.008782
0.008705
0.008651
0.008576
0.008557
0.008473
0.008393
0.008319
0.008230
0.008241
0.008149
0.008063
0.007979
0.007902
0.007828
0.007747
0.007664
0.007579
0.007492
0.007465
0.007377
0.007326
0.007237
0.007233
0.007147
0.007064
0.006980
0.006903
0.006970
0.006873
0.007068
0.006984
0.006917
0.006838
0.006834
0.006778
0.006700
0.006615
0.006529
0.006440
0.006358
0.006268
0.006336
0.006253
0.006176
0.006127
0.006164
0.006130
0.006067
0.005998
0.005927
0.005873
0.005873
0.005807
0.005753
0.005685
0.005619
0.005579
0.005514
0.005473
0.005497
0.005432
0.005410
0.005350
0.005300
0.005246
0.005209
0.005161
0.005111
0.005063
0.005460
0.005382
0.005509
0.005450
0.005528
0.005478
0.005530
0.005505
0.005469
0.005412
0.005426
0.005383
0.005333
0.005427
0.005662
0.005595
0.005564
0.005506
0.005452
0.005397
0.005949
0.005978
0.006094
0.006042
0.006014
0.006063
0.006111
0.006065
0.006027
0.005977
0.005968
0.005912
0.005881
0.005821
0.005760
0.005695
0.005627
0.005557
0.005485
0.005571
0.005490
0.005426
0.005340
0.005270
0.005355
0.005369
0.005303
0.005457
0.005408
0.005361
0.005428
0.005357
0.005307
0.005240
0.005251
0.005297
0.005250
0.005213
0.005227
0.005224
0.005181
0.005161
0.005135
0.005101
0.005171
0.005129
0.005095
0.005098
0.005268
0.005232
0.005238
0.005205
0.005176
0.005146
0.005135
0.005103
0.005073
0.005053
0.005021
0.004990
0.004957
0.004964
0.004935
0.006093
0.006055
0.006112
0.006100
0.006107
0.006144
0.006145
0.006140
0.006140
0.006179
0.006161
0.006151
0.006149
0.006124
0.006120
0.006111
0.006082
0.006049
0.006014
0.006068
0.006046
0.006011
0.006478
0.006597
0.006632
0.006652
0.007348
0.007369
0.007453
0.007485
0.007535
0.007571
0.007611
0.007639
0.007688
0.007712
0.007731
0.007761
0.007777
0.008183
0.008264
0.008321
0.008416
0.008466
0.008516
0.008633
0.008715
0.008780
0.008884
0.008945
0.009002
0.009318
0.009397
0.011008
0.011032
0.011227
0.011303
0.011401
0.011462
0.011519
0.011670
0.011720
0.011772
0.011815
0.011847
0.011870
0.012512
0.012536
0.013113
0.013129
0.013352
0.013407
0.013455
0.013478
0.013501
0.013514
0.013794
0.013784
0.013810
0.013796
0.013787
0.013921
0.013915
0.014099
0.014087
0.014094
0.014253
0.014249
0.014253
0.014802
0.014828
0.015066
0.015229
0.015327
0.015369
0.015519
0.015572
0.015616
0.015645
0.015671
0.015691
0.015797
0.015876
0.016117
0.016162
0.016307
0.016337
0.016367
0.016393
0.016463
0.016539
0.016647
0.016673
0.016731
0.016754
0.016789
0.016876
0.016971
0.017028
0.017051
0.017197
0.017213
0.017240
0.017256
0.017269
0.017278
0.017284
0.017299
0.017301
0.017313
0.017391
0.017391
0.018152
0.018133
0.018186
0.018192
0.018203
0.018206
0.018664
0.018660
0.018707
0.018789
0.018822
0.019185
0.020022
0.020028
0.020119
0.020117
0.020150
0.020238
0.020289
0.020304
0.020315
0.020342
0.020803
0.020845
0.020877
0.021016
0.021029
0.021110
0.021104
0.021097
0.021082
0.021079
0.021398
0.021426
0.021417
0.021477
0.021481
0.021757
0.021735
0.021732
0.021732
0.021774
0.021793
0.021812
0.021799
0.021773
0.021747
0.021711
0.021684
0.021688
0.022262
0.022349
0.022395
0.022412
0.022446
0.022562
0.022585
0.022606
0.022617
0.022654
0.022660
0.022679
0.022688
0.022843
0.022857
0.022898
0.022913
0.023012
0.023048
0.023061
0.023070
0.023090
0.023104
0.023212
0.023209
0.023287
0.023296
0.023297
0.023299
0.023555
0.023543
0.023556
0.023546
0.023701
0.023690
0.023693
0.023807
0.023970
0.023974
0.023977
0.024368
0.024329
0.024361
0.025080
0.025095
0.025203
0.025414
0.025456
0.025467
0.025472
0.025470
0.025806
0.026035
0.026060
0.026121
0.026204
0.026240
0.026287
0.026265
0.026268
0.026236
0.026201
0.026279
0.026275
0.026232
0.026180
0.026122
0.026087
0.026038
0.026013
0.026019
0.026007
0.025969
0.025897
0.025882
0.025847
0.025773
0.025777
0.026409
0.026381
0.026693
0.026658
0.026683
0.026665
0.026701
0.026686
0.026674
0.026757
0.026749
0.026782
0.026763
0.026915
0.026899
0.026897
0.026951
0.027172
0.027290
0.027286
0.027344
0.027377
0.027375
0.027359
0.027343
0.027322
0.027297
0.027268
0.027256
0.027219
0.027201
0.027163
0.027121
0.027179
0.027131
0.027564
0.027524
0.027548
0.027523
0.027498
0.027464
0.027569
0.028419
0.028489
0.028525
0.028581
0.029155
0.029120
0.029424
0.029400
0.029416
0.029447
0.029664
0.029640
0.029650
0.029624
0.029649
0.029613
0.029578
0.029916
0.029857
0.029841
0.029778
0.029720
0.029697
0.029623
0.029547
0.029512
0.029561
0.029464
0.029414
0.029430
0.029369
0.029330
0.029362
0.029305
0.029205
0.029232
0.029133
0.029238
0.029122
0.029258
0.029192
0.029558
0.029474
0.029435
0.029357
0.029289
0.029293
0.029232
0.029169
0.029100
0.029031
0.028970
0.029687
0.029604
0.029590
0.029516
0.029466
0.029502
0.029450
0.029402
0.029602
0.029528
0.029487
0.029422
0.029512
0.029452
0.029542
0.029482
0.029432
0.029372
0.029374
0.029312
0.029253
0.029204
0.029451
0.030042
0.029998
0.029986
0.029924
0.029877
0.029903
0.029845
0.029821
0.029838
0.029774
0.029771
0.029758
0.030091
0.029998
0.030414
0.031078
0.031053
0.031072
0.031051
0.031089
0.031089
0.031048
0.031004
0.030961
0.030896
0.031050
0.031042
0.030981
0.030971
0.030954
0.030882
0.030814
0.030815
0.030726
0.031233
0.031193
0.031148
0.031309
0.031288
0.031243
0.031211
0.031150
0.031083
0.031050
0.031148
0.031111
0.031272
0.031216
0.031186
0.031127
0.031068
0.031053
0.031259
0.031224
0.031420
0.031371
0.031337
0.031444
0.031407
0.031378
0.031359
0.031353
0.031347
0.031965
0.032000
0.032003
0.031928
0.031920
0.031853
0.031788
0.031795
0.031801
0.031868
0.031791
0.031733
0.031778
0.031702
0.031627
0.031969
0.031922
0.032152
0.032144
0.032106
0.032050
0.031992
0.032114
0.032054
0.032072
0.031995
0.031972
0.031897
0.031872
0.031868
0.031797
0.031725
0.031805
0.031793
0.031724
0.031926
0.031858
0.031818
0.031799
0.031791
0.031786
0.031723
0.031657
0.031697
0.031617
0.031761
0.031842
0.031816
0.031755
0.031720
0.031658
0.031585
0.032052
0.032051
0.032071
0.032024
0.032044
0.031991
0.031938
0.032044
0.032058
0.032004
0.031951
0.031888
0.031844
0.032046
0.031975
0.032458
0.032351
0.032657
0.032685
0.032858
0.032828
0.032785
0.032727
0.032685
0.032665
0.032597
0.032526
0.032640
0.032561
0.032495
0.032415
0.032459
0.032368
0.032290
0.032693
0.032629
0.032566
0.032518
0.032478
0.032879
0.032834
0.032797
0.032754
0.032703
0.032651
0.032600
0.032696
0.032667
0.032647
0.032605
0.032554
0.032508
0.033081
0.033038
0.033040
0.033025
0.032995
0.033242
0.033189
0.033181
0.033202
0.033152
0.033202
0.033890
0.033840
0.033840
0.033791
0.033801
0.033752
0.033708
0.033654
0.034694
0.034644
0.034661
0.034620
0.034608
0.034572
0.034529
0.034522
0.034527
0.034481
0.034769
0.034905
0.034962
0.034979
0.034984
0.034950
0.034910
0.034891
0.034885
0.034833
0.034919
0.034865
0.034824
0.034762
0.034806
0.034741
0.034941
0.034866
0.034877
0.034801
0.034734
0.034758
0.034732
0.034693
0.034766
0.034682
0.034782
0.034690
0.034631
0.034543
0.034458
0.034370
0.034275
0.034176
0.034073
0.034009
0.033909
0.034665
0.035186
0.035131
0.035099
0.035184
0.035320
0.035252
0.035197
0.035121
0.035267
0.035176
0.035109
0.035016
0.034943
0.034846
0.036382
0.036280
0.036298
0.036276
0.036413
0.036338
0.036580
0.036505
0.036562
0.036566
0.036469
0.036363
0.036332
0.036223
0.036113
0.035988
0.035858
0.035724
0.035689
0.035820
0.035756
0.035771
0.035626
0.035485
0.035364
0.035221
0.035067
0.034909
0.034748
0.034582
0.034414
0.034280
0.034146
0.033976
0.033809
0.034113
0.033986
0.033838
0.033706
0.033564
0.033482
0.033446
0.033345
0.033748
0.033651
0.033793
0.033910
0.033845
0.033776
0.033700
0.034178
0.034116
0.034072
0.034035
0.033976
0.033971
0.034171
0.034158
0.034100
0.034039
0.034106
0.034022
0.034021
0.033933
0.033853
0.033766
0.033676
0.033582
0.033482
0.033384
0.033276
0.033177
0.033073
0.032959
0.032850
0.032748
0.032685
0.032560
0.032517
0.032760
0.032612
0.032504
0.032372
0.032382
0.032268
0.032136
0.032048
0.031899
0.031753
0.031692
0.031606
0.031585
0.031491
0.031459
0.031312
0.031169
0.031049
0.031132
0.031169
0.031065
0.030943
0.030922
0.030798
0.030681
0.030864
0.030755
0.030694
0.030585
0.030655
0.030532
0.030440
0.030363
0.030275
0.030164
0.030390
0.030258
0.030166
0.030039
0.029918
0.029792
0.029662
0.029571
0.029509
0.029423
0.029290
0.029159
0.029033
0.028916
0.028782
0.028644
0.028503
0.028362
0.028219
0.028098
0.027961
0.027817
0.027669
0.027527
0.027402
0.027266
0.027234
0.027478
0.027338
0.027236
0.027414
0.027283
0.027185
0.027459
0.027386
0.027345
0.027217
0.027111
0.026984
0.026861
0.026760
0.026656
0.026562
0.026436
0.026350
0.026242
0.026573
0.026461
0.026390
0.026293
0.026189
0.026093
0.025978
0.025899
0.025803
0.025685
0.025804
0.025678
0.025570
0.025464
0.025346
0.025218
0.025102
0.024979
0.024991
0.024853
0.024746
0.024843
0.024725
0.024635
0.024512
0.024769
0.024726
0.024631
0.024538
0.024422
0.024367
0.024246
0.024137
0.024010
0.023882
0.023750
0.023692
0.023557
0.023426
0.023287
0.023181
0.023050
0.023363
0.023228
0.023117
0.023263
0.023399
0.023286
0.023200
0.023070
0.022946
0.022872
0.022742
0.022608
0.022469
0.022342
0.022195
0.022047
0.022116
0.021998
0.021866
0.021732
0.021618
0.021662
0.021523
0.021383
0.021234
0.021155
0.025200
0.024850
0.025105
0.024897
0.024800
0.024645
0.024485
0.024362
0.024199
0.024014
0.023804
0.023861
0.023655
0.023441
0.023276
0.023058
0.022829
0.022609
0.022373
0.022155
0.021911
0.021974
0.021729
0.021524
0.021282
0.021049
0.020825
0.020612
0.020397
0.020234
0.020162
0.019950
0.019820
0.019622
0.019431
0.019260
0.019087
0.018904
0.018728
0.018789
0.018651
0.018540
0.018531
0.018494
0.018442
0.018388
0.018380
0.018320
0.018263
0.018200
0.018137
0.018080
0.018013
0.017950
0.017883
0.017814
0.017878
0.017794
0.017732
0.017764
0.017742
0.017720
0.017642
0.017566
0.017518
0.017435
0.017666
0.017565
0.017593
0.017499
0.017447
0.017362
0.017646
0.017558
0.017498
0.017428
0.021561
0.021531
0.021778
0.021945
0.022073
0.022265
0.022374
0.022533
0.022663
0.022749
0.022851
0.022974
0.023027
0.023072
0.023124
0.023306
0.023438
0.023447
0.023468
0.023459
0.023463
0.023604
0.023966
0.024053
0.024057
0.024038
0.024030
0.024003
0.023968
0.023952
0.023908
0.023862
0.023812
0.023763
0.023701
0.023675
0.023601
0.023523
0.023748
0.023691
0.023644
0.023584
0.023543
0.023481
0.023482
0.023440
0.023375
0.023378
0.023357
0.023766
0.023691
0.023706
0.023679
0.023618
0.023555
0.023486
0.023478
0.023405
0.023348
0.023333
0.023262
0.024472
0.024552
0.024579
0.024608
0.024594
0.024580
0.025115
0.025093
0.025130
0.025124
0.025172
0.025184
0.025291
0.025421
0.025557
0.025562
0.025988
0.026025
0.026077
0.026131
0.026140
0.026245
0.026235
0.026236
0.026216
0.026250
0.026212
0.026199
0.026147
0.026116
0.026067
0.025996
0.025918
0.025917
0.025830
0.025751
0.025671
0.025565
0.025491
0.025424
0.025348
0.025227
0.025109
0.025034
0.024900
0.024773
0.024629
0.024831
0.024796
0.024679
0.024556
0.024428
0.024300
0.024263
0.024116
0.023991
0.023843
0.023691
0.023554
0.023392
0.023227
0.023470
0.023318
0.023202
0.023050
0.022904
0.022887
0.022735
0.022588
0.022431
0.022405
0.022320
0.022304
0.022162
0.022032
0.021958
0.021794
0.021634
0.021464
0.021293
0.021923
0.021733
0.022228
0.022069
0.021981
0.021843
0.021714
0.021603
0.021507
0.021364
0.021209
0.021046
0.020947
0.020785
0.021611
0.021581
0.021480
0.021325
0.021274
0.021113
0.021095
0.020910
0.020741
0.020546
0.020357
0.020174
0.019987
0.019799
0.019679
0.019479
0.019529
0.019429
0.020187
0.020054
0.020035
0.020234
0.020130
0.020030
0.019918
0.019843
0.019728
0.019612
0.019489
0.019418
0.019302
0.019208
0.019086
0.019180
0.019070
0.019174
0.019213
0.019122
0.019087
0.018988
0.018946
0.018858
0.018774
0.018678
0.018624
0.018546
0.018451
0.018376
0.018267
0.018842
0.018771
0.018826
0.018736
0.018667
0.018586
0.018499
0.018531
0.018439
0.018349
0.018953
0.018831
0.018788
0.018812
0.018968
0.018875
0.018787
0.018760
0.022567
0.022266
0.022452
0.022255
0.022227
0.022091
0.022134
0.022840
0.023022
0.022985
0.022893
0.022791
0.022691
0.022556
0.022406
0.022462
0.022357
0.022218
0.022069
0.021972
0.021805
0.021632
0.021493
0.021303
0.021118
0.020972
0.020768
0.020649
0.020697
0.020617
0.020415
0.020220
0.020009
0.019801
0.019588
0.019374
0.019189
0.018971
0.019014
0.018846
0.018754
0.018677
0.018867
0.018766
0.018695
0.020617
0.020401
0.020444
0.020276
0.020172
0.020049
0.021216
0.021448
0.021453
0.021407
0.021393
0.021331
0.021246
0.021214
0.021122
0.021084
0.021072
0.021015
0.020910
0.020794
0.020705
0.020644
0.020502
0.020999
0.020830
0.020729
0.021040
0.020896
0.020820
0.020753
0.020603
0.020443
0.020455
0.021207
0.021628
0.021516
0.021748
0.022482
0.022355
0.022263
0.022122
0.022044
0.021884
0.021818
0.021645
0.021460
0.021257
0.021045
0.021122
0.020873
0.020663
0.020456
0.020202
0.020029
0.019812
0.019567
0.019289
0.019008
0.018718
0.018423
0.018354
0.018208
0.017932
0.017634
0.017337
0.017035
0.016730
0.017054
0.016785
0.016595
0.016339
0.016112
0.016040
0.015817
0.015596
0.015383
0.015240
0.015030
0.014824
0.014613
0.014404
0.014192
0.013994
0.013829
0.013676
0.013477
0.013282
0.013103
0.012902
0.012719
0.012533
0.012444
0.012256
0.012097
0.011908
0.011722
0.011542
0.011491
0.011322
0.011139
0.011379
0.011339
0.011177
0.010987
0.010799
0.010688
0.010492
0.010310
0.010108
0.010316
0.010357
0.010209
0.010032
0.009826
0.009644
0.009439
0.009333
0.009124
0.008921
0.008715
0.008513
0.008608
0.008403
0.008233
0.008049
0.008607
0.008490
0.008438
0.008361
0.008442
0.008386
0.011129
0.010949
0.011126
0.011030
0.011035
0.011003
0.010953
0.010892
0.010827
0.010770
0.010732
0.010851
0.010765
0.010681
0.010728
0.010854
0.010761
0.010654
0.010788
0.010667
0.010562
0.010505
0.010381
0.010251
0.010330
0.010737
0.010633
0.010608
0.010555
0.010484
0.010397
0.010314
0.010226
0.010138
0.010065
0.009997
0.009911
0.009825
0.009738
0.009672
0.009585
0.009521
0.009541
0.009521
0.009547
0.009531
0.009507
0.009482
0.009481
0.009451
0.009478
0.009518
0.009489
0.009465
0.009542
0.009527
0.009505
0.009475
0.009460
0.009427
0.009440
0.009532
0.009550
0.009529
0.009510
0.009906
0.009882
0.009929
0.009912
0.009890
0.009869
0.010338
0.010747
0.010761
0.010759
0.010950
0.010930
0.010919
0.010892
0.010943
0.010909
0.010875
0.010863
0.010820
0.010791
0.010828
0.011978
0.011900
0.011940
0.011875
0.011830
0.011768
0.011723
0.011652
0.011631
0.011555
0.011483
0.011401
0.011308
0.011208
0.011132
0.011039
0.010954
0.010842
0.010758
0.010635
0.010515
0.010388
0.010652
0.011291
0.011279
0.011246
0.011189
0.011138
0.011124
0.011057
0.011057
0.010983
0.010934
0.010855
0.010773
0.010686
0.010596
0.010501
0.010430
0.010327
0.010248
0.010148
0.010063
0.009982
0.009875
0.010299
0.010235
0.010663
0.010619
0.010591
0.010819
0.010798
0.010805
0.010785
0.011458
0.011453
0.011477
0.011474
0.011643
0.011691
0.011914
0.011932
0.012093
0.012105
0.012136
0.012148
0.012161
0.012168
0.012221
0.012386
0.012732
0.012893
0.012960
0.013045
0.013097
0.013160
0.013292
0.013337
0.013429
0.013468
0.013510
0.013546
0.013578
0.013630
0.013655
0.013691
0.013750
0.013928
0.014023
0.014065
0.014106
0.014191
0.014233
0.014274
0.014675
0.014740
0.014872
0.014932
0.015002
0.015066
0.015166
0.015268
0.015357
0.015526
0.015676
0.015869
0.015963
0.016058
0.016118
0.016175
0.016227
0.016439
0.016546
0.016628
0.016692
0.016752
0.017121
0.017161
0.017234
0.017273
0.017317
0.017817
0.017859
0.017939
0.017985
0.018037
0.018080
0.018118
0.018459
0.018488
0.018557
0.018584
0.018603
0.018612
0.018962
0.019047
0.019092
0.019100
0.019381
0.019438
0.019462
0.019508
0.019657
0.019639
0.019636
0.019611
0.019664
0.019676
0.019654
0.019616
0.019602
0.020413
0.020361
0.020367
0.020406
0.020375
0.020334
0.020383
0.020338
0.020343
0.020642
0.020626
0.020853
0.020815
0.020905
0.020886
0.020863
0.020856
0.020891
0.020870
0.020851
0.021171
0.021808
0.021818
0.021858
0.021855
0.021854
0.021828
0.021962
0.021987
0.021970
0.021971
0.021937
0.021898
0.021874
0.021847
0.021843
0.021988
0.022399
0.022387
0.022422
0.022603
0.022692
0.023414
0.023406
0.023551
0.023703
0.023733
0.023734
0.023716
0.023697
0.023692
0.023659
0.023624
0.023628
0.023597
0.023547
0.023489
0.023445
0.023505
0.023549
0.023521
0.023451
0.023377
0.023458
0.023525
0.023456
0.023383
0.023302
0.024407
0.025894
0.026015
0.026370
0.026515
0.026587
0.026580
0.026563
0.026586
0.026607
0.026557
0.026647
0.027509
0.027620
0.027652
0.027610
0.027705
0.027749
0.027688
0.027623
0.027972
0.027932
0.027891
0.027868
0.027983
0.027922
0.028138
0.028052
0.028483
0.028457
0.028420
0.028331
0.028799
0.028732
0.028941
0.028910
0.029011
0.029110
0.029085
0.029181
0.029177
0.029130
0.029076
0.029176
0.029096
0.030681
0.030744
0.030814
0.030874
0.031000
0.030973
0.031039
0.031035
0.031002
0.031034
0.031001
0.030948
0.030901
0.030907
0.030921
0.030887
0.030895
0.031014
0.031029
0.030995
0.030982
0.030997
0.031392
0.031347
0.031393
0.031503
0.032122
0.032323
0.032334
0.032346
0.032570
0.032639
0.032762
0.032797
0.032802
0.032898
0.032898
0.032896
0.032979
0.033220
0.033800
0.033776
0.033945
0.033965
0.033964
0.033946
0.034019
0.033998
0.033967
0.033931
0.033887
0.033864
0.033806
0.033742
0.033786
0.033714
0.033647
0.033759
0.033755
0.033736
0.033662
0.033667
0.033647
0.033611
0.035287
0.035155
0.035409
0.035499
0.035574
0.035803
0.035812
0.035757
0.035791
0.035842
0.035808
0.035731
0.035663
0.035578
0.035479
0.035373
0.035316
0.035466
0.035375
0.035382
0.035269
0.035170
0.035096
0.034970
0.034841
0.034943
0.035178
0.035158
0.035164
0.035089
0.034974
0.034856
0.034759
0.034636
0.034511
0.034374
0.034235
0.034090
0.033943
0.033858
0.033707
0.033699
0.033556
0.033420
0.033268
0.033448
0.033294
0.033214
0.033223
0.033123
0.033137
0.033002
0.033227
0.033098
0.033029
0.032907
0.032803
0.032708
0.032618
0.032472
0.032320
0.032175
0.032032
0.031898
0.031854
0.031684
0.031812
0.031640
0.031482
0.031306
0.031128
0.031115
0.030928
0.030752
0.030578
0.030510
0.030310
0.030121
0.029914
0.029837
0.029635
0.029440
0.029230
0.029231
0.029015
0.028825
0.028614
0.029381
0.029234
0.029156
0.028928
0.028801
0.028592
0.028588
0.028449
0.028313
0.028110
0.027945
0.027728
0.027509
0.027283
0.027052
0.026862
0.026704
0.026463
0.026410
0.026409
0.026260
0.026044
0.025906
0.025677
0.025457
0.025226
0.025001
0.024777
0.024712
0.024493
0.024330
0.024111
0.023896
0.023686
0.024005
0.023841
0.023685
0.023618
0.023453
0.023302
0.023215
0.023055
0.022910
0.022751
0.022823
0.023152
0.023039
0.022914
0.022784
0.022744
0.022605
0.022588
0.022485
0.022428
0.022294
0.022159
0.022017
0.022032
0.021886
0.021945
0.021806
0.021902
0.021788
0.021719
0.021601
0.021488
0.021366
0.021287
0.021403
0.021525
0.021407
0.021805
0.021723
0.021631
0.021520
0.021399
0.021301
0.021213
0.021717
0.021586
0.021500
0.021378
0.021285
0.021501
0.021384
0.021311
0.021196
0.021104
0.021041
0.020960
0.020968
0.020888
0.020770
0.020814
0.020691
0.020697
0.020672
0.020558
0.020438
0.020309
0.020177
0.020040
0.019899
0.019775
0.019649
0.019502
0.019351
0.019196
0.019177
0.019050
0.018917
0.018827
0.018855
0.018864
0.018725
0.018584
0.018472
0.018331
0.018304
0.018312
0.018165
0.018046
0.017911
0.017833
0.017690
0.017552
0.017413
0.017270
0.017167
0.017090
0.016952
0.016816
0.016699
0.016620
0.016506
0.016365
0.016244
0.016147
0.016021
0.016149
0.016016
0.015980
0.015872
0.015750
0.015618
0.015491
0.015401
0.015299
0.015166
0.015073
0.014941
0.014924
0.014780
0.014692
0.014707
0.014572
0.015075
0.014957
0.014904
0.014815
0.014691
0.014655
0.014522
0.014402
0.014664
0.014573
0.014505
0.014370
0.014298
0.014191
0.014177
0.014053
0.013931
0.013832
0.013783
0.013693
0.013564
0.013455
0.013318
0.013179
0.013073
0.012986
0.012845
0.012708
0.012568
0.012433
0.012317
0.012181
0.012221
0.012084
0.011960
0.012127
0.012046
0.011980
0.011861
0.011752
0.011636
0.011518
0.011522
0.011413
0.011339
0.011252
0.011145
0.011638
0.011649
0.011722
0.011647
0.011592
0.011535
0.011457
0.011500
0.011421
0.011377
0.011296
0.011294
0.011213
0.011137
0.011081
0.011001
0.011020
0.010940
0.010936
0.010939
0.011285
0.011839
0.011799
0.011906
0.011927
0.011878
0.011855
0.011813
0.011867
0.011795
0.011732
0.011695
0.011618
0.011672
0.011589
0.011727
0.011632
0.011564
0.011470
0.011379
0.011283
0.011185
0.011096
0.010996
0.010940
0.010855
0.010756
0.010654
0.010644
0.010618
0.010524
0.010631
0.010540
0.011024
0.010919
0.010926
0.010989
0.010932
0.010883
0.010814
0.010758
0.010713
0.010645
0.010611
0.010576
0.010512
0.010446
0.010378
0.010308
0.010235
0.010161
0.010100
0.010040
0.009992
0.010044
0.009984
0.009925
0.009862
0.009798
0.009784
0.009724
0.009712
0.009697
0.009660
0.009619
0.009555
0.009673
0.009598
0.009547
0.009479
0.009710
0.010366
0.010406
0.010417
0.010618
0.010566
0.010561
0.010503
0.010455
0.010511
0.010536
0.010963
0.010941
0.010932
0.010895
0.010928
0.010903
0.010866
0.010820
0.010770
0.010764
0.010731
0.010792
0.010733
0.010679
0.010615
0.010675
0.010600
0.010538
0.010461
0.010460
0.010471
0.010390
0.010312
0.010244
0.010340
0.010246
0.010246
0.010151
0.010068
0.010017
0.009929
0.009938
0.009924
0.009902
0.009825
0.009733
0.009635
0.009706
0.009610
0.009558
0.009461
0.009368
0.009275
0.009226
0.009137
0.009043
0.008972
0.008873
0.008775
0.008768
0.008756
0.008670
0.008835
0.008779
0.008711
0.008627
0.008549
0.008499
0.008421
0.008472
0.008392
0.008405
0.008335
0.009125
0.009176
0.009298
0.009255
0.009206
0.009147
0.009083
0.009038
0.008964
0.008890
0.008812
0.008732
0.008930
0.008843
0.008774
0.008685
0.008622
0.008528
0.008455
0.008358
0.008258
0.008256
0.008158
0.008064
0.008070
0.007992
0.007932
0.008020
0.007914
0.007858
0.007877
0.007865
0.007788
0.007697
0.008196
0.008088
0.008049
0.008223
0.008137
0.008095
0.008029
0.007958
0.007872
0.007803
0.007723
0.007650
0.007562
0.007493
0.007404
0.007315
0.007251
0.007188
0.007124
0.007070
0.007142
0.007091
0.007282
0.007220
0.007175
0.007267
0.007214
0.007166
0.007108
0.007050
0.007017
0.006952
0.007038
0.006973
0.006922
0.006856
0.006791
0.006726
0.006674
0.006869
0.006787
0.006733
0.006654
0.006613
0.006555
0.006519
0.006443
0.006370
0.006321
0.006244
0.006172
0.006094
0.006024
0.005944
0.005864
0.005783
0.005707
0.005711
0.005723
0.005653
0.005900
0.005912
0.005872
0.005821
0.005769
0.005722
0.005743
0.005689
0.005640
0.005594
0.005738
0.005680
0.005645
0.005589
0.005538
0.005503
0.005448
0.005402
0.005351
0.005294
0.005239
0.005189
0.005139
0.005094
0.005132
0.005170
0.005121
0.005571
0.005520
0.005674
0.005789
0.005762
0.005735
0.005699
0.005789
0.005753
0.005719
0.005671
0.005624
0.005573
0.005614
0.005563
0.005520
0.005467
0.005420
0.005565
0.005652
0.005758
0.005704
0.005801
0.005743
0.005712
0.005666
0.005623
0.005576
0.005528
0.005479
0.005453
0.005619
0.005566
0.005545
0.005494
0.005447
0.005395
0.005343
0.005289
0.005234
0.005367
0.005317
0.005284
0.005289
0.005476
0.005425
0.005397
0.005349
0.005385
0.005341
0.005406
0.005355
0.005344
0.005371
0.005337
0.005308
0.005460
0.005478
0.005483
0.005466
0.005443
0.005634
0.005605
0.005599
0.005589
0.005574
0.005556
0.005583
0.005560
0.005546
0.005545
0.005537
0.005809
0.005782
0.005789
0.006747
0.006709
0.006810
0.006768
0.006762
0.006743
0.006956
0.006928
0.006931
0.006988
0.006983
0.006953
0.006916
0.006873
0.006827
0.006777
0.006723
0.006666
0.006607
0.006555
0.006567
0.006501
0.006448
0.006389
0.006339
0.006275
0.006230
0.006163
0.006120
0.006052
0.006100
0.006031
0.006166
0.006093
0.006048
0.006766
0.006721
0.006733
0.006717
0.007045
0.007061
0.007067
0.007039
0.007028
0.006997
0.006962
0.006924
0.006933
0.006886
0.006840
0.006795
0.006750
0.006702
0.006651
0.006648
0.006718
0.006666
0.006682
0.006627
0.006664
0.006606
0.006562
0.006504
0.006516
0.006457
0.006448
0.006402
0.006468
0.006416
0.006367
0.006315
0.006262
0.006209
0.006158
0.006108
0.006068
0.006017
0.005979
0.005940
0.005900
0.006533
0.006441
0.006590
0.006623
0.006596
0.006552
0.006541
0.006488
0.006452
0.006465
0.006411
0.006378
0.006330
0.006272
0.006281
0.006607
0.006674
0.006631
0.006611
0.006564
0.006503
0.006471
0.006405
0.006450
0.006436
0.006393
0.006354
0.006521
0.006478
0.006446
0.006394
0.006345
0.006616
0.006581
0.006572
0.006547
0.006584
0.006568
0.006602
0.006780
0.006893
0.006906
0.006944
0.006950
0.006959
0.006963
0.006965
0.006965
0.006964
0.007030
0.007347
0.007332
0.007370
0.007461
0.007473
0.007465
0.007451
0.007468
0.007613
0.007608
0.007605
0.008198
0.008157
0.008195
0.008159
0.008147
0.008121
0.008131
0.008126
0.008100
0.008208
0.008175
0.008175
0.008139
0.008105
0.008067
0.008066
0.008061
0.008019
0.008085
0.008036
0.007995
0.007947
0.007928
0.008082
0.008050
0.008034
0.007981
0.007985
0.008003
0.007956
0.008082
0.008047
0.008034
0.008021
0.007995
0.008062
0.008041
0.008122
0.008098
0.008089
0.008075
0.008157
0.008144
0.008134
0.008116
0.008097
0.008075
0.008143
0.008113
0.008121
0.008131
0.008135
0.008120
0.008140
0.008112
0.008363
0.008321
0.008311
0.008393
0.008435
0.008413
0.008561
0.008523
0.008513
0.008477
0.008451
0.008419
0.008384
0.008346
0.008351
0.008310
0.008268
0.008324
0.008375
0.008450
0.008428
0.008438
0.008402
0.008402
0.008365
0.008328
0.008286
0.008318
0.008374
0.008368
0.008378
0.008374
0.008330
0.008299
0.008247
0.008194
0.008144
0.008143
0.008188
0.008132
0.008088
0.008035
0.008098
0.008037
0.008044
0.008075
0.008034
0.008017
0.008416
0.008353
0.008327
0.008267
0.008214
0.008155
0.008093
0.008161
0.008097
0.008048
0.007982
0.007915
0.007948
0.007875
0.007818
0.007884
0.007800
0.007736
0.007650
0.007578
0.007528
0.007487
0.007403
0.007682
0.007602
0.007558
0.007480
0.007406
0.007343
0.007396
0.007306
0.007231
0.007152
0.007065
0.006982
0.006890
0.006796
0.006699
0.006602
0.006656
0.006661
0.006621
0.006584
0.006492
0.006401
0.006307
0.006213
0.006118
0.006021
0.005927
0.005841
0.005780
0.005695
0.005625
0.005542
0.005463
0.005383
0.005317
0.005234
0.005202
0.005116
0.005067
0.004984
0.004906
0.004827
0.004753
0.005135
0.005033
0.005008
0.004954
0.004918
0.004910
0.004848
0.005526
0.005783
0.005788
0.005743
0.005741
0.005680
0.005624
0.005558
0.005506
0.005430
0.005401
0.005320
0.005242
0.005157
0.005120
0.005047
0.005076
0.005008
0.004939
0.004862
0.004851
0.004780
0.004967
0.004883
0.004836
0.004758
0.004690
0.004617
0.004545
0.004471
0.004429
0.004414
0.004368
0.004311
0.004253
0.004242
0.004181
0.004125
0.004119
0.004065
0.004011
0.004181
0.004124
0.004148
0.004131
0.004132
0.004099
0.004077
0.004044
0.004010
0.003975
0.004036
0.003997
0.003967
0.003936
0.003899
0.003858
0.003817
0.003775
0.003735
0.003695
0.003654
0.003611
0.003622
0.003580
0.003562
0.003517
0.003473
0.003427
0.003415
0.003370
0.003325
0.003332
0.003418
0.003595
0.003659
0.003717
0.003955
0.003976
0.003971
0.003947
0.003924
0.004027
0.003996
0.003978
0.003947
0.003919
0.004468
0.004407
0.004427
0.004372
0.004341
0.004352
0.004305
0.004261
0.004208
0.004153
0.004094
0.004057
0.003995
0.003932
0.004101
0.004039
0.003988
0.003926
0.003863
0.003890
0.003819
0.003871
0.003795
0.003753
0.003697
0.003632
0.003563
0.003494
0.003442
0.003372
0.003308
0.003330
0.003259
0.003376
0.003311
0.003263
0.003267
0.003230
0.003190
0.003146
0.003101
0.003055
0.003038
0.002992
0.002968
0.003626
0.003590
0.003605
0.003615
0.003640
0.003626
0.003777
0.003789
0.004214
0.004188
0.004212
0.004218
0.004225
0.004236
0.004214
0.004190
0.004161
0.004130
0.004100
0.004394
0.004352
0.004337
0.004336
0.004301
0.004343
0.004322
0.004366
0.004324
0.004287
0.004256
0.004210
0.004204
0.004153
0.004103
0.004109
0.004096
0.004049
0.003995
0.004039
0.003985
0.003941
0.003892
0.003842
0.003868
0.003817
0.003780
0.003755
0.003763
0.003800
0.003754
0.003728
0.003692
0.003674
0.003702
0.003667
0.003663
0.003658
0.003629
0.003639
0.003595
0.003558
0.003514
0.003479
0.003435
0.003392
0.003348
0.003305
0.003261
0.003315
0.003297
0.003305
0.003261
0.003234
0.003213
0.003191
0.003175
0.003141
0.003105
0.003070
0.003049
0.003275
0.003239
0.003235
0.003271
0.004299
0.004277
0.004347
0.004338
0.004370
0.004383
0.004404
0.004415
0.004879
0.004859
0.004895
0.004924
0.004930
0.004936
0.004988
0.004984
0.004984
0.004975
0.005142
0.005154
0.005151
0.005149
0.005130
0.005107
0.005082
0.005191
0.005248
0.005225
0.005208
0.005179
0.005180
0.005141
0.005105
0.005064
0.005237
0.005196
0.005198
0.005247
0.005230
0.005205
0.005173
0.005133
0.005167
0.005450
0.005434
0.005416
0.005498
0.005468
0.005446
0.005517
0.006082
0.006281
0.006278
0.006351
0.006401
0.006408
0.006415
0.006476
0.006505
0.006506
0.006511
0.006510
0.006528
0.006522
0.006523
0.006513
0.006502
0.006488
0.006471
0.006502
0.006485
0.006468
0.006850
0.006819
0.006826
0.006804
0.006812
0.006910
0.007036
0.007082
0.007165
0.007169
0.007232
0.007231
0.007282
0.007290
0.007335
0.007343
0.007425
0.007431
0.007561
0.007569
0.007583
0.007585
0.007607
0.007755
0.007769
0.007805
0.007878
0.007886
0.007896
0.007960
0.007974
0.007985
0.008008
0.008012
0.008016
0.008029
0.008029
0.008056
0.008053
0.008051
0.008047
0.008120
0.008122
0.008136
0.008159
0.008161
0.008166
0.008167
0.008169
0.008178
0.008189
0.008234
0.008301
0.008366
0.008404
0.008422
0.008435
0.008445
0.008453
0.008459
0.008464
0.008479
0.008479
0.008533
0.008531
0.008549
0.008544
0.008541
0.008573
0.008571
0.008568
0.008564
0.008558
0.008585
0.008612
0.008683
0.008822
0.008825
0.008934
0.008931
0.008948
0.008952
0.008957
0.008968
0.008955
0.008980
0.008997
0.009004
0.009006
0.009013
0.008993
0.008973
0.009002
0.008981
0.008960
0.008937
0.008941
0.008914
0.008999
0.008974
0.008967
0.009008
0.008985
0.008964
0.008940
0.008961
0.008935
0.008946
0.008960
0.008934
0.008930
0.008901
0.008910
0.009005
0.009073
0.009065
0.009200
0.009177
0.009166
0.009143
0.009124
0.009145
0.009123
0.009134
0.009238
0.009247
0.009231
0.009212
0.009200
0.009177
0.009159
0.009132
0.009170
0.009143
0.009118
0.009089
0.009060
0.009028
0.009049
0.009016
0.008986
0.008952
0.008918
0.008883
0.008881
0.008844
0.008809
0.008771
0.008765
0.008732
0.008694
0.008656
0.008628
0.008587
0.008546
0.008624
0.008667
0.008640
0.008604
0.008570
0.008533
0.008497
0.008460
0.008479
0.008498
0.008604
0.008581
0.008623
0.008597
0.008576
0.008550
0.008584
0.008651
0.008706
0.008685
0.008666
0.008701
0.008683
0.008707
0.008680
0.008673
0.008644
0.008615
0.008583
0.008550
0.008515
0.008479
0.008440
0.008401
0.008467
0.008634
0.008595
0.008569
0.008528
0.008490
0.008457
0.008418
0.008409
0.008365
0.008321
0.008274
0.008259
0.008210
0.008161
0.008138
0.008130
0.008088
0.008060
0.008151
0.008103
0.008096
0.008064
0.008022
0.007980
0.007936
0.008023
0.007996
0.007961
0.007922
0.007877
0.007832
0.007784
0.007734
0.007778
0.007867
0.007850
0.007806
0.007758
0.007706
0.007653
0.007599
0.007569
0.007514
0.007487
0.007548
0.007505
0.007495
0.007477
0.007438
0.007379
0.007320
0.007268
0.007248
0.007183
0.007123
0.007055
0.006987
0.006917
0.006848
0.006774
0.006762
0.006685
0.006613
0.006550
0.006472
0.006394
0.006318
0.006236
0.006154
0.006072
0.005989
0.005905
0.005822
0.005832
0.005798
0.005781
0.005705
0.005636
0.005612
0.005837
0.005939
0.005886
0.005830
0.005766
0.005703
0.005638
0.005571
0.005505
0.005443
0.005373
0.005337
0.005345
0.005275
0.005303
0.005355
0.005348
0.005410
0.005358
0.005323
0.005270
0.005240
0.005201
0.005183
0.005126
0.005071
0.005044
0.004986
0.004930
0.004872
0.004814
0.004754
0.004717
0.004658
0.004599
0.004538
0.004476
0.004414
0.004353
0.004291
0.004229
0.004274
0.004220
0.004323
0.004258
0.004214
0.004169
0.004118
0.004063
0.004009
0.003962
0.003913
0.003864
0.003814
0.003764
0.003712
0.003659
0.003607
0.003558
0.003563
0.003513
0.003483
0.003433
0.003385
0.003402
0.003363
0.003319
0.003270
0.003222
0.003173
0.003139
0.003091
0.003092
0.003049
0.003006
0.002960
0.002914
0.002867
0.002820
0.002772
0.002729
0.002682
0.002636
0.002606
0.002560
0.002520
0.002589
0.002541
0.002561
0.002514
0.002478
0.002436
0.002396
0.002363
0.002321
0.002280
0.002238
0.002195
0.002151
0.002107
0.002062
0.002018
0.001974
0.001930
0.001892
0.001857
0.001838
0.001814
0.001775
0.001738
0.001703
0.001670
0.001638
0.001605
0.001580
0.001564
0.001535
0.001524
0.001493
0.001472
0.001474
0.001445
0.001419
0.001392
0.001366
0.001340
0.001317
0.001355
0.001341
0.001352
0.001344
0.001325
0.001307
0.001371
0.001368
0.001358
0.001343
0.001329
0.001314
0.001305
0.001339
0.001324
0.001313
0.001301
0.002013
0.001944
0.002097
0.002068
0.002063
0.002034
0.002068
0.002035
0.002008
0.001972
0.001935
0.001906
0.001872
0.001871
0.001826
0.001793
0.001769
0.001743
0.001695
0.001652
0.001603
0.001615
0.001564
0.001519
0.001469
0.001420
0.001370
0.001321
0.001272
0.001237
0.001199
0.001154
0.001163
0.001119
0.001081
0.001040
0.001008
0.000983
0.001495
0.001431
0.001453
0.001408
0.001407
0.001374
0.001348
0.001315
0.001282
0.001247
0.001358
0.001319
0.001296
0.001262
0.001274
0.001236
0.001204
0.001166
0.001130
0.001093
0.001055
0.001016
0.000978
0.000938
0.001024
0.000986
0.001038
0.001005
0.000998
0.000967
0.000939
0.000909
0.000881
0.000858
0.000829
0.000807
0.000781
0.000767
0.000861
0.000844
0.000842
0.000862
0.000852
0.000880
0.000867
0.000859
0.000855
0.000843
0.000832
0.000820
0.003327
0.003197
0.003401
0.003345
0.003366
0.003499
0.003537
0.003550
0.003742
0.003727
0.003729
0.003779
0.003864
0.003831
0.003918
0.003920
0.004390
0.004397
0.004415
0.004421
0.004422
0.004437
0.004433
0.004458
0.004449
0.004441
0.004428
0.004413
0.004509
0.004489
0.004478
0.004537
0.004520
0.004507
0.004487
0.004555
0.004530
0.004514
0.004489
0.004465
0.004439
0.004429
0.004435
0.004407
0.004380
0.004350
0.004320
0.004665
0.004639
0.004642
0.004635
0.004643
0.004653
0.004665
0.004674
0.004679
0.004687
0.004685
0.004681
0.004705
0.004708
0.004959
0.004966
0.004980
0.005035
0.005060
0.005063
0.005063
0.005060
0.005054
0.005046
0.005036
0.005258
0.005257
0.005267
0.005269
0.005267
0.005263
0.005257
0.005248
0.005240
0.005373
0.005345
0.005341
0.005315
0.005346
0.005316
0.005399
0.005370
0.005397
0.005363
0.005334
0.005298
0.005362
0.005521
0.005495
0.005472
0.005437
0.005420
0.005381
0.005352
0.005310
0.005275
0.005290
0.005335
0.005304
0.005266
0.005221
0.005748
0.005690
0.005756
0.005835
0.005795
0.005761
0.005710
0.005659
0.005678
0.005707
0.005655
0.005630
0.005569
0.005505
0.005438
0.005367
0.005380
0.005305
0.005234
0.005154
0.005075
0.005224
0.005309
0.005256
0.005259
0.005197
0.005135
0.005070
0.005009
0.004956
0.005130
0.005064
0.005015
0.004949
0.004944
0.004885
0.004828
0.004767
0.004707
0.004652
0.004765
0.004713
0.004684
0.004638
0.004707
0.004713
0.004690
0.004651
0.004609
0.004594
0.004551
0.004538
0.004496
0.004476
0.004430
0.004629
0.004586
0.004563
0.004521
0.004482
0.004438
0.004394
0.004380
0.004334
0.004289
0.004240
0.004342
0.004293
0.004254
0.004206
0.004497
0.004619
0.004601
0.004552
0.004508
0.004457
0.004416
0.004590
0.004543
0.004648
0.004600
0.004567
0.004520
0.004475
0.004425
0.004373
0.004320
0.004265
0.004215
0.004155
0.004472
0.004399
0.004376
0.004309
0.004267
0.004370
0.004315
0.004264
0.004231
0.004200
0.004141
0.004081
0.004019
0.003955
0.003890
0.003823
0.003773
0.003852
0.004047
0.003971
0.003959
0.003892
0.003829
0.003757
0.003735
0.003654
0.003580
0.003498
0.003423
0.003337
0.003250
0.003196
0.003153
0.003155
0.003068
0.003005
0.002977
0.002898
0.002820
0.002900
0.002822
0.002813
0.002738
0.002869
0.002854
0.002811
0.002745
0.002684
0.002623
0.002565
0.002507
0.002455
0.002396
0.002341
0.002328
0.002322
0.002408
0.002341
0.002541
0.002485
0.002449
0.002396
0.002373
0.002323
0.002273
0.002219
0.002163
0.002427
0.002373
0.002340
0.002295
0.002251
0.002223
0.002181
0.002141
0.002155
0.002115
0.002077
0.002037
0.002008
0.001967
0.001926
0.001883
0.001840
0.001860
0.001819
0.001782
0.001741
0.001701
0.001710
0.001670
0.001632
0.001597
0.001723
0.001678
0.001743
0.001706
0.001695
0.001662
0.001649
0.001615
0.001582
0.001624
0.001604
0.001814
0.001769
0.001796
0.001758
0.001797
0.001763
0.001735
0.001815
0.001777
0.001803
0.001773
0.001743
0.001707
0.001671
0.001632
0.001632
0.001733
0.001705
0.001749
0.001702
0.001716
0.001676
0.001642
0.001606
0.001575
0.002393
0.002383
0.002409
0.002361
0.002478
0.002427
0.002401
0.002351
0.002321
0.002267
0.002212
0.002151
0.002141
0.002079
0.002023
0.001963
0.001917
0.001869
0.001844
0.001866
0.001809
0.001754
0.001718
0.001660
0.001604
0.001558
0.001501
0.001443
0.001453
0.001642
0.001574
0.001537
0.001489
0.001437
0.001386
0.001332
0.001279
0.001399
0.001347
0.001310
0.001259
0.001220
0.001245
0.001267
0.001252
0.001231
0.001210
0.001187
0.001171
0.001146
0.001206
0.001668
0.001635
0.005215
0.005035
0.005310
0.005236
0.005271
0.005252
0.005235
0.005197
0.005151
0.005089
0.005020
0.004942
0.004845
0.004791
0.004675
0.004555
0.004427
0.004292
0.004151
0.004004
0.003852
0.003707
0.003556
0.003395
0.003231
0.003118
0.002967
0.002832
0.002842
0.002747
0.002891
0.002723
0.002603
0.002488
0.002347
0.002208
0.002069
0.001932
0.001921
0.001797
0.001680
0.001566
0.001540
0.001527
0.001606
0.001570
0.001548
0.001553
0.001519
0.001486
0.001452
0.001450
0.001417
0.001384
0.001359
0.001373
0.001358
0.001424
0.001389
0.001367
0.001422
0.001405
0.001393
0.001378
0.001358
0.001340
0.001339
0.001321
0.001331
0.001315
0.001297
0.001283
0.001282
0.001260
0.001241
0.001383
0.001353
0.001381
0.001354
0.001408
0.001388
0.001375
0.001355
0.001337
0.001346
0.001889
0.001881
0.001907
0.001882
0.001872
0.001852
0.001832
0.001808
0.001782
0.001766
0.001785
0.001756
0.001724
0.001716
0.001686
0.001655
0.001625
0.001592
0.001558
0.001522
0.001485
0.001471
0.001443
0.001406
0.001368
0.001346
0.001307
0.001269
0.001239
0.001200
0.001161
0.001127
0.001092
0.001057
0.001022
0.001001
0.000967
0.000934
0.000900
0.000867
0.000835
0.000802
0.000777
0.000772
0.000752
0.000804
0.000782
0.000768
0.000766
0.000841
0.000824
0.000813
0.000796
0.000779
0.000761
0.000804
0.000787
0.000772
0.000750
0.000800
0.000778
0.000761
0.000754
0.000733
0.000713
0.000692
0.000697
0.000676
0.000659
0.000638
0.000619
0.000602
0.000581
0.000572
0.000551
0.000532
0.000558
0.000595
0.000941
0.000912
0.000931
0.000953
0.000969
0.000959
0.000945
0.000930
0.000912
0.000902
0.000882
0.000879
0.000857
0.000836
0.000813
0.000790
0.000766
0.000741
0.000739
0.000719
0.000761
0.000733
0.000753
0.000785
0.000759
0.000740
0.000714
0.000690
0.000682
0.000682
0.000660
0.000638
0.000615
0.000592
0.000568
0.000558
0.000539
0.000517
0.000495
0.000473
0.000452
0.000439
0.000430
0.000421
0.000411
0.000414
0.000410
0.000402
0.000394
0.000479
0.000466
0.000466
0.000456
0.000449
0.000453
0.000505
0.000495
0.000492
0.000484
0.000477
0.000468
0.000460
0.000452
0.000442
0.000433
0.000464
0.000465
0.000459
0.000451
0.000461
0.000452
0.000445
0.000437
0.000428
0.000419
0.000410
0.000420
0.000409
0.000425
0.000451
0.000443
0.000500
0.000487
0.000482
0.000471
0.000462
0.000451
0.000441
0.000430
0.000419
0.000409
0.000406
0.000396
0.000386
0.000376
0.000379
0.000414
0.000415
0.000420
0.000412
0.000405
0.000398
0.000465
0.000453
0.000474
0.000464
0.000459
0.000588
0.000573
0.000580
0.000572
0.000568
0.000591
0.000582
0.000575
0.000568
0.000558
0.000547
0.000537
0.000525
0.000513
0.000516
0.000519
0.000505
0.000493
0.000479
0.000465
0.000450
0.000436
0.000422
0.000408
0.000393
0.000411
0.000396
0.000477
0.000470
0.000468
0.000462
0.000454
0.000464
0.000457
0.000471
0.000464
0.000459
0.000486
0.000480
0.000476
0.000472
0.000466
0.000643
0.000623
0.000632
0.000618
0.000615
0.000605
0.000596
0.000586
0.000574
0.000562
0.000552
0.000539
0.000526
0.000527
0.000548
0.000531
0.000526
0.000509
0.000509
0.000495
0.000602
0.000589
0.000583
0.000572
0.000768
0.000744
0.000753
0.000737
0.000729
0.000717
0.000705
0.000691
0.000677
0.000663
0.000662
0.000648
0.000641
0.000630
0.000621
0.000605
0.000591
0.000576
0.000561
0.000545
0.000530
0.000514
0.000498
0.000483
0.000479
0.000463
0.000448
0.000444
0.000430
0.000418
0.000418
0.000515
0.000518
0.000516
0.001850
0.001744
0.001850
0.001795
0.001793
0.001772
0.001748
0.001747
0.001818
0.001780
0.001759
0.001717
0.001676
0.001702
0.001729
0.001684
0.001636
0.001584
0.001531
0.001484
0.001429
0.001374
0.001319
0.001263
0.001209
0.001223
0.001477
0.001428
0.001398
0.001372
0.001331
0.001289
0.001270
0.001229
0.001200
0.001159
0.001235
0.001208
0.001198
0.001228
0.001202
0.001189
0.001284
0.001265
0.001254
0.001229
0.001207
0.001182
0.001157
0.001141
0.001113
0.001087
0.001079
0.001050
0.001022
0.001015
0.000984
0.001753
0.001677
0.001715
0.001661
0.001632
0.001588
0.001547
0.001501
0.001455
0.001407
0.001362
0.001311
0.001268
0.001219
0.001171
0.001121
0.001097
0.001045
0.001250
0.001197
0.001176
0.001174
0.001133
0.001096
0.001055
0.001015
0.000977
0.000941
0.000904
0.000867
0.000830
0.001443
0.001428
0.001443
0.001421
0.001407
0.001388
0.001372
0.001437
0.001407
0.001388
0.001358
0.002269
0.002196
0.002241
0.002779
0.002814
0.002855
0.002812
0.002824
0.002776
0.002737
0.002681
0.002621
0.002567
0.002498
0.002424
0.002346
0.002342
0.002254
0.002194
0.002103
0.002014
0.001991
0.001962
0.001880
0.001787
0.001859
0.001772
0.001698
0.001686
0.001600
0.001581
0.001493
0.001436
0.001361
0.001291
0.001240
0.001168
0.001100
0.001031
0.000964
0.000903
0.000845
0.000802
0.000965
0.000926
0.001042
0.001011
0.001157
0.001135
0.001129
0.001113
0.001126
0.001113
0.001099
0.001096
0.001080
0.001064
0.001121
0.001097
0.001114
0.001109
0.001199
0.001175
0.001163
0.001140
0.001188
0.001159
0.001154
0.001124
0.001101
0.001080
0.001066
0.001036
0.001052
0.001048
0.001151
0.001126
0.001106
0.001107
0.001091
0.001394
0.001353
0.001382
0.001407
0.001387
0.001363
0.001652
0.001616
0.001614
0.001586
0.001566
0.001551
0.001527
0.001535
0.001622
0.001588
0.001568
0.001533
0.001535
0.001499
0.001479
0.001522
0.001499
0.001468
0.001433
0.001400
0.001363
0.001364
0.001380
0.001456
0.001436
0.001416
0.001394
0.001370
0.001347
0.001322
0.001298
0.001298
0.001272
0.001272
0.001254
0.001258
0.001233
0.001211
0.001309
0.001282
0.001269
0.001249
0.001244
0.001227
0.001223
0.001213
0.001195
0.001179
0.001158
0.001138
0.001117
0.001681
0.001613
0.001655
0.001632
0.001611
0.001744
0.001705
0.001822
0.001803
0.001825
0.001806
0.001792
0.001771
0.001750
0.001726
0.001774
0.001825
0.001912
0.002018
0.002069
0.002052
0.002023
0.001995
0.001963
0.001929
0.002010
0.001983
0.001950
0.002542
0.002547
0.002568
0.002573
0.002599
0.002632
0.002701
0.002710
0.002727
0.002752
0.002757
0.002852
0.002859
0.002865
0.002864
0.002862
0.002884
0.002959
0.002954
0.002953
0.002945
0.002954
0.002941
0.002931
0.002915
0.002899
0.002880
0.002866
0.002845
0.002832
0.002808
0.002785
0.002819
0.002794
0.002770
0.003639
0.003595
0.003635
0.004232
0.004192
0.004314
0.004274
0.004279
0.004245
0.004222
0.004181
0.004136
0.004108
0.004236
0.004188
0.004234
0.004176
0.004125
0.004061
0.003997
0.003928
0.003857
0.003826
0.003757
0.003688
0.003615
0.003972
0.003895
0.004092
0.004034
0.004505
0.004430
0.004422
0.004358
0.004304
0.004239
0.004173
0.004266
0.004206
0.004182
0.004121
0.004119
0.004060
0.004006
0.004044
0.004184
0.004146
0.004118
0.004078
0.004044
0.004044
0.004010
0.003976
0.003950
0.003911
0.003872
0.003844
0.003804
0.003762
0.003718
0.003673
0.003635
0.003589
0.003551
0.003516
0.003469
0.003426
0.003392
0.003359
0.003490
0.003465
0.003449
0.003665
0.003655
0.003657
0.003648
0.003663
0.003758
0.003746
0.003751
0.003746
0.003848
0.003838
0.003842
0.003832
0.003844
0.003863
0.003852
0.004169
0.004176
0.004185
0.004165
0.004151
0.004137
0.004116
0.004093
0.004066
0.004076
0.004049
0.004018
0.003985
0.003948
0.003952
0.003913
0.004712
0.004643
0.004716
0.004665
0.004747
0.004738
0.004710
0.004691
0.004651
0.004608
0.004561
0.004525
0.004529
0.004497
0.006335
0.006191
0.006284
0.006248
0.006219
0.006164
0.006109
0.006043
0.005973
0.005902
0.005815
0.005740
0.006252
0.006379
0.006365
0.006326
0.006282
0.006232
0.006176
0.006237
0.006177
0.006124
0.006054
0.005981
0.005907
0.005824
0.005895
0.005835
0.005817
0.005740
0.005676
0.005593
0.005543
0.005470
0.005389
0.005293
0.005195
0.005116
0.005011
0.004905
0.004794
0.004686
0.004570
0.004454
0.004476
0.004353
0.004309
0.004801
0.004747
0.004689
0.004572
0.004485
0.004372
0.004261
0.004144
0.004151
0.004073
0.004031
0.003958
0.003899
0.003827
0.003747
0.003662
0.003575
0.003500
0.003412
0.003323
0.003240
0.003149
0.003063
0.002977
0.002892
0.002818
0.002733
0.002652
0.002569
0.002496
0.002605
0.002522
0.002465
0.002387
0.002318
0.002599
0.002521
0.002503
0.002436
0.002399
0.002353
0.002309
0.002410
0.002486
0.002517
0.002476
0.002436
0.002394
0.002355
0.002314
0.002281
0.002236
0.002191
0.002145
0.002099
0.002051
0.002114
0.002070
0.002066
0.002034
0.002049
0.002000
0.001958
0.001910
0.001863
0.001815
0.001794
0.001756
0.001719
0.001670
0.001622
0.001639
0.001595
0.001552
0.001550
0.001506
0.001469
0.001433
0.001474
0.001442
0.001428
0.001397
0.001375
0.001376
0.001350
0.001329
0.001308
0.001309
0.001385
0.001364
0.001348
0.001341
0.001335
0.001317
0.001303
0.001294
0.001289
0.001274
0.001260
0.001248
0.001246
0.001331
0.001322
0.001388
0.001374
0.001393
0.001398
0.001391
0.001382
0.001386
0.001390
0.001381
0.001371
0.001360
0.001362
0.001359
0.001363
0.001350
0.001335
0.001318
0.002640
0.002559
0.002706
0.002764
0.002767
0.002776
0.002757
0.002735
0.002707
0.002675
0.002639
0.002600
0.002925
0.002869
0.002849
0.002792
0.002738
0.002728
0.002664
0.002601
0.002584
0.002514
0.002448
0.002375
0.002302
0.002227
0.002153
0.002083
0.002006
0.001990
0.001914
0.001842
0.001769
0.001697
0.001626
0.001558
0.001488
0.001420
0.001392
0.001341
0.001284
0.001288
0.001261
0.001237
0.001211
0.001273
0.001246
0.001227
0.001218
0.001246
0.001231
0.001219
0.001204
0.001250
0.001237
0.001259
0.001248
0.001236
0.001605
0.001601
0.001616
0.001616
0.001611
0.001603
0.001594
0.001604
0.001594
0.001580
0.001588
0.001569
0.001553
0.001532
0.001568
0.001544
0.001523
0.001498
0.001472
0.001459
0.001430
0.001415
0.001384
0.001354
0.001324
0.001336
0.001351
0.001352
0.001326
0.001367
0.001340
0.001317
0.001309
0.001284
0.001258
0.001231
0.001202
0.001173
0.001166
0.001141
0.001200
0.001168
0.001147
0.001127
0.001100
0.001072
0.001057
0.001031
0.001004
0.000977
0.000960
0.000942
0.000937
0.000928
0.000911
0.000897
0.000880
0.000887
0.000868
0.000853
0.000836
0.000819
0.001021
0.001029
0.001029
0.001069
0.001093
0.001093
0.001082
0.001070
0.001072
0.001057
0.001044
0.001089
0.001071
0.001061
0.001062
0.001047
0.001065
0.001045
0.001069
0.001049
0.001035
0.001016
0.001140
0.001114
0.001111
0.001089
0.001070
0.001063
0.001042
0.001839
0.001779
0.001820
0.001939
0.001925
0.001964
0.001950
0.001938
0.001923
0.001903
0.001883
0.001860
0.001846
0.001828
0.001815
0.001789
0.001762
0.001757
0.001733
0.001716
0.001734
0.001772
0.001755
0.001738
0.001707
0.001953
0.001935
0.001928
0.001990
0.001979
0.001968
0.002307
0.002264
0.002277
0.002244
0.002226
0.002199
0.002175
0.002175
0.002146
0.002131
0.002294
0.005266
0.005203
0.005386
0.005380
0.005416
0.005424
0.005915
0.005970
0.006061
0.006110
0.006161
0.006198
0.006362
0.006370
0.006389
0.006383
0.006517
0.006492
0.006474
0.006459
0.006454
0.006418
0.006362
0.006294
0.006437
0.006351
0.006342
0.006249
0.006155
0.006243
0.006131
0.006024
0.005900
0.005772
0.005637
0.005500
0.005356
0.005276
0.005135
0.004981
0.004824
0.004689
0.004526
0.004360
0.004203
0.004316
0.004161
0.004026
0.003864
0.003730
0.003568
0.003409
0.003248
0.003086
0.002938
0.002776
0.002616
0.002463
0.002315
0.002223
0.002132
0.002053
0.001966
0.001899
0.001817
0.001737
0.001658
0.001621
0.001618
0.001590
0.001566
0.001538
0.002527
0.002456
0.002509
0.002463
0.002448
0.002420
0.002414
0.002383
0.002347
0.002323
0.002279
0.002246
0.002196
0.002172
0.002116
0.002209
0.002183
0.002145
0.002091
0.002039
0.001994
0.001940
0.001886
0.001848
0.001797
0.001749
0.001694
0.001639
0.001582
0.001563
0.001515
0.001462
0.001407
0.001353
0.001320
0.001282
0.001229
0.001178
0.001235
0.001181
0.001142
0.001102
0.001081
0.001065
0.001050
0.001046
0.001029
0.001013
0.000996
0.000986
0.000969
0.000963
0.000945
0.000934
0.000916
0.001266
0.001290
0.001390
0.001370
0.001377
0.001363
0.001346
0.001324
0.001303
0.001278
0.001253
0.001245
0.001217
0.001190
0.001173
0.001193
0.001248
0.001236
0.001217
0.001194
0.001171
0.001163
0.001140
0.001119
0.001110
0.001116
0.001100
0.001093
0.001074
0.001057
0.001039
0.001022
0.001005
0.000989
0.001003
0.001000
0.000987
0.001346
0.001323
0.001346
0.001332
0.001338
0.001359
0.002368
0.002315
0.002395
0.002522
0.002514
0.002571
0.002552
0.002539
0.002537
0.002515
0.002504
0.002532
0.002494
0.002479
0.002433
0.002389
0.002346
0.002295
0.002241
0.002185
0.002509
0.002443
0.002413
0.002355
0.002313
0.002261
0.002212
0.002155
0.002177
0.002119
0.002071
0.002014
0.001962
0.001906
0.001849
0.001798
0.001750
0.001702
0.001681
0.001633
0.001592
0.001551
0.001535
0.001547
0.001525
0.001511
0.001546
0.001522
0.001518
0.001498
0.001477
0.001454
0.001430
0.001406
0.001381
0.001356
0.001331
0.001304
0.001278
0.001278
0.001252
0.001229
0.001203
0.001272
0.001241
0.001230
0.001207
0.001210
0.001187
0.001172
0.001162
0.001154
0.001205
0.001191
0.001203
0.001203
0.001411
0.001388
0.001628
0.001600
0.001608
0.001590
0.001578
0.001656
0.001633
0.001630
0.001607
0.001586
0.001561
0.001536
0.001508
0.001480
0.001580
0.001540
0.001541
0.001513
0.001483
0.001448
0.001413
0.001378
0.001374
0.001346
0.001358
0.001324
0.001308
0.001274
0.001243
0.001210
0.001214
0.001180
0.001155
0.001168
0.001164
0.001177
0.001172
0.001147
0.001133
0.001108
0.001090
0.001070
0.001154
0.001135
0.001133
0.001116
0.001104
0.001159
0.001141
0.001142
0.001126
0.001113
0.001099
0.001084
0.001072
0.001055
0.001057
0.001038
0.001040
0.001125
0.001106
0.001172
0.001154
0.001143
0.001127
0.001111
0.001095
0.001078
0.001060
0.001041
0.001022
0.001002
0.000981
0.000961
0.000940
0.000937
0.000957
0.000937
0.000919
0.000952
0.001043
0.001027
0.001016
0.000999
0.000988
0.000970
0.000954
0.000938
0.000920
0.000903
0.000895
0.000941
0.000923
0.000922
0.000904
0.000888
0.000871
0.000899
0.000880
0.000865
0.000845
0.000850
0.000855
0.000839
0.000821
0.000801
0.000781
0.000761
0.000747
0.000762
0.000743
0.000724
0.000706
0.000690
0.000682
0.000707
0.000688
0.000674
0.000691
0.000674
0.000659
0.000647
0.000629
0.000612
0.000594
0.000591
0.000591
0.000580
0.000564
0.000548
0.001083
0.001040
0.001067
0.001043
0.001037
0.001024
0.001010
0.000994
0.000976
0.000956
0.000935
0.001000
0.000983
0.000970
0.000946
0.000922
0.000896
0.000879
0.000851
0.000824
0.000794
0.000765
0.000735
0.000705
0.000681
0.000650
0.000620
0.000605
0.000609
0.000593
0.000565
0.000536
0.000507
0.000478
0.000450
0.000421
0.000392
0.000364
0.000375
0.000379
0.000356
0.000490
0.000475
0.000477
0.000463
0.000463
0.000452
0.000446
0.000459
0.000447
0.000436
0.000508
0.000488
0.000481
0.000470
0.000455
0.000879
0.000842
0.000860
0.000836
0.000855
0.000835
0.000820
0.000800
0.000940
0.000915
0.000904
0.000879
0.000881
0.000890
0.000865
0.000903
0.000876
0.000854
0.000826
