0.000036
0.000036
0.000035
0.000035
0.000035
0.000034
0.000036
0.000035
0.000035
0.000034
0.000034
0.000034
0.000033
0.000033
0.000032
0.000031
0.000030
0.000029
0.000028
0.000027
0.000026
0.000024
0.000023
0.000022
0.000022
0.000020
0.000019
0.000018
0.000017
0.000017
0.000016
0.000015
0.000015
0.000014
0.000013
0.000012
0.000011
0.000180
0.000166
0.000181
0.000174
0.000174
0.000170
0.000168
0.000164
0.000160
0.000159
0.000154
0.000149
0.000143
0.000137
0.000143
0.000136
0.000131
0.000124
0.000123
0.000116
0.000110
0.000103
0.000097
0.000090
0.000090
0.000084
0.000078
0.000073
0.000067
0.000085
0.000081
0.000077
0.000073
0.000069
0.000064
0.000060
0.000057
0.000053
0.000052
0.000051
0.000050
0.000048
0.000047
0.000047
0.000046
0.000045
0.000043
0.000042
0.000040
0.000039
0.000037
0.000035
0.000034
0.000032
0.000042
0.000040
0.000040
0.000038
0.000037
0.000035
0.000034
0.000032
0.000031
0.000029
0.000030
0.000029
0.000028
0.000032
0.000089
0.000086
0.000090
0.000088
0.000089
0.000089
0.000088
0.000088
0.000087
0.000086
0.000085
0.000084
0.000084
0.000082
0.000080
0.000078
0.000076
0.000074
0.000072
0.000072
0.000070
0.000068
0.000065
0.000063
0.000064
0.000062
0.000060
0.000057
0.000055
0.000053
0.000050
0.000048
0.000046
0.000043
0.000041
0.000039
0.000037
0.000034
0.000032
0.000030
0.000029
0.000027
0.000026
0.000028
0.000028
0.000027
0.000027
0.000027
0.000027
0.000027
0.000027
0.000027
0.000027
0.000026
0.001653
0.001527
0.001666
0.001599
0.001665
0.001634
0.001619
0.001587
0.001554
0.001515
0.001473
0.001426
0.001996
0.001965
0.001996
0.001974
0.001965
0.001946
0.001926
0.001901
0.001872
0.001840
0.001817
0.001779
0.001738
0.001694
0.001647
0.001598
0.001547
0.001493
0.001438
0.001381
0.001323
0.001263
0.001202
0.001140
0.001078
0.001014
0.000951
0.000887
0.001309
0.001272
0.001253
0.001221
0.001191
0.001161
0.001132
0.001101
0.001070
0.001039
0.001007
0.000983
0.000966
0.000947
0.000927
0.000907
0.000886
0.000864
0.000842
0.000818
0.000794
0.000770
0.000744
0.000718
0.000692
0.000665
0.000638
0.000610
0.000582
0.000554
0.000525
0.000497
0.000468
0.000439
0.000410
0.000382
0.000353
0.000324
0.000295
0.000267
0.000239
0.000211
0.000183
0.000156
0.000129
0.000103
0.000077
0.000053
0.000036
0.000027
0.000027
0.000029
0.000029
0.000029
0.000028
0.000028
0.000027
0.000027
0.000026
0.000025
0.000025
0.000024
0.000029
0.000029
0.000029
0.000028
0.000028
0.000028
0.000028
0.000028
0.000028
0.000028
0.000027
0.000027
0.000026
0.000026
0.000026
0.000025
0.000025
0.000024
0.000024
0.000024
0.000023
0.000023
0.000022
0.000022
0.000021
0.000021
0.000021
0.000020
0.000020
0.000019
0.000019
0.000024
0.000024
0.000024
0.000024
0.000023
0.000023
0.000023
0.000022
0.000022
0.000022
0.000024
0.000024
0.000024
0.000024
0.000064
0.000062
0.000065
0.000064
0.000064
0.000063
0.000063
0.000062
0.000062
0.000061
0.000059
0.000058
0.000057
0.000056
0.000054
0.000053
0.000051
0.000056
0.000054
0.000053
0.000051
0.000050
0.000048
0.000049
0.000047
0.000045
0.000044
0.000042
0.000040
0.000038
0.000037
0.000035
0.000033
0.000032
0.000033
0.000032
0.000030
0.000029
0.000028
0.000028
0.000037
0.000036
0.000036
0.000036
0.000036
0.000036
0.000035
0.000035
0.000034
0.000034
0.000033
0.000033
0.000032
0.000034
0.000033
0.000033
0.000032
0.000031
0.000030
0.000029
0.000028
0.000028
0.000030
0.000029
0.000037
0.000036
0.000053
0.000052
0.000053
0.000052
0.000054
0.000053
0.000052
0.000051
0.000050
0.000049
0.000048
0.000047
0.000045
0.000049
0.000049
0.000048
0.000047
0.000046
0.000044
0.000043
0.000042
0.000040
0.000039
0.000037
0.000036
0.000038
0.000037
0.000036
0.000035
0.000039
0.000037
0.000037
0.000035
0.000034
0.000032
0.000031
0.000029
0.000028
0.000026
0.000025
0.000023
0.000022
0.000020
0.000018
0.000017
0.000015
0.000014
0.000013
0.000012
0.000011
0.000010
0.000009
0.000008
0.000008
0.000007
0.000006
0.000006
0.000005
0.000004
0.000006
0.000005
0.000005
0.000011
0.000010
0.000011
0.000010
0.000010
0.000010
0.000010
0.000010
0.000010
0.000009
0.000009
0.000009
0.000009
0.000010
0.000009
0.000009
0.000009
0.000009
0.000008
0.000009
0.000009
0.000009
0.000009
0.000009
0.000009
0.000008
0.000008
0.000008
0.000007
0.000007
0.000007
0.000007
0.000007
0.000006
0.000006
0.000006
0.000005
0.000005
0.000005
0.000004
0.000004
0.000004
0.000004
0.000003
0.000005
0.000005
0.000005
0.000005
0.000005
0.000004
0.000004
0.000004
0.000004
0.000003
0.000003
0.000004
0.000004
0.000187
0.000173
0.000188
0.001877
0.001802
0.001936
0.001907
0.001929
0.001926
0.001923
0.001911
0.001901
0.001877
0.001848
0.001814
0.001777
0.001734
0.001686
0.001636
0.001582
0.001524
0.001464
0.001403
0.001339
0.001273
0.001256
0.001185
0.001120
0.001050
0.000981
0.000914
0.000845
0.000777
0.000709
0.000642
0.000576
0.000514
0.000454
0.000396
0.000340
0.000285
0.000231
0.000180
0.000246
0.000194
0.000180
0.000176
0.000175
0.000174
0.000171
0.000168
0.000165
0.000161
0.000157
0.000153
0.000148
0.000144
0.000139
0.000133
0.000127
0.000121
0.000115
0.000112
0.000107
0.000101
0.000095
0.000089
0.000084
0.000079
0.000074
0.000070
0.000065
0.000062
0.000057
0.000053
0.000048
0.000071
0.000067
0.000066
0.000063
0.000060
0.000059
0.000056
0.000053
0.000050
0.000048
0.000045
0.000072
0.000068
0.000070
0.000067
0.000066
0.000064
0.000063
0.000061
0.000060
0.000058
0.000058
0.000056
0.000054
0.000052
0.000050
0.000047
0.000045
0.000042
0.000040
0.000038
0.000035
0.000033
0.000030
0.000028
0.000026
0.000023
0.000021
0.000020
0.000018
0.000017
0.000015
0.000014
0.000012
0.000011
0.000010
0.000009
0.000009
0.000009
0.000008
0.000008
0.000007
0.000007
0.000007
0.000008
0.000008
0.000008
0.000069
0.000075
0.000079
0.000079
0.000079
0.000079
0.000080
0.000079
0.000078
0.000078
0.000077
0.000075
0.000073
0.000074
0.000072
0.000070
0.000069
0.000067
0.000064
0.000062
0.000059
0.000057
0.000054
0.000051
0.000048
0.000046
0.000043
0.000040
0.000044
0.000041
0.000039
0.000040
0.000037
0.000035
0.000032
0.000033
0.000030
0.000028
0.000026
0.000024
0.000022
0.000020
0.000020
0.000023
0.000022
0.000022
0.000022
0.000022
0.000021
0.000021
0.000021
0.000021
0.000021
0.000021
0.000020
0.000020
0.000019
0.000019
0.000018
0.000018
0.000017
0.000016
0.000016
0.000015
0.000015
0.000014
0.000014
0.000013
0.000013
0.000012
0.000012
0.000011
0.000011
0.000011
0.000010
0.000010
0.000009
0.000009
0.000009
0.000008
0.000008
0.000008
0.000008
0.000009
0.000009
0.000009
0.000009
0.000010
0.000010
0.000010
0.000010
0.000009
0.000009
0.000009
0.000009
0.000009
0.000009
0.000008
0.000009
0.000009
0.000008
0.000009
0.000008
0.000008
0.000008
0.000008
0.000008
0.000007
0.000007
0.000007
0.000007
0.000006
0.000006
0.000006
0.000007
0.000006
0.000006
0.000006
0.000005
0.000005
0.000005
0.000005
0.000005
0.000004
0.000004
0.000004
0.000004
0.000004
0.000004
0.000003
0.000003
0.000003
0.000003
0.000003
0.000003
0.000003
0.000003
0.000003
0.000002
0.000002
0.000002
0.000002
0.000002
0.000002
0.000002
0.000002
0.000001
0.000001
0.000001
0.000001
0.000001
0.000001
0.000833
0.000770
0.000840
0.000805
0.000808
0.000793
0.000782
0.000766
0.000748
0.000728
0.000706
0.000682
0.000656
0.000629
0.000601
0.000572
0.000542
0.000511
0.000480
0.000449
0.000417
0.000386
0.000355
0.000324
0.000293
0.000263
0.000234
0.000205
0.000177
0.000151
0.000125
0.000100
0.000076
0.000053
0.000031
0.000011
0.000000
0.000000
0.000000
0.000000
0.000000
0.000000
0.000000
0.000000
0.000000
0.000000
0.000000
0.000000
0.000000
0.000000
0.000000
0.000001
0.000001
0.000001
0.000001
0.000001
0.000001
0.000002
0.000002
0.000002
0.000002
0.000002
0.000002
0.000002
0.000002
0.000002
0.000002
0.000002
0.000001
0.000001
0.000001
0.000003
0.000003
0.000003
0.000003
0.000003
0.000003
0.000003
0.000003
0.000003
0.000002
0.000002
0.000002
0.000002
0.000002
0.000002
0.000003
0.000002
0.000002
0.000002
0.000002
0.000002
0.000002
0.000002
0.000002
0.000002
0.000001
0.000001
0.000001
0.000001
0.000001
0.000001
0.000001
0.000001
0.000002
0.000002
0.000002
0.000002
0.000002
0.000002
0.000002
0.000002
0.000002
0.000002
0.000002
0.000002
0.000002
0.000002
0.000002
0.000002
0.000002
0.000002
0.000002
0.000002
0.000002
0.000002
0.000002
0.000002
0.000001
0.000001
0.000001
0.000001
0.000001
0.000001
0.000001
0.000001
0.000001
0.000001
0.000001
0.000001
0.000001
0.000001
0.000001
0.000001
0.000001
0.000001
0.000000
0.000000
0.000002
0.000002
0.000002
0.000002
0.000002
0.000002
0.000002
0.000001
0.000001
0.000001
0.000001
0.000001
0.000001
0.000001
0.000001
0.000001
0.000001
0.000002
0.001196
0.001139
0.001233
0.001211
0.001225
0.001223
0.001221
0.001213
0.001202
0.001187
0.001169
0.001147
0.001122
0.001095
0.001065
0.001033
0.000998
0.000961
0.000923
0.000883
0.000842
0.000800
0.000757
0.000714
0.000670
0.000626
0.000582
0.000537
0.000493
0.000450
0.000406
0.000364
0.000332
0.000291
0.000252
0.000213
0.000175
0.000139
0.000104
0.000070
0.000038
0.000012
0.000012
0.000012
0.000012
0.000012
0.000012
0.000012
0.000012
0.000011
0.000011
0.000013
0.000013
0.000013
0.000012
0.000012
0.000012
0.000011
0.000011
0.000011
0.000010
0.000010
0.000009
0.000009
0.000008
0.000008
0.000008
0.000010
0.000011
0.001027
0.000979
0.001059
0.001040
0.001053
0.001051
0.001050
0.001043
0.001034
0.001021
0.001006
0.000987
0.000966
0.000942
0.000916
0.000889
0.000859
0.000828
0.000795
0.000761
0.000726
0.000690
0.000653
0.000616
0.000578
0.000540
0.000502
0.000464
0.000426
0.000389
0.000352
0.000988
0.000955
0.000976
0.000956
0.000948
0.000935
0.000921
0.000905
0.000894
0.000874
0.000855
0.000833
0.000811
0.000787
0.000762
0.000737
0.000710
0.000683
0.000655
0.000626
0.000597
0.000568
0.000538
0.000613
0.000578
0.000556
0.000524
0.000702
0.000671
0.000660
0.000656
0.000633
0.000610
0.000585
0.000559
0.000536
0.000508
0.000481
0.000464
0.000448
0.000432
0.000415
0.000398
0.000380
0.000363
0.000346
0.000328
0.000311
0.000293
0.000275
0.000258
0.000240
0.000223
0.000206
0.000189
0.000172
0.000155
0.000141
0.000128
0.000116
0.000103
0.000091
0.000078
0.000067
0.000055
0.000046
0.000037
0.000030
0.000022
0.000015
0.000009
0.000008
0.000007
0.000006
0.000007
0.000006
0.000005
0.000005
0.000004
0.000004
0.000004
0.000004
0.000004
0.000004
0.000004
0.000004
0.000004
0.000004
0.000004
0.000004
0.000004
0.000004
0.000004
0.000004
0.000004
0.000004
0.000297
0.000491
0.000505
0.000517
0.000518
0.000521
0.000521
0.000519
0.000650
0.000638
0.000642
0.000632
0.000624
0.000613
0.000601
0.000587
0.000572
0.000556
0.000538
0.000519
0.000500
0.000479
0.001004
0.000940
0.000964
0.000919
0.000898
0.000866
0.000835
0.000802
0.000767
0.000731
0.000694
0.000655
0.000617
0.000577
0.000537
0.000497
0.000458
0.000418
0.000379
0.000340
0.000306
0.000657
0.000613
0.000618
0.000587
0.000568
0.000544
0.000799
0.000781
0.000783
0.000768
0.000756
0.000741
0.000726
0.000708
0.000690
0.000670
0.000649
0.000626
0.000604
0.000611
0.000586
0.000563
0.000537
0.000513
0.000487
0.000461
0.000434
0.000407
0.000380
0.000353
0.000327
0.000300
0.000273
0.000247
0.000221
0.000196
0.000171
0.000146
0.000122
0.000099
0.000082
0.000063
0.000053
0.000044
0.000037
0.000034
0.000386
0.000423
0.000442
0.000457
0.000469
0.000481
0.000492
0.000502
0.000511
0.000519
0.000526
0.000531
0.000535
0.000539
0.000541
0.000542
0.000542
0.000541
0.000539
0.000536
0.000532
0.000528
0.000523
0.000517
0.000515
0.000508
0.000500
0.000491
0.000482
0.000472
0.000461
0.000450
0.000499
0.000484
0.000476
0.000461
0.000448
0.000434
0.000419
0.000489
0.000479
0.000474
0.000465
0.000457
0.000449
0.000570
0.000551
0.000553
0.000537
0.000527
0.000514
0.000502
0.000487
0.000473
0.000457
0.000441
0.000424
0.000407
0.000389
0.000371
0.000353
0.000334
0.000315
0.000296
0.000359
0.000344
0.000331
0.000319
0.000308
0.000297
0.000289
0.000278
0.000267
0.000256
0.000250
0.000241
0.000234
0.000225
0.000499
0.000495
0.000509
0.000509
0.000516
0.000521
0.000527
0.000531
0.000535
0.000538
0.000540
0.000565
0.000566
0.000568
0.000568
0.000568
0.000568
0.000566
0.000564
0.000562
0.000559
0.000556
0.000552
0.000547
0.000542
0.000537
0.000531
0.000524
0.000518
0.000511
0.000503
0.000495
0.000487
0.000478
0.000469
0.000460
0.000450
0.000440
0.000430
0.000419
0.000409
0.000398
0.000389
0.000377
0.000366
0.000354
0.000342
0.000330
0.000318
0.000405
0.000392
0.000388
0.000376
0.000367
0.000357
0.000347
0.000337
0.000326
0.000315
0.000303
0.000291
0.000281
0.000269
0.000260
0.000251
0.000242
0.000337
0.000325
0.000323
0.000313
0.000306
0.000297
0.000359
0.000352
0.000348
0.000342
0.000336
0.000329
0.000322
0.000314
0.000306
0.000298
0.000289
0.000281
0.000271
0.000262
0.000253
0.000243
0.000233
0.000224
0.000295
0.000283
0.000281
0.000271
0.000263
0.000255
0.000246
0.000237
0.000227
0.000218
0.000208
0.000198
0.000188
0.000179
0.000170
0.000160
0.000150
0.000141
0.000131
0.000121
0.000112
0.000102
0.000092
0.000083
0.000074
0.000066
0.000060
0.000054
0.000048
0.000042
0.000036
0.000030
0.000024
0.000019
0.000015
0.000012
0.000008
0.000004
0.000002
0.000001
0.000000
0.000000
0.000000
0.000000
0.000000
0.000000
0.000000
0.000000
0.000000
0.000253
0.000242
0.000263
0.000259
0.000263
0.000263
0.000263
0.000262
0.000261
0.000258
0.000254
0.000250
0.000245
0.000240
0.000233
0.000227
0.000220
0.000212
0.000414
0.000419
0.000424
0.000418
0.000413
0.000407
0.000400
0.000392
0.000384
0.000374
0.000364
0.000353
0.000342
0.000330
0.000318
0.000306
0.000293
0.000280
0.000266
0.000253
0.000315
0.000307
0.000303
0.000294
0.000290
0.000289
0.000287
0.000284
0.000281
0.000278
0.000274
0.000270
0.000265
0.000260
0.000254
0.000248
0.000242
0.000237
0.000274
0.000269
0.000265
0.000329
0.000327
0.000330
0.000329
0.000329
0.000328
0.000326
0.000325
0.000323
0.000320
0.000318
0.000314
0.000311
0.000307
0.000303
0.000298
0.000293
0.000336
0.000334
0.000336
0.000334
0.000334
0.000332
0.000331
0.000329
0.000416
0.000410
0.000415
0.000412
0.000412
0.000409
0.000407
0.000404
0.000401
0.000396
0.000391
0.000386
0.000380
0.000374
0.000367
0.000359
0.000352
0.000344
0.000365
0.000356
0.000349
0.000342
0.000333
0.000323
0.000314
0.000304
0.000293
0.000284
0.000274
0.000264
0.000254
0.000243
0.000232
0.000222
0.000211
0.000200
0.000189
0.000178
0.000167
0.000156
0.000145
0.000134
0.000125
0.000116
0.000108
0.000099
0.000118
0.000110
0.000104
0.000096
0.000089
0.000082
0.000075
0.000067
0.000060
0.000053
0.000046
0.000040
0.000039
0.000038
0.000037
0.000039
0.000038
0.000037
0.000039
0.000038
0.000037
0.000036
0.000035
0.000034
0.000067
0.000064
0.000066
0.000064
0.000063
0.000061
0.000060
0.000059
0.000057
0.000055
0.000079
0.000078
0.000078
0.000076
0.000076
0.000074
0.000073
0.000071
0.000070
0.000068
0.000066
0.000064
0.000062
0.000060
0.000058
0.000056
0.000054
0.000052
0.000184
0.000176
0.000184
0.000179
0.000180
0.000178
0.000176
0.000173
0.000169
0.000166
0.000162
0.000157
0.000152
0.000150
0.000145
0.000141
0.000136
0.000131
0.000125
0.000121
0.000115
0.000110
0.000104
0.000098
0.000092
0.000086
0.000080
0.000074
0.000068
0.000062
0.000056
0.000050
0.000045
0.000040
0.000035
0.000030
0.000025
0.000020
0.000015
0.000015
0.000010
0.000008
0.000007
0.000007
0.000007
0.000007
0.000024
0.000023
0.000024
0.000023
0.000023
0.000023
0.000022
0.000022
0.000022
0.000021
0.000021
0.000021
0.000020
0.000019
0.000137
0.000131
0.000140
0.000137
0.000138
0.000138
0.000137
0.000136
0.000134
0.000132
0.000130
0.000127
0.000124
0.000121
0.000117
0.000113
0.000109
0.000105
0.000101
0.000096
0.000091
0.000115
0.000109
0.000107
0.000114
0.000109
0.000105
0.000100
0.000096
0.000091
0.000086
0.000081
0.000076
0.000071
0.000066
0.000061
0.000056
0.000051
0.000046
0.000041
0.000036
0.000032
0.000029
0.000027
0.000026
0.000024
0.000023
0.000021
0.000020
0.000018
0.000017
0.000015
0.000017
0.000015
0.000014
0.000013
0.000011
0.000010
0.000009
0.000008
0.000007
0.000006
0.000004
0.000004
0.000004
0.000003
0.000003
0.000003
0.000003
0.000003
0.000003
0.000003
0.000002
0.000002
0.000002
0.000002
0.000002
0.000002
0.000002
0.000001
0.000001
0.000001
0.000001
0.000001
0.000001
0.000001
0.000001
0.000000
0.000000
0.000000
0.000000
0.000465
0.000431
0.000471
0.000453
0.000457
0.000450
0.000445
0.000437
0.000428
0.000417
0.000406
0.000393
0.000379
0.000365
0.000349
0.000333
0.000317
0.000300
0.000283
0.000265
0.000248
0.000230
0.000212
0.000273
0.000252
0.000241
0.000223
0.000208
0.000192
0.000326
0.000308
0.000304
0.000290
0.000279
0.000268
0.000256
0.000245
0.000265
0.000267
0.000270
0.000271
0.000273
0.000274
0.000274
0.000274
0.000273
0.000272
0.000271
0.000269
0.000267
0.000265
0.000262
0.000259
0.000256
0.000252
0.000340
0.000341
0.000346
0.000348
0.000351
0.000353
0.000355
0.000357
0.000358
0.000359
0.000362
0.000364
0.000366
0.000367
0.000369
0.000369
0.000370
0.000370
0.000369
0.000368
0.000368
0.000368
0.000366
0.000364
0.000361
0.000359
0.000356
0.000353
0.000349
0.000348
0.000343
0.000339
0.000335
0.000330
0.000325
0.000319
0.000314
0.000329
0.000322
0.000317
0.000311
0.000304
0.000298
0.000291
0.000284
0.000307
0.000298
0.000293
0.000284
0.000277
0.000269
0.000389
0.000382
0.000385
0.000379
0.000376
0.000372
0.000367
0.000426
0.000416
0.000415
0.000406
0.000412
0.000404
0.000398
0.000389
0.000381
0.000372
0.000363
0.000353
0.000343
0.000332
0.000321
0.000310
0.002029
0.001889
0.002028
0.001949
0.002055
0.002017
0.001995
0.001964
0.001922
0.001913
0.001859
0.001805
0.001744
0.001681
0.001614
0.001545
0.001473
0.001400
0.001325
0.001249
0.001172
0.001097
0.001021
0.000946
0.000872
0.000799
0.000727
0.000657
0.000587
0.000521
0.000458
0.000397
0.000338
0.000282
0.000228
0.000176
0.000312
0.000281
0.000289
0.000275
0.000268
0.000259
0.000252
0.000244
0.000238
0.000233
0.000227
0.000220
0.000243
0.000238
0.000234
0.000228
0.000226
0.000222
0.000218
0.000214
0.000209
0.000205
0.000200
0.000195
0.000189
0.000197
0.000191
0.000186
0.000180
0.000174
0.000168
0.000163
0.000157
0.000151
0.000144
0.000139
0.000133
0.000128
0.000122
0.000116
0.000111
0.000105
0.000099
0.000093
0.000087
0.000082
0.000076
0.000070
0.000064
0.000059
0.000053
0.000048
0.000044
0.000040
0.000036
0.000032
0.000029
0.000025
0.000021
0.000018
0.000014
0.000011
0.000032
0.000029
0.000029
0.000028
0.000028
0.000028
0.000028
0.000028
0.000028
0.000028
0.000048
0.000046
0.000047
0.000058
0.000176
0.000170
0.000178
0.000175
0.000175
0.000173
0.000172
0.000169
0.000167
0.000164
0.000160
0.000156
0.000152
0.000147
0.000165
0.000159
0.000156
0.000150
0.000145
0.000196
0.000192
0.000194
0.000191
0.000190
0.000287
0.000280
0.000285
0.000280
0.000278
0.000274
0.000270
0.000266
0.000261
0.000256
0.000250
0.000336
0.000323
0.000324
0.000313
0.000306
0.000297
0.000288
0.000278
0.000268
0.000258
0.000281
0.000273
0.000265
0.000381
0.000367
0.000368
0.000356
0.000350
0.000341
0.000332
0.000323
0.000314
0.000304
0.000294
0.000333
0.000323
0.000317
0.000309
0.000301
0.000292
0.000284
0.000293
0.000286
0.000280
0.000273
0.000265
0.000259
0.000251
0.000243
0.000235
0.000227
0.000219
0.000210
0.000202
0.000193
0.000185
0.000176
0.000168
0.000159
0.000151
0.000142
0.000134
0.000126
0.000117
0.000109
0.000105
0.000100
0.000095
0.000090
0.000086
0.000128
0.000119
0.000119
0.000112
0.000108
0.000104
0.000101
0.000133
0.000128
0.000127
0.000137
0.000133
0.000130
0.000144
0.000170
0.000172
0.000170
0.000165
0.000161
0.000157
0.000152
0.000146
0.000141
0.000135
0.000130
0.000124
0.000119
0.000114
0.000109
0.000104
0.000099
0.000094
0.000089
0.000084
0.000115
0.000108
0.000108
0.000104
0.000101
0.000098
0.000094
0.000091
0.000087
0.000083
0.000080
0.000076
0.000072
0.000068
0.000068
0.000064
0.000061
0.000058
0.000055
0.000053
0.000050
0.000048
0.000062
0.000059
0.000058
0.000055
0.000076
0.000076
0.000075
0.000076
0.000075
0.000075
0.000075
0.000075
0.000075
0.000074
0.000075
0.000074
0.000073
0.000073
0.000072
0.000071
0.000070
0.000068
0.000067
0.000066
0.000064
0.000093
0.000091
0.000092
0.000096
0.000147
0.000144
0.000148
0.000146
0.000145
0.000144
0.000143
0.000141
0.000139
0.000137
0.000158
0.000157
0.000156
0.000154
0.000152
0.000161
0.000158
0.000290
0.000281
0.000290
0.000341
0.000339
0.000341
0.000338
0.000335
0.000331
0.000409
0.000400
0.000401
0.000393
0.000387
0.000379
0.000371
0.000362
0.000353
0.000342
0.000331
0.000320
0.000312
0.000301
0.000289
0.000276
0.000264
0.000252
0.000239
0.000227
0.000215
0.000202
0.000189
0.000177
0.000164
0.000152
0.000140
0.000127
0.000116
0.000104
0.000093
0.000102
0.000092
0.000085
0.000079
0.000074
0.000069
0.000064
0.000059
0.000055
0.000702
0.000668
0.000717
0.000705
0.000712
0.000711
0.000710
0.000706
0.000699
0.000691
0.000680
0.000668
0.000654
0.000639
0.000622
0.000603
0.000584
0.000588
0.000567
0.000547
0.000525
0.000504
0.000481
0.000457
0.000434
0.000410
0.000386
0.000362
0.000338
0.000314
0.000290
0.000267
0.000244
0.000222
0.000200
0.000178
0.000157
0.000137
0.000117
0.000098
0.000080
0.000064
0.000063
0.000062
0.000061
0.000060
0.000060
0.000144
0.000238
0.000240
0.000244
0.000242
0.000241
0.000239
0.000241
0.000238
0.000249
0.000245
0.000242
0.000238
0.000233
0.000236
0.000230
0.000225
0.000219
0.000213
0.000206
0.000199
0.000192
0.000185
0.000184
0.000177
0.000170
0.000163
0.000156
0.000149
0.000148
0.000142
0.000136
0.000130
0.000124
0.000119
0.000113
0.000108
0.000104
0.000109
0.000106
0.000104
0.000101
0.000099
0.000099
0.000099
0.000102
0.000103
0.000641
0.000617
0.000660
0.000650
0.000658
0.000657
0.000657
0.000658
0.000654
0.000654
0.000646
0.000637
0.000626
0.000614
0.000600
0.000599
0.000583
0.000567
0.000549
0.000531
0.000513
0.000494
0.000474
0.000453
0.000432
0.000411
0.000390
0.000369
0.000348
0.000419
0.000396
0.000383
0.000361
0.000342
0.000322
0.000303
0.000284
0.000265
0.000246
0.000227
0.000209
0.000372
0.000358
0.000368
0.000360
0.000358
0.000353
0.000348
0.000385
0.000375
0.000371
0.000362
0.000354
0.000344
0.000334
0.000324
0.000313
0.000302
0.000335
0.000321
0.000312
0.000300
0.000288
0.000276
0.000263
0.000251
0.000238
0.000225
0.000212
0.000200
0.000187
0.000176
0.000166
0.000156
0.000146
0.000136
0.000126
0.000154
0.000143
0.000137
0.000127
0.000119
0.000111
0.000107
0.000104
0.000101
0.000101
0.000097
0.000110
0.000107
0.000105
0.000103
0.000100
0.000098
0.000095
0.000093
0.000091
0.000088
0.000086
0.000084
0.000082
0.000080
0.000078
0.000076
0.000074
0.000071
0.000116
0.000111
0.000113
0.000109
0.000107
0.000104
0.000102
0.000099
0.000096
0.000094
0.000091
0.000087
0.000194
0.000186
0.000192
0.000188
0.000186
0.000184
0.000181
0.000177
0.000174
0.000169
0.000165
0.000160
0.000155
0.000150
0.000144
0.000139
0.000133
0.000127
0.000120
0.000114
0.000108
0.000223
0.000216
0.000218
0.000213
0.000212
0.000210
0.000207
0.000204
0.000201
0.000198
0.000194
0.000190
0.000202
0.000201
0.000197
0.000289
0.000287
0.000290
0.000319
0.000317
0.000318
0.000316
0.000315
0.000331
0.000330
0.000331
0.000329
0.000328
0.000326
0.000324
0.000321
0.000318
0.000315
0.000311
0.000306
0.000302
0.000297
0.000291
0.000286
0.000280
0.000274
0.000267
0.000261
0.000254
0.000247
0.000240
0.000232
0.000238
0.000231
0.000226
0.000219
0.000212
0.000204
0.000197
0.000191
0.000187
0.000183
0.000179
0.000175
0.000170
0.000166
0.000162
0.000165
0.000170
0.000166
0.000198
0.000201
0.000201
0.000199
0.000198
0.000197
0.000196
0.000194
0.000193
0.000191
0.000189
0.000187
0.000185
0.000183
0.000180
0.000178
0.000175
0.000172
0.000170
0.000167
0.000164
0.000161
0.000158
0.000154
0.000151
0.000148
0.000144
0.000141
0.000137
0.000133
0.000130
0.000126
0.000122
0.000119
0.000115
0.000111
0.000107
0.000103
0.000099
0.000104
0.000101
0.000098
0.000095
0.000107
0.000103
0.000101
0.000097
0.000094
0.000091
0.000087
0.000084
0.000080
0.000077
0.000073
0.000069
0.000092
0.000087
0.000085
0.000081
0.000077
0.000073
0.000069
0.000065
0.000061
0.000057
0.000053
0.000054
0.000050
0.000047
0.000044
0.000041
0.000040
0.000038
0.000037
0.000035
0.000034
0.000033
0.000031
0.000030
0.000029
0.000027
0.000026
0.000025
0.000024
0.000023
0.000022
0.000021
0.000027
0.000027
0.000027
0.000027
0.000027
0.000026
0.000026
0.000109
0.000107
0.000113
0.000113
0.000114
0.000115
0.000286
0.000278
0.000291
0.000287
0.000288
0.000287
0.000286
0.000283
0.000280
0.000276
0.000272
0.000267
0.000264
0.000258
0.000252
0.000245
0.000238
0.000231
0.000224
0.000215
0.000207
0.000198
0.000189
0.000180
0.000171
0.000162
0.000153
0.000144
0.000134
0.000153
0.000144
0.000148
0.000139
0.000132
0.000124
0.000117
0.000109
0.000102
0.000095
0.000087
0.000084
0.000089
0.000087
0.000095
0.000092
0.000090
0.000087
0.000084
0.000082
0.000079
0.000077
0.000073
0.000070
0.000067
0.000064
0.000061
0.000057
0.000054
0.000079
0.000077
0.000076
0.000075
0.000074
0.000072
0.000070
0.000069
0.000067
0.000065
0.000064
0.000062
0.000060
0.000058
0.000057
0.000055
0.000053
0.000052
0.000050
0.000048
0.000046
0.000044
0.000042
0.000040
0.000079
0.000075
0.000077
0.000077
0.000076
0.000074
0.000072
0.000070
0.000068
0.000065
0.000063
0.000061
0.000058
0.000059
0.000056
0.000053
0.000050
0.000048
0.000045
0.000042
0.000039
0.000037
0.000034
0.000031
0.000029
0.000026
0.000024
0.000021
0.000024
0.000022
0.000020
0.000017
0.000016
0.000014
0.000012
0.000011
0.000012
0.000011
0.000011
0.000011
0.000010
0.000010
0.000010
0.000009
0.000009
0.000008
0.000008
0.000008
0.000012
0.000012
0.000012
0.000011
0.000011
0.000010
0.000010
0.000010
0.000009
0.000009
0.000011
0.000011
0.000011
0.000010
0.000010
0.000010
0.000009
0.000009
0.000009
0.000008
0.000008
0.000008
0.000007
0.000007
0.000006
0.000006
0.000006
0.000005
0.000005
0.000004
0.000004
0.000004
0.000003
0.000003
0.000003
0.000002
0.000002
0.000002
0.000002
0.000001
0.000001
0.000001
0.000001
0.000001
0.000000
0.000000
0.000000
0.000000
0.000008
0.000031
0.000031
0.000032
0.000032
0.000032
0.000032
0.000032
0.000032
0.000032
0.000032
0.000031
0.000030
0.000030
0.000029
0.000028
0.000027
0.000028
0.000027
0.000027
0.000026
0.000025
0.000024
0.000023
0.000022
0.000021
0.000020
0.000018
0.000017
0.000016
0.000015
0.000014
0.000013
0.000012
0.000011
0.000010
0.000008
0.000009
0.000008
0.000007
0.000006
0.000006
0.000005
0.000005
0.000005
0.000013
0.000012
0.000013
0.000012
0.000012
0.000012
0.000012
0.000012
0.000078
0.000074
0.000079
0.000078
0.000078
0.000078
0.000077
0.000076
0.000075
0.000074
0.000072
0.000071
0.000069
0.000067
0.000065
0.000063
0.000060
0.000059
0.000056
0.000054
0.000051
0.000048
0.000045
0.000043
0.000040
0.000037
0.000034
0.000032
0.000029
0.000027
0.000024
0.000022
0.000019
0.000017
0.000015
0.000013
0.000010
0.000008
0.000006
0.000004
0.000002
0.000001
0.000001
0.000001
0.000001
0.000026
0.000025
0.000027
0.000026
0.000027
0.000027
0.000026
0.000026
0.000026
0.000026
0.000025
0.000025
0.000024
0.000023
0.000023
0.000022
0.000021
0.000021
0.000020
0.000019
0.000018
0.000017
0.000016
0.000015
0.000023
0.000022
0.000022
0.000022
0.000021
0.000021
0.000020
0.000020
0.000019
0.000018
0.000021
0.000021
0.000021
0.000020
0.000020
0.000289
0.000276
0.000297
0.000292
0.000295
0.000294
0.000294
0.000292
0.000289
0.000285
0.000281
0.000276
0.000270
0.000264
0.000257
0.000250
0.000242
0.000233
0.000226
0.000217
0.000209
0.000199
0.000210
0.000199
0.000190
0.000180
0.000170
0.000159
0.000149
0.000139
0.000128
0.000118
0.000108
0.000098
0.000088
0.000079
0.000069
0.000060
0.000051
0.000042
0.000034
0.000027
0.000026
0.000042
0.000040
0.000040
0.000039
0.000038
0.000036
0.000035
0.000033
0.000032
0.000030
0.000029
0.000027
0.000026
0.000031
0.000031
0.000030
0.000029
0.000029
0.000028
0.000028
0.000028
0.000028
0.000028
0.000028
0.000051
0.000050
0.000051
0.000051
0.000051
0.000051
0.000051
0.000051
0.000051
0.000051
0.000050
0.000050
0.000049
0.000048
0.000047
0.000047
0.000046
0.000045
0.000044
0.000043
0.000042
0.000040
0.000049
0.000047
0.000047
0.000046
0.000045
0.000044
0.000043
0.000042
0.000041
0.000040
0.000039
0.000037
0.000048
0.000047
0.000047
0.000045
0.000045
0.000043
0.000042
0.000041
0.000853
0.000789
0.000856
0.000824
0.000826
0.000811
0.000800
0.000784
0.000766
0.000745
0.000723
0.000699
0.000673
0.000646
0.000618
0.000588
0.000558
0.000528
0.000496
0.000465
0.000433
0.000402
0.000370
0.000339
0.000309
0.000279
0.000250
0.000221
0.000193
0.000233
0.000206
0.000186
0.000162
0.000141
0.000120
0.000100
0.000088
0.000088
0.000088
0.000087
0.000086
0.000085
0.000084
0.000083
0.000082
0.000087
0.000086
0.000085
0.000083
0.000081
0.000079
0.000077
0.000075
0.000073
0.000071
0.000068
0.000066
0.000064
0.000061
0.000058
0.000056
0.000053
0.000050
0.000063
0.000059
0.000058
0.000054
0.000052
0.000212
0.000196
0.000216
0.000206
0.000204
0.000199
0.000194
0.000188
0.000182
0.000177
0.000170
0.000165
0.000159
0.000152
0.000146
0.000139
0.000132
0.000125
0.000118
0.000111
0.000104
0.000096
0.000089
0.000082
0.000075
0.000068
0.000078
0.000070
0.000065
0.000058
0.000052
0.000046
0.000041
0.000036
0.000031
0.000026
0.000022
0.000021
0.000020
0.000020
0.000019
0.000018
0.000017
0.000016
0.000015
0.000015
0.000014
0.000013
0.000012
0.000012
0.000011
0.000010
0.000009
0.000009
0.000008
0.000009
0.000008
0.000007
0.000007
0.000006
0.000006
0.000005
0.000004
0.000004
0.000003
0.000003
0.000002
0.000002
0.000002
0.000002
0.000002
0.000002
0.000002
0.000002
0.000002
0.000001
0.000001
0.000001
0.000001
0.000001
0.000001
0.000001
0.000001
0.000001
0.000001
0.000001
0.000001
0.000001
0.000001
0.000001
0.000002
0.000001
0.011363
0.010514
0.011503
0.011056
0.011129
0.010955
0.010833
0.011009
0.010811
0.010625
0.010371
0.010102
0.009801
0.009479
0.009134
0.008772
0.008392
0.008000
0.012147
0.012014
0.012062
0.011973
0.011875
0.012051
0.011949
0.011846
0.011716
0.011571
0.011410
0.011233
0.011042
0.010836
0.012823
0.012719
0.012794
0.012710
0.012675
0.012596
0.012518
0.012416
0.012408
0.012282
0.012157
0.012008
0.011848
0.012665
0.012606
0.012566
0.012499
0.012427
0.012347
0.012257
0.012158
0.012162
0.012040
0.011924
0.011788
0.011647
0.011496
0.011337
0.011170
0.010994
0.010811
0.010619
0.010421
0.011899
0.011608
0.011523
0.011268
0.011059
0.010820
0.010577
0.010320
0.010054
0.009777
0.009491
0.009196
0.008894
0.008585
0.008269
0.007947
0.007620
0.008705
0.008462
0.008283
0.008049
0.007828
0.007598
0.007624
0.007401
0.007185
0.006961
0.006735
0.006507
0.006289
0.006089
0.005897
0.005723
0.005548
0.005372
0.005195
0.005016
0.011036
0.010391
0.010805
0.010380
0.010743
0.010639
0.010587
0.010481
0.010366
0.010229
0.010074
0.009902
0.009713
0.009508
0.009289
0.009055
0.008809
0.008550
0.008281
0.008000
0.007711
0.007412
0.007106
0.006800
0.006498
0.006201
0.005887
0.005572
0.005252
0.004930
0.004606
0.004282
0.003958
0.003634
0.003322
0.003035
0.002752
0.002473
0.002195
0.001950
0.001738
0.001532
0.001329
0.001130
0.000937
0.000754
0.000603
0.000522
0.000443
0.000366
0.000293
0.000223
0.000610
0.000528
0.000504
0.000471
0.000478
0.000478
0.000478
0.000475
0.000481
0.000475
0.000469
0.000461
0.000452
0.000441
0.000430
0.000418
0.000405
0.000391
0.000376
0.000361
0.005637
0.005203
0.005627
0.005382
0.006314
0.006375
0.006515
0.006677
0.006786
0.006918
0.007015
0.007100
0.007173
0.007238
0.007301
0.007348
0.007389
0.007421
0.007446
0.008551
0.008541
0.008625
0.008628
0.008645
0.008647
0.008650
0.008644
0.011246
0.011285
0.011699
0.011777
0.011924
0.012021
0.012122
0.012203
0.012274
0.012332
0.012489
0.012528
0.012565
0.012586
0.012598
0.012601
0.012594
0.012578
0.012554
0.012522
0.012483
0.012436
0.012382
0.012359
0.012291
0.012221
0.012143
0.012061
0.011973
0.011880
0.013468
0.013287
0.013314
0.013175
0.013084
0.012966
0.012942
0.012817
0.012688
0.014236
0.014136
0.014170
0.014113
0.014802
0.014812
0.014853
0.014856
0.014856
0.014867
0.014848
0.014821
0.014785
0.014739
0.014683
0.014618
0.014543
0.014458
0.014422
0.014317
0.014212
0.014092
0.013985
0.013850
0.013711
0.013562
0.013877
0.013708
0.013575
0.013403
0.013235
0.013057
0.013516
0.013347
0.013222
0.013052
0.012889
0.012714
0.012535
0.012349
0.012156
0.011958
0.011756
0.011546
0.011332
0.011112
0.010930
0.010702
0.010472
0.010238
0.010006
0.009764
0.009519
0.009271
0.009021
0.008768
0.008513
0.008257
0.007998
0.007739
0.007548
0.007289
0.007033
0.006774
0.006515
0.006257
0.005998
0.005798
0.005533
0.005279
0.005018
0.004759
0.004501
0.004243
0.004042
0.003788
0.003550
0.003311
0.003074
0.002852
0.002645
0.002454
0.002266
0.002079
0.001902
0.001740
0.001578
0.001441
0.001301
0.001163
0.001197
0.001064
0.000940
0.000810
0.000796
0.000712
0.000654
0.000601
0.000567
0.000556
0.000556
0.000555
0.000554
0.000554
0.000551
0.000547
0.000542
0.000537
0.000531
0.000526
0.001219
0.001199
0.001244
0.001252
0.001260
0.001263
0.001263
0.001261
0.001256
0.001248
0.001240
0.001229
0.001216
0.001200
0.001183
0.001165
0.001144
0.001121
0.001097
0.001071
0.001043
0.001014
0.000984
0.001018
0.000987
0.000960
0.000929
0.001095
0.001072
0.001061
0.001039
0.001019
0.000998
0.000996
0.000975
0.000955
0.000934
0.000912
0.000890
0.000867
0.000843
0.001234
0.001181
0.001193
0.001154
0.001133
0.001104
0.001077
0.001047
0.001020
0.001008
0.000994
0.000980
0.000964
0.000946
0.000928
0.000909
0.000889
0.000868
0.000846
0.001693
0.001630
0.001675
0.001636
0.001624
0.001599
0.001574
0.001546
0.001515
0.001489
0.001481
0.001903
0.001830
0.001827
0.001766
0.001724
0.001671
0.001622
0.001576
0.001528
0.001477
0.001424
0.001370
0.003083
0.002993
0.003065
0.003013
0.002995
0.002960
0.002923
0.002878
0.002829
0.002806
0.002749
0.002688
0.002628
0.002564
0.002497
0.002450
0.002375
0.002302
0.002227
0.002169
0.002528
0.003426
0.003322
0.003336
0.003240
0.003188
0.003112
0.003037
0.002953
0.002865
0.002771
0.002673
0.002952
0.002860
0.002779
0.002671
0.002566
0.002457
0.002346
0.002233
0.002119
0.002004
0.001892
0.001776
0.001660
0.001545
0.001431
0.001319
0.001208
0.002128
0.002023
0.002520
0.002423
0.002417
0.002351
0.002302
0.002242
0.002181
0.002134
0.002087
0.002036
0.001980
0.001930
0.001878
0.001823
0.001764
0.001703
0.001640
0.001574
0.001507
0.001438
0.001368
0.001297
0.001625
0.001549
0.001508
0.001636
0.001595
0.001547
0.001489
0.001432
0.001374
0.001320
0.001269
0.001218
0.001405
0.001364
0.001330
0.001289
0.001250
0.001209
0.001187
0.001170
0.001151
0.001130
0.001108
0.001085
0.001253
0.001252
0.001260
0.001260
0.001273
0.001274
0.001276
0.001276
0.001276
0.001276
0.001275
0.001274
0.001272
0.001269
0.001267
0.001264
0.001262
0.001259
0.001255
0.001887
0.001835
0.001884
0.001854
0.001853
0.001838
0.001829
0.001824
0.001817
0.001808
0.001797
0.001793
0.001779
0.001764
0.001747
0.001728
0.001709
0.001689
0.001669
0.001647
0.001626
0.001604
0.001582
0.001563
0.001541
0.001520
0.001499
0.001477
0.001457
0.001437
0.001440
0.001420
0.001404
0.001386
0.001369
0.001352
0.001340
0.001338
0.001336
0.001334
0.001332
0.001329
0.001348
0.001343
0.001341
0.001337
0.001333
0.001328
0.001324
0.001319
0.001314
0.001308
0.001301
0.001295
0.001288
0.001281
0.001273
0.001266
0.001258
0.001249
0.001241
0.001731
0.001699
0.001729
0.001711
0.001708
0.001698
0.001688
0.001675
0.001660
0.001644
0.001626
0.001607
0.001586
0.001564
0.001541
0.001517
0.001491
0.001465
0.001438
0.001420
0.001392
0.001367
0.001338
0.001309
0.001279
0.001250
0.001220
0.001190
0.002340
0.002222
0.002294
0.002220
0.002199
0.002151
0.002442
0.002367
0.002344
0.002276
0.002220
0.002155
0.002089
0.002020
0.001961
0.001902
0.001839
0.001774
0.001707
0.001639
0.001571
0.001501
0.001437
0.001367
0.001298
0.001229
0.001324
0.001266
0.001215
0.001161
0.001108
0.001056
0.001005
0.000955
0.002420
0.002259
0.002344
0.002261
0.002252
0.002211
0.002175
0.002129
0.002079
0.002023
0.001964
0.001901
0.001925
0.001857
0.001795
0.001725
0.001654
0.001581
0.001507
0.001431
0.001354
0.001277
0.001227
0.001157
0.001954
0.001927
0.001933
0.001916
0.001900
0.001884
0.001864
0.001843
0.001819
0.001796
0.001773
0.001761
0.001735
0.001714
0.001692
0.001669
0.001646
0.001620
0.001591
0.001561
0.001530
0.001497
0.001462
0.001427
0.001390
0.001352
0.001366
0.001444
0.001403
0.001374
0.001335
0.001297
0.001257
0.001217
0.001174
0.001131
0.001087
0.001042
0.000996
0.000959
0.000912
0.000865
0.000818
0.000798
0.000760
0.000715
0.000670
0.000624
0.000579
0.000534
0.000490
0.000451
0.000430
0.000410
0.000389
0.000381
0.000373
0.000365
0.000356
0.000348
0.000339
0.000331
0.000323
0.000314
0.000311
0.000302
0.000294
0.000286
0.000278
0.000402
0.000392
0.000394
0.000388
0.000383
0.000378
0.000372
0.000366
0.000362
0.000356
0.000351
0.001526
0.001432
0.001528
0.001475
0.001475
0.001449
0.001428
0.001399
0.001368
0.001332
0.001293
0.001252
0.001207
0.001160
0.001112
0.001061
0.001009
0.000957
0.000904
0.000851
0.000797
0.000744
0.000690
0.000637
0.000863
0.000815
0.000796
0.000752
0.000715
0.000675
0.000635
0.000931
0.000875
0.000862
0.000816
0.000783
0.000742
0.001958
0.001893
0.001959
0.001914
0.001914
0.001895
0.001877
0.002145
0.002159
0.002182
0.002192
0.002201
0.002205
0.002205
0.002202
0.002195
0.002184
0.002171
0.002154
0.002135
0.002113
0.002088
0.002061
0.002121
0.002088
0.002069
0.002177
0.002158
0.002146
0.002126
0.002106
0.002083
0.002058
0.002032
0.002211
0.002178
0.002390
0.002365
0.002365
0.002345
0.004400
0.004373
0.004500
0.004507
0.004540
0.004556
0.004565
0.004568
0.004559
0.004571
0.004545
0.004515
0.004473
0.004426
0.004370
0.004307
0.004733
0.004650
0.004705
0.004622
0.004553
0.004467
0.004377
0.004281
0.004177
0.004068
0.004071
0.003954
0.003842
0.003719
0.003593
0.003464
0.003331
0.003197
0.003059
0.002952
0.008061
0.007814
0.008200
0.008128
0.008201
0.008173
0.008701
0.008661
0.008680
0.008632
0.008589
0.008526
0.008521
0.008439
0.008349
0.008583
0.008456
0.008363
0.008234
0.008108
0.007997
0.007853
0.007707
0.007572
0.007414
0.007253
0.007679
0.007499
0.007371
0.007201
0.007050
0.006900
0.006751
0.006595
0.006534
0.006393
0.006251
0.006108
0.005965
0.005820
0.005863
0.005730
0.005604
0.005473
0.005343
0.005214
0.005086
0.005068
0.004951
0.004877
0.004764
0.005892
0.005721
0.005769
0.005632
0.005538
0.005420
0.005304
0.005182
0.005056
0.004923
0.004786
0.004644
0.004498
0.004350
0.004197
0.004041
0.003881
0.003718
0.003552
0.003383
0.003303
0.003126
0.002959
0.002790
0.002643
0.002468
0.002362
0.002182
0.002159
0.002069
0.002007
0.008157
0.007781
0.008161
0.008109
0.008188
0.008398
0.008420
0.008433
0.008419
0.008391
0.008347
0.008305
0.008259
0.008196
0.008119
0.008026
0.008006
0.007882
0.007757
0.007612
0.007552
0.007387
0.007219
0.010417
0.010344
0.010503
0.010464
0.010482
0.010456
0.010429
0.010382
0.010326
0.010253
0.010170
0.010072
0.009961
0.010115
0.009984
0.009868
0.009721
0.009846
0.009677
0.011097
0.011006
0.011146
0.011040
0.010971
0.010865
0.010758
0.011295
0.011282
0.011209
0.011166
0.011101
0.011035
0.011412
0.011324
0.011273
0.011189
0.011109
0.011021
0.010928
0.010829
0.011029
0.010950
0.010881
0.010799
0.010716
0.010629
0.010538
0.010445
0.010350
0.010252
0.010152
0.010050
0.009946
0.009842
0.009735
0.009630
0.009524
0.013832
0.013558
0.013863
0.013700
0.013746
0.013682
0.013672
0.013623
0.013585
0.013591
0.013614
0.013619
0.013618
0.013753
0.013745
0.013736
0.013724
0.013701
0.013675
0.013642
0.013604
0.013563
0.013520
0.013473
0.013423
0.013371
0.013317
0.013261
0.013203
0.013144
0.013107
0.013046
0.012986
0.012993
0.012934
0.012877
0.012819
0.012770
0.012722
0.012673
0.012624
0.012575
0.012527
0.012479
0.012437
0.012395
0.012353
0.012311
0.012268
0.012224
0.012180
0.012135
0.012089
0.015805
0.015903
0.016294
0.016419
0.016596
0.016742
0.016892
0.017032
0.017178
0.017305
0.017427
0.017542
0.017650
0.017751
0.017846
0.017934
0.018016
0.018092
0.018162
0.018226
0.018309
0.018361
0.018410
0.018452
0.018490
0.018522
0.018549
0.018571
0.018588
0.018601
0.018609
0.018612
0.018612
0.018658
0.018652
0.018647
0.018710
0.018705
0.018692
0.018676
0.018655
0.018632
0.018623
0.018596
0.018570
0.018542
0.018510
0.021255
0.021276
0.021483
0.021528
0.021621
0.021685
0.021750
0.021801
0.021844
0.021880
0.022880
0.023028
0.023219
0.023369
0.023523
0.023667
0.023807
0.023941
0.024069
0.024190
0.024306
0.024415
0.024518
0.024615
0.024706
0.024791
0.024871
0.024944
0.025011
0.025072
0.025128
0.025179
0.025923
0.025942
0.026049
0.026074
0.026129
0.026159
0.026193
0.026215
0.026585
0.029735
0.029734
0.029993
0.030019
0.030126
0.030179
0.030268
0.030302
0.030334
0.030347
0.030351
0.030340
0.030320
0.030290
0.030248
0.030197
0.030245
0.030168
0.030096
0.030005
0.029909
0.029804
0.029691
0.029571
0.029444
0.029310
0.029171
0.029025
0.028874
0.030611
0.030499
0.030530
0.030448
0.030396
0.030407
0.030382
0.030303
0.030213
0.030115
0.030009
0.029899
0.030664
0.030650
0.030673
0.030662
0.030704
0.030690
0.030680
0.030660
0.030638
0.030611
0.030585
0.030553
0.030519
0.030834
0.030825
0.030842
0.030835
0.030834
0.030828
0.033848
0.034078
0.034321
0.034474
0.034649
0.034810
0.034969
0.035120
0.035266
0.035469
0.035603
0.035735
0.035857
0.035976
0.036094
0.036223
0.036502
0.036596
0.036704
0.036791
0.036877
0.036955
0.037028
0.037094
0.037154
0.037207
0.037487
0.037572
0.037643
0.037701
0.037754
0.037802
0.037844
0.037881
0.037912
0.037941
0.037964
0.038023
0.038034
0.038048
0.038052
0.038053
0.038048
0.038039
0.038024
0.038011
0.037988
0.037961
0.037929
0.037893
0.037853
0.037819
0.037770
0.037719
0.037663
0.037605
0.037542
0.037476
0.037410
0.037353
0.037286
0.037210
0.037132
0.037049
0.036963
0.036875
0.036782
0.038732
0.038509
0.038612
0.038448
0.038378
0.038252
0.038136
0.038002
0.037863
0.037714
0.037557
0.037393
0.037238
0.037060
0.036877
0.036688
0.036493
0.036294
0.036092
0.035896
0.035695
0.035739
0.035521
0.035329
0.035111
0.034897
0.034677
0.034455
0.034229
0.034000
0.033769
0.033535
0.033299
0.034375
0.034211
0.034078
0.033923
0.033761
0.033600
0.033431
0.033260
0.033083
0.032902
0.032717
0.032528
0.032335
0.032186
0.031985
0.031784
0.031576
0.031366
0.031152
0.030935
0.030714
0.030497
0.030270
0.030040
0.029807
0.029572
0.029334
0.031041
0.030845
0.030756
0.030583
0.030441
0.030281
0.030122
0.029955
0.029785
0.029609
0.029460
0.029276
0.029092
0.032941
0.032873
0.032971
0.032939
0.032957
0.032936
0.032913
0.032877
0.032868
0.032815
0.032758
0.032703
0.032632
0.032553
0.032467
0.032374
0.032275
0.032169
0.032058
0.031941
0.031819
0.031692
0.031572
0.031444
0.031305
0.031161
0.031014
0.030862
0.030708
0.031555
0.031383
0.031296
0.031370
0.031241
0.031118
0.031003
0.030862
0.030713
0.031871
0.031728
0.031695
0.031780
0.032097
0.032032
0.033815
0.033720
0.033760
0.033683
0.033639
0.033568
0.033524
0.033437
0.033345
0.033241
0.033130
0.033160
0.033050
0.032940
0.032821
0.032713
0.032606
0.032494
0.032376
0.032253
0.032125
0.031995
0.031858
0.031718
0.031574
0.031426
0.031276
0.031122
0.030965
0.030941
0.030769
0.030617
0.030446
0.031203
0.031037
0.030942
0.030788
0.030649
0.030498
0.030353
0.030207
0.030056
0.029900
0.029740
0.029577
0.029409
0.029238
0.029378
0.029211
0.029066
0.028906
0.028763
0.029135
0.029006
0.028903
0.028796
0.028670
0.028540
0.028406
0.028364
0.028216
0.028077
0.027924
0.027788
0.027629
0.027469
0.027319
0.027182
0.027042
0.026897
0.026748
0.026593
0.026435
0.026272
0.026106
0.025940
0.025766
0.025589
0.025408
0.025244
0.025055
0.024866
0.024672
0.026964
0.026651
0.027015
0.026779
0.026967
0.026768
0.026606
0.026403
0.026281
0.026592
0.026452
0.026336
0.026185
0.026121
0.025960
0.025799
0.025624
0.025442
0.025254
0.025813
0.025611
0.025468
0.025281
0.025092
0.024994
0.024796
0.024594
0.024392
0.024188
0.023978
0.023764
0.023675
0.023458
0.023258
0.023058
0.022857
0.022652
0.022444
0.022234
0.022212
0.022022
0.021836
0.021653
0.021474
0.021435
0.021248
0.021077
0.020893
0.020713
0.020530
0.020348
0.020164
0.019981
0.019798
0.019622
0.020063
0.019877
0.019753
0.019863
0.019701
0.019608
0.019484
0.019360
0.019232
0.019102
0.018970
0.018834
0.018702
0.018566
0.018428
0.018294
0.018154
0.018014
0.017922
0.017778
0.017783
0.017631
0.017617
0.017472
0.017341
0.017200
0.017062
0.016920
0.016779
0.016636
0.016493
0.016353
0.016219
0.016214
0.016070
0.015953
0.015823
0.015706
0.015589
0.015472
0.015354
0.015237
0.015121
0.016173
0.016036
0.016006
0.015898
0.015814
0.015720
0.015630
0.015548
0.015562
0.015488
0.015579
0.015519
0.015489
0.015514
0.015454
0.016048
0.015968
0.015984
0.015917
0.015930
0.015876
0.015829
0.015770
0.015710
0.016013
0.015924
0.015883
0.015795
0.015724
0.015641
0.015558
0.015466
0.015450
0.015351
0.015256
0.015151
0.015059
0.014949
0.014838
0.014723
0.014605
0.014485
0.014362
0.014238
0.014111
0.013982
0.013852
0.013721
0.013588
0.013463
0.013373
0.013251
0.013451
0.013299
0.013785
0.014790
0.014696
0.014699
0.014616
0.014564
0.014511
0.014462
0.014408
0.014349
0.014285
0.014218
0.014146
0.014074
0.014002
0.013946
0.013883
0.013850
0.013780
0.013713
0.013645
0.013579
0.013515
0.013459
0.013415
0.013981
0.013926
0.013929
0.013882
0.013850
0.013807
0.013763
0.013778
0.013727
0.013682
0.013626
0.013571
0.013513
0.013960
0.017852
0.017631
0.017861
0.017719
0.017691
0.017603
0.017517
0.017405
0.017278
0.017135
0.016978
0.016807
0.017117
0.016924
0.016764
0.016560
0.016359
0.016149
0.015928
0.015698
0.015463
0.015221
0.016045
0.015866
0.015717
0.015542
0.015364
0.015183
0.015233
0.015064
0.014902
0.014728
0.014554
0.014438
0.014491
0.014357
0.014193
0.014461
0.014306
0.014164
0.014009
0.014420
0.014303
0.014212
0.014099
0.014051
0.013951
0.013854
0.013770
0.013668
0.013565
0.013460
0.013375
0.013300
0.013221
0.013137
0.013157
0.013068
0.013015
0.012918
0.012824
0.012735
0.012630
0.012524
0.012413
0.012298
0.012180
0.012109
0.011985
0.011860
0.011731
0.012079
0.011993
0.011899
0.011806
0.011709
0.012406
0.012298
0.012258
0.012166
0.012090
0.012005
0.011917
0.012326
0.012205
0.012144
0.012030
0.012461
0.012384
0.012326
0.012247
0.012169
0.012083
0.011995
0.011901
0.011803
0.011702
0.011596
0.011490
0.011382
0.011272
0.011159
0.011047
0.011051
0.010928
0.010834
0.010722
0.010645
0.010539
0.010434
0.010360
0.010249
0.010141
0.010028
0.009916
0.009802
0.009689
0.009578
0.009474
0.009368
0.009261
0.009152
0.009043
0.008932
0.008823
0.008771
0.008673
0.008575
0.008472
0.008368
0.008264
0.008158
0.008051
0.007943
0.007834
0.007804
0.007694
0.007591
0.007481
0.007371
0.007260
0.007294
0.007174
0.007092
0.006974
0.006862
0.006829
0.006707
0.006595
0.006473
0.006353
0.006314
0.006192
0.006076
0.005954
0.005832
0.005778
0.005659
0.005546
0.005460
0.005371
0.005282
0.005192
0.005100
0.005007
0.004913
0.004836
0.004741
0.004647
0.004550
0.004453
0.004420
0.004398
0.004307
0.004216
0.004124
0.004038
0.003953
0.003868
0.003782
0.003696
0.003609
0.003521
0.003436
0.003351
0.003267
0.003184
0.003100
0.003015
0.002932
0.002849
0.002765
0.002680
0.002595
0.002510
0.002425
0.002378
0.002369
0.002292
0.002215
0.002141
0.002069
0.002000
0.001935
0.001871
0.001810
0.001816
0.001760
0.001714
0.001672
0.001633
0.001596
0.001560
0.001524
0.001487
0.001450
0.001414
0.001378
0.001341
0.001306
0.001270
0.001236
0.001202
0.001169
0.001135
0.001101
0.001066
0.001032
0.000998
0.000965
0.000931
0.000897
0.000863
0.000830
0.000796
0.001012
0.000974
0.000959
0.000927
0.000901
0.000873
0.000846
0.000820
0.000960
0.000922
0.000910
0.000878
0.000893
0.000874
0.000937
0.000919
0.000906
0.000915
0.000900
0.000887
0.000870
0.000854
0.000958
0.000947
0.000941
0.000930
0.000935
0.000923
0.000912
0.000898
0.000884
0.000869
0.000854
0.000838
0.000831
0.000813
0.000796
0.000778
0.000820
0.007729
0.007217
0.007788
0.007491
0.007512
0.007384
0.007320
0.007182
0.007034
0.006860
0.006670
0.006463
0.006241
0.006007
0.005763
0.005510
0.005248
0.004981
0.004709
0.004448
0.004173
0.003899
0.003646
0.003374
0.003107
0.002842
0.002582
0.002327
0.002776
0.002534
0.002358
0.002108
0.001894
0.001675
0.001758
0.001533
0.001380
0.001343
0.005266
0.005039
0.005312
0.005482
0.005685
0.005674
0.005661
0.005622
0.005570
0.005549
0.005547
0.005538
0.005520
0.005494
0.005459
0.005416
0.005364
0.005305
0.005238
0.005264
0.005188
0.005114
0.005028
0.004947
0.004849
0.004748
0.004641
0.004529
0.004411
0.004288
0.004177
0.004107
0.003983
0.003862
0.003735
0.003605
0.003473
0.003337
0.003199
0.003131
0.002989
0.002852
0.002707
0.002564
0.002418
0.002272
0.002126
0.002134
0.001985
0.001852
0.001707
0.001638
0.001549
0.001483
0.003723
0.003558
0.003680
0.003587
0.003575
0.003520
0.003471
0.003411
0.003374
0.003343
0.003305
0.003261
0.003213
0.003158
0.003098
0.003032
0.002962
0.002888
0.002810
0.002730
0.002646
0.002560
0.002471
0.002387
0.002318
0.002248
0.002177
0.002104
0.002033
0.002047
0.001978
0.001917
0.001852
0.001786
0.001719
0.001653
0.001586
0.001519
0.001452
0.001386
0.001320
0.001255
0.001192
0.001178
0.001165
0.001150
0.001135
0.001118
0.001101
0.001083
0.001065
0.001046
0.001026
0.001006
0.000986
0.000965
0.000944
0.003164
0.003030
0.003199
0.003089
0.003203
0.003148
0.003113
0.003056
0.003000
0.002932
0.002862
0.002784
0.002702
0.002619
0.002895
0.002787
0.002745
0.002645
0.002560
0.002463
0.002367
0.002269
0.002169
0.002068
0.001967
0.001866
0.001765
0.001665
0.002060
0.001997
0.001946
0.001888
0.001839
0.001782
0.001723
0.001833
0.001781
0.001743
0.001693
0.001647
0.001598
0.001681
0.001633
0.001602
0.001729
0.001844
0.001830
0.001923
0.001906
0.001899
0.001883
0.001867
0.001847
0.001842
0.001821
0.001799
0.001774
0.001747
0.001719
0.001689
0.001678
0.001644
0.001611
0.001575
0.001552
0.002356
0.002279
0.002336
0.002345
0.002341
0.002305
0.002270
0.002228
0.002184
0.002441
0.002377
0.002347
0.002421
0.002647
0.002632
0.002637
0.002621
0.002608
0.002590
0.002569
0.002676
0.002691
0.002675
0.002657
0.002636
0.002612
0.002587
0.002559
0.002538
0.002507
0.002479
0.002448
0.002416
0.002381
0.002346
0.002308
0.002270
0.002230
0.002190
0.002148
0.002105
0.002107
0.002062
0.002021
0.001976
0.001932
0.001954
0.001911
0.001873
0.001831
0.001895
0.001855
0.001834
0.001801
0.001773
0.001883
0.001844
0.001877
0.001843
0.001817
0.001786
0.001766
0.001733
0.001728
0.001694
0.001665
0.001633
0.001600
0.001566
0.001531
0.001553
0.001522
0.001494
0.001466
0.001438
0.001409
0.001403
0.001426
0.001402
0.001378
0.001355
0.001330
0.001305
0.001280
0.001261
0.001236
0.001211
0.001205
0.001181
0.001164
0.001145
0.001127
0.001111
0.001095
0.001078
0.001061
0.001045
0.001028
0.001046
0.001038
0.001031
0.001020
0.001010
0.001001
0.000990
0.000980
0.000970
0.000959
0.000948
0.000952
0.001009
0.001005
0.001002
0.001076
0.001072
0.001076
0.001077
0.001085
0.001114
0.001112
0.001208
0.001206
0.001210
0.001209
0.001213
0.001212
0.001211
0.001240
0.001238
0.001238
0.001236
0.001235
0.001232
0.001229
0.001225
0.001221
0.001249
0.001242
0.001238
0.001401
0.001385
0.001391
0.001387
0.001379
0.001370
0.001359
0.001347
0.001335
0.001321
0.001312
0.001298
0.001291
0.001274
0.001257
0.001239
0.001222
0.001204
0.002018
0.001962
0.002010
0.001977
0.001970
0.001950
0.001930
0.001906
0.001880
0.003182
0.003088
0.003159
0.003099
0.003079
0.003038
0.002999
0.002952
0.002900
0.002861
0.002800
0.002989
0.002943
0.002912
0.003404
0.003369
0.003413
0.003387
0.003368
0.003335
0.003412
0.003371
0.003336
0.003288
0.003238
0.003183
0.003125
0.003063
0.002997
0.002928
0.009113
0.008918
0.009296
0.009237
0.009294
0.009293
0.009283
0.009246
0.009188
0.009418
0.009350
0.009296
0.010452
0.011117
0.011189
0.011235
0.011643
0.011676
0.011756
0.011758
0.011753
0.011729
0.011691
0.011638
0.011572
0.011492
0.011432
0.011327
0.011213
0.011089
0.011006
0.010912
0.010757
0.010597
0.010423
0.010241
0.010053
0.009855
0.009649
0.010820
0.010699
0.010639
0.010525
0.010423
0.010361
0.010243
0.010125
0.009998
0.009871
0.009777
0.009642
0.009526
0.009383
0.009452
0.009308
0.009172
0.009020
0.008894
0.008740
0.008589
0.008426
0.008260
0.008089
0.007915
0.007739
0.007559
0.007425
0.007302
0.007175
0.007041
0.006903
0.006760
0.006613
0.006462
0.007943
0.008295
0.008310
0.008257
0.008206
0.008149
0.008086
0.008014
0.007935
0.007849
0.007759
0.007661
0.007946
0.007822
0.007738
0.007612
0.007494
0.007365
0.007232
0.007093
0.007050
0.006900
0.006756
0.006606
0.006454
0.006298
0.006146
0.006042
0.005881
0.005720
0.005555
0.005388
0.005220
0.007099
0.007015
0.007034
0.006979
0.006964
0.006933
0.006902
0.006864
0.006823
0.006783
0.006735
0.006683
0.006627
0.006568
0.006505
0.006439
0.006371
0.006299
0.006225
0.006149
0.011053
0.011304
0.011606
0.011476
0.011459
0.011381
0.011301
0.011192
0.011064
0.010917
0.010793
0.010611
0.010415
0.011532
0.012268
0.012234
0.012153
0.012060
0.011970
0.011850
0.015413
0.015357
0.015624
0.015851
0.015960
0.016023
0.016078
0.016107
0.016976
0.017288
0.017459
0.017616
0.017754
0.018951
0.019106
0.019344
0.019517
0.019689
0.019837
0.019978
0.020102
0.021960
0.021948
0.022182
0.022185
0.022866
0.022939
0.023059
0.023123
0.023186
0.023239
0.023286
0.023316
0.023333
0.023339
0.023329
0.023306
0.023270
0.023909
0.023879
0.023897
0.024961
0.024960
0.025772
0.025820
0.025949
0.026018
0.026142
0.026199
0.026267
0.026349
0.026385
0.026416
0.026443
0.026453
0.026673
0.026648
0.026660
0.026985
0.027030
0.027384
0.027395
0.027438
0.027442
0.027450
0.027441
0.027424
0.027398
0.027363
0.027318
0.027264
0.027261
0.027188
0.027114
0.027026
0.026932
0.026830
0.026720
0.026603
0.026478
0.026346
0.026256
0.026113
0.025966
0.025812
0.025654
0.025494
0.025425
0.025243
0.026303
0.026167
0.027933
0.027799
0.027843
0.027782
0.027728
0.027645
0.027561
0.027461
0.027355
0.027237
0.027110
0.026973
0.026828
0.026675
0.026632
0.026457
0.026290
0.026104
0.025926
0.025741
0.025571
0.025373
0.025171
0.024970
0.024756
0.024537
0.024312
0.024082
0.023846
0.023611
0.023371
0.023127
0.022879
0.022629
0.022375
0.022119
0.021861
0.021600
0.021335
0.021068
0.020797
0.020524
0.020249
0.019977
0.019703
0.019430
0.019280
0.019020
0.018818
0.018556
0.018377
0.018119
0.017863
0.017601
0.017337
0.017072
0.016838
0.016575
0.016320
0.016057
0.015793
0.015584
0.015332
0.015064
0.014790
0.014527
0.014249
0.014944
0.014587
0.014438
0.014119
0.013846
0.013546
0.013251
0.013029
0.012722
0.012421
0.012116
0.011805
0.012379
0.012034
0.011786
0.011461
0.011295
0.010993
0.010696
0.010382
0.010068
0.009748
0.009426
0.009100
0.008777
0.008487
0.008166
0.007835
0.007501
0.007166
0.006831
0.006496
0.006162
0.005836
0.005837
0.005514
0.005215
0.004898
0.005721
0.005973
0.005724
0.005466
0.005171
0.004924
0.004629
0.004332
0.004067
0.003774
0.003462
0.003205
0.002934
0.002745
0.002522
0.002325
0.002145
0.002008
0.001921
0.001842
0.001760
0.004955
0.004624
0.004815
0.006433
0.006655
0.006767
0.006727
0.006717
0.006674
0.006624
0.006557
0.007415
0.007443
0.007500
0.007523
0.007574
0.007580
0.007585
0.007572
0.007552
0.007626
0.007616
0.007618
0.007608
0.008702
0.008629
0.008679
0.009092
0.009159
0.009189
0.009207
0.009216
0.009221
0.009219
0.009212
0.009198
0.009178
0.009151
0.009119
0.009086
0.009043
0.009221
0.009170
0.009133
0.009835
0.011904
0.011915
0.012129
0.012159
0.012286
0.012335
0.012393
0.012429
0.012460
0.012479
0.012492
0.012494
0.012488
0.012474
0.012452
0.012422
0.012386
0.012625
0.012575
0.012682
0.012636
0.012599
0.012547
0.012493
0.012446
0.012381
0.012330
0.012254
0.012176
0.012092
0.012620
0.012554
0.012587
0.013238
0.013241
0.013563
0.013570
0.013600
0.013614
0.013635
0.013659
0.013678
0.013694
0.013711
0.013781
0.013837
0.013906
0.014506
0.014536
0.014628
0.014663
0.014714
0.014750
0.014784
0.014810
0.014832
0.014847
0.014856
0.014860
0.014859
0.014852
0.015300
0.015320
0.015362
0.015382
0.015416
0.015649
0.015654
0.015682
0.015684
0.015688
0.015684
0.015676
0.015857
0.015832
0.015896
0.015877
0.016537
0.016496
0.016514
0.017020
0.019568
0.019468
0.019653
0.019593
0.019601
0.019969
0.020581
0.020660
0.020761
0.021897
0.021957
0.022143
0.022278
0.022357
0.022416
0.022472
0.022500
0.022515
0.022514
0.022499
0.022470
0.022429
0.022374
0.022307
0.022230
0.022166
0.022070
0.021970
0.021858
0.022215
0.022288
0.022210
0.022632
0.022887
0.022816
0.022881
0.022763
0.024195
0.024091
0.025628
0.025600
0.025702
0.025697
0.025742
0.025732
0.025725
0.025692
0.025648
0.025590
0.025521
0.025439
0.025518
0.025412
0.025337
0.025215
0.025091
0.024954
0.024813
0.024666
0.024511
0.024350
0.024182
0.024007
0.023828
0.025074
0.025006
0.024933
0.024771
0.024627
0.024464
0.024802
0.024641
0.024506
0.024338
0.024191
0.024053
0.023886
0.023712
0.023532
0.023347
0.023750
0.023612
0.023488
0.023348
0.023211
0.023072
0.022931
0.022786
0.022637
0.022485
0.022337
0.022266
0.022454
0.022283
0.022206
0.022035
0.023831
0.023724
0.023710
0.023622
0.023554
0.023551
0.023459
0.023372
0.023285
0.023180
0.023071
0.022955
0.022834
0.022707
0.022580
0.022466
0.022345
0.022220
0.022091
0.021959
0.021842
0.021731
0.021618
0.021499
0.021377
0.021268
0.021137
0.021007
0.020871
0.020733
0.020592
0.020449
0.020305
0.020163
0.020020
0.019875
0.019729
0.019581
0.019432
0.019848
0.019701
0.019602
0.019462
0.019332
0.019194
0.019055
0.018913
0.018769
0.018631
0.018483
0.018333
0.018179
0.018022
0.018788
0.018580
0.018486
0.018299
0.018138
0.017962
0.017787
0.017905
0.017702
0.017532
0.017329
0.017130
0.017395
0.017195
0.017012
0.016811
0.016611
0.016406
0.016197
0.015985
0.015770
0.015561
0.015539
0.015347
0.015168
0.015909
0.015729
0.015634
0.015472
0.015326
0.015170
0.015032
0.014869
0.014711
0.014542
0.014372
0.014197
0.014034
0.013866
0.013695
0.013522
0.013346
0.013169
0.012991
0.012811
0.012634
0.012452
0.012274
0.012112
0.012450
0.012321
0.012214
0.012438
0.012319
0.012229
0.012114
0.012002
0.011885
0.011796
0.011672
0.011551
0.011422
0.011297
0.011169
0.011039
0.010905
0.011030
0.011116
0.011010
0.010895
0.010772
0.010647
0.010519
0.010387
0.010253
0.010115
0.009974
0.009954
0.009798
0.009659
0.009501
0.009347
0.009274
0.009117
0.008963
0.008802
0.008640
0.008479
0.009814
0.009586
0.009552
0.009356
0.009204
0.009029
0.008853
0.008669
0.008754
0.008585
0.008506
0.008339
0.008173
0.008838
0.008670
0.008553
0.008366
0.008200
0.008026
0.007854
0.007675
0.007495
0.007320
0.007146
0.006979
0.006829
0.006656
0.006623
0.006460
0.006293
0.006117
0.005940
0.005761
0.005579
0.005396
0.005213
0.005035
0.004850
0.004906
0.004728
0.004563
0.004381
0.004223
0.004071
0.003924
0.003777
0.003630
0.003485
0.003350
0.003235
0.003239
0.003139
0.003133
0.003030
0.002928
0.002845
0.003653
0.003528
0.003514
0.003412
0.003340
0.003258
0.003175
0.003094
0.003016
0.002934
0.003229
0.003149
0.003089
0.003457
0.003351
0.003311
0.003334
0.003284
0.003217
0.003685
0.003585
0.003553
0.003453
0.003378
0.003292
0.003213
0.003129
0.003050
0.003093
0.003033
0.002981
0.002918
0.002857
0.003521
0.003451
0.003443
0.003385
0.003342
0.003291
0.003241
0.003304
0.003262
0.003220
0.003195
0.003169
0.003141
0.003111
0.003080
0.003302
0.003278
0.003269
0.003295
0.003279
0.003259
0.003234
0.003208
0.003178
0.003149
0.003115
0.003080
0.003151
0.003122
0.003096
0.003066
0.003146
0.003127
0.003284
0.003240
0.003221
0.003185
0.003152
0.003114
0.003076
0.003035
0.002993
0.002949
0.002904
0.002861
0.002815
0.002771
0.004935
0.004787
0.004916
0.004840
0.004821
0.004771
0.004721
0.004925
0.004988
0.004941
0.004888
0.004823
0.004753
0.004676
0.004593
0.004504
0.004411
0.004313
0.004212
0.004130
0.004024
0.003915
0.003804
0.003692
0.003580
0.003479
0.003367
0.003297
0.003428
0.003333
0.003253
0.003166
0.003086
0.003185
0.003118
0.003060
0.002997
0.002937
0.002879
0.003058
0.002992
0.002985
0.002935
0.002940
0.002942
0.002941
0.002939
0.002935
0.002929
0.002920
0.002910
0.002900
0.002886
0.002871
0.002854
0.002835
0.002814
0.004508
0.004391
0.004515
0.004426
0.004411
0.004359
0.004313
0.004255
0.004193
0.004676
0.004604
0.004566
0.004489
0.004417
0.004500
0.004406
0.005157
0.005096
0.005104
0.005135
0.005199
0.005306
0.005275
0.005297
0.005255
0.005216
0.005366
0.005467
0.005420
0.005386
0.005315
0.005247
0.005707
0.005669
0.005690
0.005648
0.005635
0.005588
0.005715
0.005743
0.005792
0.005751
0.006004
0.005970
0.005958
0.005961
0.006067
0.006053
0.006036
0.006015
0.005992
0.005965
0.005944
0.005912
0.005878
0.005841
0.005803
0.005761
0.005718
0.005673
0.005628
0.005579
0.005552
0.005499
0.005448
0.005481
0.005430
0.005383
0.006192
0.006178
0.006221
0.006374
0.006544
0.006545
0.006558
0.006556
0.006581
0.006575
0.006570
0.006559
0.006547
0.006532
0.006515
0.006498
0.006476
0.006452
0.006425
0.006397
0.006366
0.006334
0.006299
0.006263
0.006227
0.006196
0.006156
0.006115
0.006073
0.006029
0.005996
0.006116
0.006070
0.006039
0.005991
0.005947
0.005904
0.005857
0.005808
0.005831
0.005774
0.005728
0.005710
0.005654
0.005599
0.005660
0.005592
0.005541
0.005473
0.005410
0.005342
0.005276
0.005212
0.005143
0.005075
0.005058
0.004986
0.004958
0.005037
0.004961
0.004964
0.004890
0.004825
0.004777
0.004743
0.004673
0.004604
0.004641
0.004563
0.004524
0.004449
0.004379
0.004306
0.004239
0.004174
0.004109
0.004044
0.003978
0.003912
0.003874
0.003806
0.003745
0.003688
0.003632
0.003575
0.003517
0.003460
0.003402
0.003345
0.003289
0.003232
0.003176
0.003121
0.003068
0.003016
0.002966
0.002920
0.002877
0.002834
0.002791
0.002769
0.002728
0.003078
0.003017
0.003058
0.003008
0.002985
0.002947
0.002920
0.002891
0.002863
0.002835
0.002807
0.002780
0.002754
0.002729
0.002722
0.002694
0.002840
0.002805
0.002793
0.002842
0.002846
0.002823
0.002797
0.002769
0.002744
0.002714
0.002683
0.002651
0.002618
0.002585
0.002552
0.002517
0.002482
0.002456
0.002420
0.002384
0.002347
0.002309
0.002272
0.002266
0.002229
0.002193
0.002157
0.002161
0.004205
0.004085
0.004218
0.004151
0.004148
0.004253
0.004215
0.004183
0.004132
0.004169
0.004109
0.004054
0.003985
0.004003
0.003919
0.003888
0.003950
0.003872
0.003792
0.003764
0.003667
0.003573
0.003472
0.003371
0.003266
0.003159
0.003057
0.002948
0.002923
0.002806
0.002703
0.002589
0.002479
0.002369
0.002259
0.002152
0.002047
0.001942
0.001840
0.001741
0.003029
0.002868
0.002919
0.002908
0.002929
0.002897
0.002866
0.002830
0.002789
0.002744
0.002698
0.002654
0.002602
0.003036
0.002958
0.002941
0.002869
0.002825
0.002764
0.002708
0.002646
0.002603
0.002543
0.002484
0.002436
0.002445
0.002380
0.002325
0.002302
0.002239
0.002215
0.002151
0.002095
0.002034
0.001999
0.002151
0.002087
0.002048
0.001991
0.001942
0.001927
0.001897
0.001885
0.001873
0.001859
0.001846
0.001832
0.001827
0.001832
0.001821
0.001810
0.001810
0.001799
0.001790
0.001779
0.001769
0.001759
0.001748
0.001737
0.001727
0.001716
0.001707
0.001705
0.001703
0.001701
0.001698
0.001695
0.001693
0.001691
0.001688
0.001686
0.001684
0.001689
0.001686
0.001684
0.002868
0.002814
0.002904
0.002879
0.002890
0.002884
0.002880
0.002994
0.003015
0.003043
0.003061
0.003362
0.003365
0.003400
0.003409
0.003420
0.003425
0.003428
0.003427
0.003424
0.003418
0.003413
0.003403
0.003390
0.003375
0.003360
0.003344
0.003812
0.003804
0.003829
0.003821
0.003821
0.003815
0.003809
0.003802
0.003791
0.003777
0.003762
0.003745
0.003727
0.003707
0.003685
0.003662
0.003638
0.003613
0.003587
0.003560
0.003533
0.003505
0.003478
0.003449
0.003420
0.003390
0.003367
0.003343
0.003320
0.003296
0.003272
0.003248
0.003332
0.003301
0.003285
0.003257
0.003234
0.003209
0.003186
0.003170
0.003145
0.003122
0.003100
0.003639
0.003619
0.003640
0.003667
0.003665
0.003673
0.003668
0.003664
0.003657
0.003649
0.003640
0.003631
0.003624
0.003617
0.003608
0.003598
0.003587
0.003576
0.003575
0.003560
0.003546
0.003634
0.003613
0.003605
0.003585
0.003569
0.003550
0.003555
0.003538
0.003519
0.003498
0.003477
0.003457
0.003437
0.003416
0.003395
0.003391
0.003368
0.003347
0.003323
0.003300
0.003287
0.003269
0.003250
0.003231
0.003216
0.003196
0.003177
0.003172
0.003244
0.003236
0.003224
0.003216
0.003206
0.003203
0.003199
0.003223
0.003219
0.003218
0.003216
0.003214
0.003216
0.003223
0.003543
0.003548
0.003573
0.003605
0.003607
0.003610
0.003609
0.003607
0.003604
0.003689
0.003682
0.003683
0.003674
0.003666
0.003656
0.003646
0.003634
0.003620
0.003605
0.003589
0.003577
0.003559
0.003540
0.003521
0.003501
0.003481
0.003460
0.003439
0.003425
0.003404
0.003383
0.003361
0.003374
0.003353
0.003335
0.003315
0.003295
0.003276
0.003256
0.003237
0.003235
0.003217
0.003207
0.003196
0.003185
0.003174
0.003163
0.003152
0.003141
0.003130
0.003122
0.003113
0.003103
0.003094
0.003087
0.003076
0.003066
0.003055
0.003043
0.003032
0.003020
0.003008
0.002995
0.002984
0.002971
0.002958
0.002945
0.002931
0.002917
0.002903
0.003067
0.003044
0.003043
0.003025
0.003026
0.003010
0.002995
0.002978
0.002964
0.003122
0.003110
0.003105
0.003099
0.003509
0.003511
0.003530
0.003535
0.003543
0.003549
0.003554
0.003557
0.003559
0.003560
0.003561
0.003560
0.003558
0.003761
0.003748
0.003759
0.003760
0.003757
0.003750
0.003743
0.003734
0.003724
0.003716
0.003705
0.003692
0.003678
0.003663
0.003648
0.003644
0.003634
0.003624
0.003611
0.003598
0.003583
0.003568
0.003556
0.003540
0.003523
0.003506
0.003488
0.003469
0.003450
0.003431
0.003412
0.003398
0.003378
0.003359
0.003339
0.003318
0.003338
0.003315
0.003298
0.003277
0.003377
0.003357
0.003351
0.003333
0.003321
0.003304
0.003287
0.003270
0.003251
0.003232
0.003213
0.003535
0.003506
0.003514
0.003492
0.003479
0.003461
0.003443
0.003423
0.003402
0.003380
0.003357
0.003332
0.003306
0.003280
0.003253
0.003224
0.003194
0.003164
0.003133
0.003102
0.003115
0.003081
0.003054
0.003027
0.002996
0.002986
0.002953
0.002923
0.002892
0.004121
0.004031
0.004100
0.004046
0.004032
0.003999
0.003967
0.003928
0.003886
0.003840
0.003791
0.003737
0.003681
0.003626
0.003571
0.003514
0.003454
0.003396
0.003335
0.003272
0.003276
0.003208
0.003150
0.003084
0.003019
0.002953
0.002888
0.002821
0.002755
0.002689
0.002624
0.002559
0.002495
0.002432
0.002513
0.002446
0.002398
0.002337
0.002283
0.002228
0.002174
0.002122
0.002100
0.002081
0.002062
0.002042
0.002024
0.002031
0.002221
0.002201
0.002399
0.002991
0.002983
0.003055
0.003049
0.003053
0.003050
0.003045
0.003036
0.003024
0.003008
0.002988
0.002966
0.002940
0.002958
0.002930
0.002902
0.002869
0.002834
0.002798
0.002848
0.002808
0.002772
0.002730
0.002688
0.002648
0.002602
0.002555
0.002507
0.002568
0.002519
0.002479
0.002458
0.002410
0.002374
0.002324
0.002275
0.002224
0.002174
0.002123
0.002071
0.002022
0.001970
0.001918
0.001876
0.001824
0.001773
0.001721
0.001750
0.001703
0.001665
0.001641
0.001617
0.001593
0.001569
0.001544
0.001608
0.001588
0.001572
0.001552
0.001533
0.001514
0.001569
0.001554
0.001543
0.001527
0.001513
0.001497
0.001542
0.001532
0.001530
0.001517
0.001506
0.001493
0.001481
0.001468
0.001455
0.001442
0.001428
0.001414
0.001400
0.001453
0.001437
0.001466
0.001450
0.001441
0.001427
0.001414
0.001400
0.001386
0.001371
0.001356
0.001345
0.001403
0.001388
0.001378
0.001363
0.001350
0.001336
0.001321
0.001306
0.001291
0.001343
0.001369
0.001365
0.001361
0.001354
0.001347
0.001341
0.001334
0.001326
0.001318
0.001310
0.001302
0.001293
0.001284
0.001275
0.001268
0.001258
0.001254
0.001246
0.001238
0.002747
0.002713
0.002817
0.002816
0.002843
0.002856
0.002867
0.002871
0.002871
0.002867
0.002858
0.002843
0.002825
0.002801
0.002773
0.002753
0.002719
0.002732
0.002697
0.002657
0.002613
0.002582
0.002534
0.002484
0.002432
0.002377
0.002321
0.002263
0.002204
0.002143
0.002113
0.002048
0.001987
0.001922
0.001858
0.001793
0.001728
0.001663
0.001598
0.001533
0.001470
0.001406
0.001344
0.001282
0.001242
0.001181
0.001124
0.001092
0.001036
0.000990
0.000980
0.000970
0.000960
0.000950
0.000939
0.000928
0.000917
0.000909
0.000897
0.000929
0.000916
0.000908
0.000909
0.000899
0.000889
0.000878
0.000866
0.000855
0.001065
0.001049
0.001054
0.001061
0.001055
0.001047
0.001227
0.001209
0.001213
0.001210
0.001200
0.001187
0.001174
0.001165
0.001205
0.001191
0.001183
0.001169
0.001155
0.001140
0.001124
0.001107
0.001089
0.001071
0.001061
0.001042
0.001543
0.001502
0.001524
0.001496
0.001482
0.001461
0.001440
0.001418
0.001392
0.001365
0.001336
0.001305
0.001273
0.001240
0.001207
0.001173
0.001137
0.001101
0.001064
0.001027
0.000989
0.000981
0.000946
0.000914
0.000880
0.000846
0.000811
0.000776
0.000742
0.000708
0.000680
0.000647
0.000615
0.000584
0.000553
0.000522
0.000500
0.000470
0.000441
0.000413
0.000385
0.000358
0.000343
0.000330
0.000318
0.000306
0.000294
0.000282
0.000270
0.000258
0.000275
0.000261
0.000252
0.000239
0.000228
0.000216
0.000205
0.000196
0.000186
0.000175
0.000165
0.000155
0.000146
0.000137
0.000129
0.000121
0.000114
0.000106
0.000099
0.000097
0.000138
0.000129
0.000126
0.000124
0.000722
0.000691
0.000734
0.000722
0.000729
0.000727
0.000727
0.000724
0.000722
0.000717
0.000717
0.000707
0.002111
0.002038
0.002137
0.002209
0.002210
0.002199
0.002183
0.002159
0.002130
0.002145
0.002101
0.002063
0.002011
0.001958
0.001901
0.001840
0.001776
0.001709
0.001640
0.001570
0.001508
0.001435
0.001362
0.001288
0.001213
0.001138
0.001064
0.000989
0.000916
0.000847
0.000788
0.000729
0.000672
0.000615
0.000559
0.000505
0.000451
0.000400
0.000349
0.000300
0.000253
0.000210
0.000201
0.000693
0.000676
0.000706
0.000707
0.000712
0.000713
0.000713
0.000712
0.000708
0.000705
0.000701
0.000696
0.000689
0.000681
0.000672
0.000662
0.000652
0.000639
0.000625
0.000611
0.000595
0.000578
0.000562
0.000544
0.000526
0.000508
0.000488
0.000469
0.000449
0.000428
0.000407
0.000387
0.000366
0.000345
0.000326
0.000319
0.000305
0.000286
0.000266
0.000248
0.000228
0.000209
0.000190
0.000171
0.000153
0.000135
0.000117
0.000099
0.000082
0.000067
0.000065
0.000063
0.000067
0.000086
0.000083
0.000084
0.000081
0.000080
0.000078
0.000077
0.000195
0.000187
0.004564
0.004490
0.004823
0.004849
0.004957
0.005023
0.005084
0.005125
0.005420
0.005431
0.005448
0.005436
0.005415
0.005379
0.005330
0.005277
0.005203
0.005119
0.005024
0.006648
0.006668
0.006755
0.006783
0.006814
0.006833
0.006853
0.006862
0.006852
0.006836
0.006808
0.006772
0.006726
0.007232
0.007216
0.007264
0.007255
0.007246
0.007224
0.007198
0.007164
0.007127
0.007083
0.007034
0.006977
0.006919
0.006849
0.006775
0.006696
0.006608
0.006515
0.006415
0.006311
0.006201
0.006086
0.005966
0.005841
0.005712
0.005578
0.005440
0.005298
0.005153
0.005004
0.004852
0.005126
0.005002
0.004894
0.004771
0.004648
0.004522
0.004393
0.004261
0.004130
0.004016
0.003875
0.003736
0.003592
0.003448
0.003301
0.003153
0.003003
0.002855
0.002703
0.002568
0.002477
0.002344
0.002224
0.002098
0.001972
0.001845
0.001791
0.001671
0.001548
0.002039
0.002196
0.002193
0.002146
0.002104
0.002057
0.002008
0.001957
0.001902
0.002260
0.002181
0.002152
0.002082
0.002022
0.001955
0.001887
0.001817
0.001744
0.001673
0.001624
0.001733
0.001700
0.001680
0.001641
0.001609
0.001567
0.001525
0.001481
0.001437
0.001398
0.001352
0.001348
0.001302
0.001258
0.001212
0.001167
0.001121
0.001076
0.001030
0.000985
0.000940
0.000895
0.000863
0.000838
0.001182
0.001127
0.001131
0.001091
0.001068
0.001036
0.001006
0.000973
0.000940
0.000910
0.001001
0.000970
0.000945
0.000919
0.001094
0.001062
0.001052
0.001022
0.000998
0.000970
0.000942
0.001009
0.000978
0.000953
0.002927
0.002892
0.003034
0.002936
0.002917
0.003580
0.003493
0.003526
0.003462
0.003423
0.003362
0.003298
0.003224
0.003147
0.003063
0.002973
0.002878
0.002777
0.002675
0.002570
0.002462
0.002418
0.002304
0.002198
0.002085
0.001971
0.001903
0.001791
0.001682
0.001570
0.001463
0.001358
0.001253
0.001149
0.001048
0.000947
0.000849
0.000797
0.000706
0.000625
0.000546
0.001285
0.001259
0.001314
0.001308
0.001320
0.001323
0.001325
0.001323
0.001319
0.001312
0.001303
0.001290
0.001276
0.001259
0.001240
0.001219
0.001196
0.001389
0.001357
0.001382
0.001349
0.001326
0.001309
0.001277
0.001276
0.001675
0.001609
0.001610
0.001555
0.001518
0.001471
0.001425
0.001771
0.001704
0.002559
0.002456
0.002474
0.002400
0.002358
0.002295
0.002231
0.002161
0.002090
0.002178
0.002094
0.002023
0.001938
0.001857
0.001769
0.001927
0.002329
0.002301
0.002298
0.002282
0.002257
0.002238
0.002207
0.002177
0.002149
0.002187
0.002153
0.002175
0.002147
0.002137
0.002116
0.002086
0.002054
0.002024
0.001992
0.001957
0.001919
0.001880
0.001839
0.001894
0.001864
0.001845
0.001816
0.001794
0.001763
0.001732
0.001698
0.001675
0.001639
0.001603
0.001565
0.001526
0.001486
0.001444
0.002044
0.002011
0.002029
0.002005
0.002096
0.002086
0.002082
0.002070
0.002058
0.002043
0.002027
0.002008
0.001988
0.001965
0.001948
0.001922
0.001895
0.001867
0.001841
0.001810
0.001778
0.001864
0.001821
0.001831
0.001792
0.001759
0.001722
0.001687
0.001650
0.005590
0.005476
0.005734
0.005707
0.006486
0.006622
0.006751
0.006871
0.006983
0.007079
0.007164
0.007238
0.007301
0.007354
0.007396
0.007587
0.007636
0.007684
0.007719
0.007756
0.007779
0.007795
0.007804
0.007807
0.007875
0.007876
0.007876
0.007867
0.007854
0.007838
0.008208
0.008193
0.008208
0.008196
0.008187
0.008173
0.008156
0.008136
0.008399
0.008367
0.008358
0.008327
0.008298
0.008381
0.008366
0.008350
0.008333
0.008313
0.008292
0.008270
0.008248
0.008225
0.008201
0.008177
0.008151
0.008124
0.008228
0.008203
0.008209
0.008184
0.008165
0.008163
0.008140
0.008119
0.008093
0.008067
0.008040
0.008198
0.008170
0.008158
0.008162
0.008243
0.008251
0.008263
0.008268
0.008271
0.008278
0.010687
0.010646
0.010837
0.010851
0.010909
0.010953
0.010999
0.011072
0.011138
0.011361
0.011412
0.011539
0.011578
0.011623
0.011653
0.011787
0.011815
0.011845
0.011929
0.011942
0.011960
0.011964
0.011964
0.012055
0.012077
0.012071
0.012066
0.012055
0.012041
0.012023
0.012000
0.012018
0.011989
0.011975
0.011943
0.011906
0.011881
0.011836
0.011950
0.011908
0.011877
0.011833
0.011980
0.011932
0.011899
0.011850
0.011803
0.011752
0.011699
0.011645
0.011587
0.011526
0.011464
0.011419
0.011353
0.011287
0.011217
0.011146
0.011339
0.011375
0.011322
0.011251
0.011178
0.011266
0.011179
0.011110
0.011022
0.010937
0.010847
0.010754
0.010657
0.010558
0.010524
0.010446
0.010365
0.010287
0.010201
0.010113
0.010022
0.009930
0.009836
0.009920
0.009814
0.009730
0.009626
0.009526
0.009423
0.009760
0.009668
0.009639
0.009552
0.009476
0.009391
0.009308
0.009222
0.009139
0.009052
0.008965
0.008875
0.008784
0.008691
0.008600
0.008507
0.008413
0.008318
0.008227
0.008135
0.008045
0.007973
0.007889
0.007803
0.007740
0.007799
0.007711
0.007649
0.007560
0.007475
0.007469
0.007406
0.007946
0.007832
0.007797
0.009906
0.009886
0.009972
0.009964
0.009973
0.009967
0.009989
0.009977
0.009960
0.009934
0.009902
0.009862
0.009817
0.009766
0.009710
0.009647
0.009579
0.009510
0.009434
0.009354
0.009269
0.009186
0.009093
0.008997
0.008898
0.008797
0.008697
0.008599
0.008494
0.008387
0.014076
0.013804
0.014193
0.014067
0.014099
0.014053
0.014464
0.014464
0.014410
0.014384
0.014330
0.014264
0.014182
0.014087
0.013979
0.013919
0.013788
0.013655
0.013510
0.013359
0.013209
0.013056
0.013389
0.013269
0.013179
0.013063
0.012949
0.012831
0.012782
0.012663
0.012546
0.012425
0.012306
0.012187
0.012068
0.012444
0.012341
0.012273
0.012182
0.012102
0.012056
0.012181
0.012198
0.012279
0.012352
0.012422
0.012490
0.012556
0.012617
0.012797
0.012865
0.012933
0.013085
0.013150
0.013213
0.013351
0.013412
0.013479
0.013535
0.013590
0.013641
0.013712
0.013890
0.014200
0.014276
0.014359
0.014433
0.014507
0.014576
0.014678
0.014741
0.014804
0.014862
0.014917
0.014969
0.015018
0.015068
0.015110
0.015151
0.015227
0.015262
0.015296
0.015326
0.015375
0.015402
0.015427
0.015446
0.015706
0.015716
0.015745
0.017521
0.017511
0.017652
0.017667
0.017711
0.017735
0.017960
0.017977
0.018005
0.018011
0.018291
0.018304
0.018317
0.018571
0.018567
0.018567
0.018549
0.018525
0.018493
0.018453
0.018406
0.018351
0.018308
0.018255
0.018182
0.018104
0.018020
0.017932
0.017837
0.017738
0.017681
0.017647
0.017545
0.017926
0.017847
0.018188
0.018142
0.018429
0.018353
0.018329
0.018260
0.018213
0.018146
0.018079
0.018006
0.017931
0.018137
0.018497
0.018449
0.018432
0.018378
0.018337
0.018285
0.018236
0.018265
0.018240
0.018218
0.018357
0.018487
0.018458
0.018444
0.018901
0.018876
0.018888
0.018865
0.018849
0.018824
0.018797
0.018765
0.018962
0.018940
0.018924
0.018907
0.018902
0.018879
0.018854
0.018824
0.018791
0.018756
0.018757
0.018718
0.018680
0.018636
0.018591
0.018544
0.018494
0.018441
0.018387
0.018757
0.019006
0.019005
0.018985
0.018988
0.019034
0.019007
0.018988
0.018959
0.019354
0.019549
0.019536
0.019640
0.020031
0.020000
0.019992
0.019953
0.019915
0.019869
0.019817
0.019759
0.019695
0.019626
0.019551
0.019478
0.019976
0.019874
0.019835
0.019736
0.019651
0.019554
0.019455
0.019572
0.019455
0.019359
0.019238
0.019120
0.018996
0.018868
0.018736
0.018600
0.018462
0.018320
0.018176
0.018030
0.017882
0.017752
0.018023
0.017894
0.017936
0.017821
0.017718
0.017621
0.017831
0.017717
0.017639
0.017531
0.017431
0.017648
0.017528
0.017519
0.017405
0.017304
0.017203
0.017104
0.017080
0.016977
0.017149
0.017035
0.017142
0.017037
0.017027
0.016929
0.017037
0.016965
0.016898
0.016823
0.016748
0.016669
0.016591
0.016514
0.016437
0.016359
0.016286
0.016210
0.016135
0.016073
0.016135
0.016069
0.016005
0.015937
0.015867
0.015797
0.015726
0.015656
0.015597
0.015563
0.015496
0.015431
0.015362
0.015293
0.015221
0.015149
0.015075
0.015002
0.014932
0.014862
0.014785
0.014950
0.014871
0.014813
0.014736
0.014677
0.014602
0.014566
0.014492
0.014423
0.014350
0.014279
0.014204
0.014303
0.014224
0.014279
0.014203
0.014146
0.014073
0.014002
0.013928
0.013852
0.013775
0.013697
0.013617
0.013535
0.013452
0.013368
0.013283
0.013197
0.013110
0.013022
0.012935
0.013316
0.013228
0.013210
0.013145
0.013075
0.013002
0.012928
0.012852
0.012775
0.012697
0.012960
0.012871
0.012817
0.012728
0.012650
0.012571
0.012484
0.013013
0.012920
0.012876
0.012869
0.012798
0.012721
0.012715
0.012648
0.012575
0.012495
0.012414
0.012330
0.012251
0.012232
0.012146
0.012116
0.012026
0.011946
0.011855
0.011765
0.011673
0.011579
0.011484
0.011388
0.011291
0.011192
0.011099
0.011007
0.011183
0.011087
0.011023
0.010934
0.010882
0.010809
0.010759
0.010708
0.010825
0.010781
0.010745
0.010706
0.010670
0.011024
0.011191
0.011179
0.011175
0.011160
0.011179
0.011161
0.011163
0.011144
0.011125
0.011104
0.011080
0.011056
0.011034
0.011030
0.011010
0.010993
0.010972
0.010963
0.010935
0.010908
0.010879
0.010849
0.010818
0.010788
0.010755
0.010722
0.010689
0.010672
0.010645
0.010617
0.010588
0.010558
0.010526
0.010494
0.010461
0.010428
0.010394
0.010373
0.010340
0.010306
0.010271
0.010237
0.010201
0.010165
0.010334
0.010286
0.010264
0.010223
0.010188
0.010151
0.010119
0.010082
0.010045
0.010008
0.009981
0.009941
0.009911
0.009870
0.009829
0.009792
0.009750
0.009775
0.009762
0.009730
0.009688
0.009644
0.009603
0.009562
0.009520
0.009479
0.009438
0.009397
0.009356
0.009313
0.009271
0.010564
0.010557
0.010614
0.010613
0.010630
0.010637
0.010644
0.010659
0.010660
0.010659
0.010711
0.010714
0.010719
0.010797
0.010791
0.010944
0.010927
0.010929
0.010913
0.010955
0.010944
0.010928
0.010906
0.011254
0.011218
0.011218
0.011184
0.011159
0.011134
0.011099
0.011075
0.011263
0.011217
0.011187
0.011299
0.011252
0.011212
0.011159
0.011105
0.011047
0.010986
0.010927
0.010859
0.010789
0.010719
0.010643
0.010764
0.010748
0.010678
0.010591
0.010521
0.010438
0.010352
0.010265
0.010184
0.010095
0.010006
0.009918
0.009829
0.009738
0.009646
0.009553
0.009462
0.009373
0.009283
0.009193
0.009102
0.009010
0.008918
0.008959
0.008873
0.008799
0.008716
0.008636
0.008732
0.008688
0.008621
0.008686
0.008656
0.008585
0.008515
0.008925
0.008842
0.009549
0.009532
0.009528
0.009496
0.009468
0.009433
0.009404
0.009369
0.009443
0.009408
0.009382
0.009515
0.009494
0.009468
0.009555
0.009517
0.009491
0.009503
0.009469
0.009430
0.009408
0.009387
0.009340
0.009291
0.009238
0.009183
0.009146
0.009089
0.009031
0.008972
0.008912
0.008853
0.008792
0.008766
0.008702
0.008639
0.008575
0.008511
0.008445
0.008449
0.008385
0.008360
0.008497
0.008733
0.008729
0.008692
0.008649
0.008605
0.008558
0.008511
0.008461
0.008409
0.008878
0.008814
0.008821
0.008768
0.008734
0.008879
0.008826
0.008792
0.008738
0.008688
0.008649
0.008592
0.008534
0.008473
0.008664
0.008579
0.008538
0.008467
0.008408
0.008597
0.008550
0.008510
0.008520
0.008542
0.008498
0.008452
0.008438
0.008453
0.008404
0.008355
0.008300
0.008833
0.009241
0.009279
0.009418
0.009389
0.009374
0.009345
0.009316
0.009282
0.009293
0.009475
0.009516
0.009510
0.009496
0.009480
0.009461
0.009444
0.009424
0.009401
0.009378
0.009355
0.009330
0.009302
0.009304
0.009523
0.009509
0.009501
0.009478
0.009457
0.009432
0.009441
0.009415
0.009389
0.009530
0.009485
0.009466
0.009422
0.009413
0.009371
0.009330
0.009285
0.009238
0.009421
0.009382
0.009921
0.009856
0.009864
0.009814
0.009780
0.009749
0.009702
0.009651
0.009596
0.009700
0.009648
0.009605
0.009560
0.009505
0.009490
0.009427
0.009367
0.009300
0.009232
0.009161
0.009088
0.009257
0.009195
0.009191
0.009130
0.009074
0.009015
0.008956
0.008897
0.008836
0.008775
0.008836
0.008780
0.008725
0.008702
0.008640
0.008622
0.008558
0.008499
0.008457
0.008392
0.008329
0.008337
0.008282
0.008231
0.008228
0.008213
0.008166
0.008113
0.008058
0.008000
0.007942
0.007882
0.007821
0.007758
0.007694
0.007629
0.007562
0.007496
0.007450
0.007383
0.007315
0.007265
0.007212
0.007185
0.007316
0.007238
0.007189
0.007117
0.007053
0.006985
0.006918
0.006879
0.006809
0.006741
0.006671
0.006602
0.006531
0.006464
0.006677
0.006608
0.006560
0.006496
0.006449
0.006386
0.006325
0.006263
0.006200
0.006136
0.006071
0.006006
0.005943
0.005889
0.005824
0.005760
0.005696
0.005702
0.005636
0.005576
0.005512
0.005453
0.005392
0.005333
0.005275
0.005216
0.005160
0.005107
0.005051
0.004996
0.004940
0.004884
0.004829
0.004774
0.004718
0.004663
0.004609
0.004554
0.004560
0.004505
0.004456
0.004404
0.004352
0.004305
0.004253
0.004201
0.004175
0.004122
0.004313
0.004245
0.004222
0.004169
0.004128
0.004082
0.004038
0.003994
0.003951
0.003913
0.003878
0.003844
0.004119
0.004072
0.004064
0.004056
0.004026
0.004078
0.004050
0.004027
0.003999
0.003970
0.003941
0.003911
0.003971
0.003945
0.003924
0.003897
0.003871
0.003843
0.003874
0.003852
0.003833
0.003825
0.003802
0.003800
0.003777
0.003754
0.003731
0.003707
0.003683
0.003659
0.003635
0.003610
0.003585
0.003641
0.003677
0.003664
0.003649
0.003645
0.003631
0.003618
0.003603
0.003588
0.003573
0.003559
0.003546
0.003535
0.003524
0.003512
0.003500
0.003487
0.003475
0.003463
0.003451
0.003438
0.003425
0.003412
0.003445
0.003428
0.003417
0.003401
0.003447
0.003429
0.003417
0.003400
0.003383
0.003866
0.003827
0.003850
0.003825
0.003814
0.003796
0.003953
0.003974
0.003980
0.003983
0.003984
0.003983
0.003995
0.003991
0.003988
0.003983
0.003976
0.003993
0.004019
0.004015
0.004011
0.004018
0.004010
0.004039
0.004461
0.004433
0.004454
0.004553
0.004539
0.004557
0.004537
0.004642
0.004632
0.004625
0.004600
0.004578
0.004552
0.004544
0.004515
0.004540
0.004581
0.004551
0.004532
0.004507
0.004474
0.004472
0.004713
0.004685
0.004666
0.004629
0.004596
0.004559
0.004522
0.004482
0.004440
0.004397
0.004353
0.004307
0.004261
0.004250
0.004204
0.004161
0.004114
0.004068
0.004021
0.003976
0.003940
0.004021
0.003981
0.003954
0.003916
0.003880
0.003841
0.003802
0.003762
0.003804
0.003768
0.003733
0.003708
0.003809
0.003776
0.003752
0.003720
0.003700
0.003670
0.003649
0.003634
0.003604
0.003574
0.003543
0.003510
0.003477
0.003443
0.003408
0.003492
0.003461
0.003439
0.003410
0.003386
0.003358
0.003465
0.003446
0.003432
0.003414
0.003477
0.003594
0.003579
0.003574
0.003561
0.003556
0.003549
0.003643
0.003634
0.003636
0.003632
0.003630
0.003628
0.003625
0.003621
0.003617
0.003624
0.003620
0.003623
0.003618
0.003612
0.003605
0.003598
0.003590
0.003679
0.003905
0.003898
0.003904
0.003929
0.003921
0.003915
0.004229
0.004203
0.004216
0.004197
0.004185
0.004266
0.004252
0.004240
0.004221
0.004202
0.004179
0.004155
0.004128
0.004100
0.004128
0.004097
0.004069
0.004035
0.004002
0.004016
0.003977
0.003944
0.003904
0.003866
0.003838
0.003796
0.003755
0.003789
0.003787
0.003770
0.003731
0.003693
0.003653
0.003698
0.003651
0.003617
0.003572
0.003554
0.003512
0.003472
0.003430
0.005519
0.005483
0.005610
0.005599
0.005631
0.005641
0.005652
0.005655
0.005653
0.005645
0.005753
0.005731
0.005728
0.005702
0.005676
0.005645
0.005625
0.005587
0.005547
0.005503
0.005500
0.005453
0.005406
0.005356
0.005337
0.005282
0.005229
0.005172
0.005115
0.005057
0.004999
0.004940
0.004889
0.004828
0.004775
0.004713
0.004653
0.004591
0.004530
0.004469
0.004498
0.004437
0.004383
0.004325
0.004315
0.004259
0.004378
0.004322
0.004283
0.004233
0.004187
0.004139
0.004095
0.004050
0.004005
0.003960
0.003919
0.003891
0.003862
0.003833
0.003805
0.003789
0.003763
0.003738
0.003713
0.003689
0.003666
0.003642
0.003619
0.003598
0.003574
0.003584
0.003605
0.003585
0.003624
0.003599
0.003721
0.003902
0.003881
0.003874
0.003849
0.003835
0.003814
0.003806
0.003782
0.003758
0.003731
0.003702
0.003675
0.003644
0.003612
0.003580
0.003547
0.004066
0.004034
0.004078
0.004074
0.004073
0.004070
0.004067
0.004081
0.004075
0.004069
0.004060
0.004050
0.004040
0.004028
0.004015
0.004200
0.004169
0.004252
0.004221
0.004212
0.004188
0.004168
0.004144
0.004141
0.004116
0.004090
0.004068
0.004344
0.004296
0.004355
0.004324
0.004305
0.004415
0.004390
0.004374
0.004348
0.004322
0.004294
0.004265
0.004233
0.004200
0.004165
0.004266
0.004234
0.004209
0.004177
0.004147
0.004114
0.004081
0.004047
0.004012
0.003976
0.003939
0.003902
0.003867
0.003831
0.004146
0.004403
0.004654
0.004648
0.004714
0.004739
0.004733
0.004728
0.004721
0.004713
0.004877
0.004861
0.004858
0.004841
0.004824
0.004917
0.004904
0.004886
0.004860
0.004832
0.005023
0.004999
0.004994
0.004970
0.005080
0.005302
0.005352
0.005359
0.005363
0.005363
0.005362
0.005358
0.005433
0.005434
0.005450
0.005447
0.005447
0.005987
0.005939
0.005977
0.005974
0.005966
0.005948
0.006347
0.006303
0.006311
0.006275
0.006286
0.006264
0.006240
0.006212
0.006182
0.006149
0.006113
0.006150
0.006112
0.006076
0.006036
0.005995
0.005953
0.005910
0.005867
0.005822
0.005777
0.005732
0.006744
0.006679
0.006712
0.006871
0.006863
0.006853
0.006839
0.006819
0.006803
0.006814
0.006792
0.006779
0.006750
0.006726
0.006691
0.006659
0.006618
0.006574
0.006526
0.006480
0.006432
0.006381
0.006329
0.006276
0.006223
0.006226
0.006165
0.006111
0.006049
0.006000
0.005936
0.005873
0.005807
0.005741
0.005674
0.005607
0.005539
0.005470
0.005401
0.005422
0.005353
0.005294
0.005225
0.005159
0.005092
0.005026
0.004986
0.004927
0.004863
0.004816
0.004781
0.004780
0.004745
0.004713
0.004678
0.004644
0.004609
0.004641
0.004604
0.004574
0.004538
0.004504
0.004469
0.004467
0.004431
0.004403
0.004366
0.004330
0.004293
0.004256
0.004218
0.004180
0.004140
0.004101
0.004271
0.004353
0.004326
0.004301
0.004264
0.004282
0.004244
0.004212
0.004176
0.004138
0.004098
0.004057
0.004013
0.003969
0.003929
0.003887
0.003845
0.003801
0.003756
0.003711
0.003664
0.003617
0.003572
0.003528
0.003483
0.003438
0.003392
0.003346
0.005198
0.005156
0.005260
0.005253
0.005281
0.005291
0.005302
0.005692
0.005705
0.005730
0.005739
0.005747
0.005761
0.005766
0.005787
0.005783
0.005913
0.005899
0.005897
0.005882
0.005867
0.005848
0.005829
0.005808
0.005784
0.005757
0.005728
0.005697
0.005727
0.005690
0.005658
0.005619
0.005649
0.005607
0.005716
0.005666
0.005635
0.005589
0.005546
0.005499
0.005453
0.005404
0.005442
0.005394
0.005382
0.005336
0.005301
0.005255
0.005214
0.005167
0.005155
0.005117
0.005096
0.005072
0.005046
0.005019
0.004990
0.005145
0.005106
0.005091
0.005055
0.005028
0.004998
0.004993
0.004966
0.004940
0.004911
0.004881
0.004851
0.004876
0.004843
0.004816
0.004803
0.004773
0.004743
0.004711
0.004682
0.004653
0.004624
0.004594
0.004564
0.004533
0.004503
0.004472
0.004441
0.004472
0.004445
0.004418
0.004446
0.004419
0.004550
0.004622
0.004609
0.004603
0.004590
0.004850
0.004869
0.004877
0.004870
0.004939
0.004931
0.004929
0.004922
0.004913
0.004901
0.004888
0.004873
0.004857
0.004839
0.004820
0.004799
0.004914
0.004890
0.004877
0.004854
0.004832
0.004823
0.004800
0.004776
0.004750
0.004724
0.004734
0.004703
0.004677
0.004646
0.004615
0.004583
0.004555
0.004522
0.004531
0.004555
0.004525
0.004498
0.004468
0.004453
0.004421
0.004392
0.004360
0.004338
0.004391
0.004355
0.004329
0.004321
0.004290
0.004261
0.004233
0.004251
0.004222
0.004199
0.004172
0.004146
0.004120
0.004092
0.004157
0.004124
0.004102
0.004074
0.004045
0.004015
0.003984
0.003955
0.003926
0.003897
0.003876
0.003845
0.003841
0.003809
0.003779
0.003748
0.003716
0.003713
0.003680
0.003668
0.003732
0.003761
0.003742
0.003725
0.003705
0.003814
0.003874
0.003859
0.003847
0.003828
0.003812
0.003794
0.003775
0.003766
0.003747
0.003727
0.003805
0.003778
0.003762
0.003738
0.003729
0.003707
0.003687
0.003692
0.003669
0.003648
0.003625
0.003675
0.003859
0.003834
0.003829
0.003806
0.003893
0.004053
0.004032
0.004056
0.004033
0.004015
0.003992
0.003969
0.003944
0.003917
0.003890
0.003861
0.003830
0.003798
0.003766
0.003732
0.003703
0.003670
0.003637
0.003603
0.003569
0.003534
0.003499
0.003464
0.003429
0.003395
0.003362
0.003330
0.003393
0.003367
0.003409
0.003379
0.003358
0.003332
0.003308
0.003304
0.003458
0.003433
0.003426
0.003409
0.003395
0.003378
0.003361
0.003618
0.003586
0.003588
0.003563
0.003567
0.003544
0.003523
0.003497
0.003470
0.003441
0.003609
0.003569
0.004353
0.004299
0.004324
0.004288
0.004268
0.004238
0.004258
0.004222
0.004187
0.004144
0.004099
0.004050
0.003998
0.003944
0.003887
0.003827
0.003853
0.003786
0.003727
0.003658
0.003648
0.003577
0.003511
0.003440
0.003371
0.003310
0.003239
0.003169
0.003153
0.003084
0.003025
0.002967
0.002910
0.002852
0.002794
0.002738
0.002681
0.002729
0.002665
0.002618
0.002560
0.002532
0.002478
0.002428
0.002375
0.002325
0.002274
0.002223
0.002291
0.002259
0.002243
0.002264
0.002244
0.002226
0.002206
0.002186
0.002167
0.002148
0.002130
0.002112
0.002096
0.002085
0.002068
0.002076
0.002058
0.002042
0.002098
0.002078
0.002067
0.002048
0.002095
0.002075
0.002066
0.002047
0.002032
0.002016
0.002006
0.001989
0.001972
0.001967
0.001947
0.001929
0.001940
0.001918
0.002206
0.002171
0.002257
0.002249
0.002239
0.002222
0.002204
0.002194
0.002188
0.002165
0.002158
0.002133
0.002109
0.002083
0.002057
0.002030
0.002003
0.001974
0.001946
0.001917
0.001887
0.001858
0.001829
0.001802
0.001775
0.001748
0.001957
0.001961
0.001988
0.001960
0.001940
0.001914
0.001889
0.001863
0.001837
0.001859
0.001833
0.001809
0.001783
0.001757
0.001731
0.001728
0.001709
0.001707
0.001687
0.001731
0.001710
0.001696
0.001676
0.001720
0.001700
0.001685
0.001666
0.001648
0.001631
0.001623
0.001603
0.001584
0.001564
0.001643
0.001622
0.001610
0.001591
0.001574
0.001579
0.001562
0.001547
0.001533
0.001536
0.001539
0.001528
0.001535
0.001522
0.002135
0.002111
0.003634
0.003559
0.004308
0.004253
0.004455
0.004437
0.004448
0.004431
0.004411
0.004380
0.004340
0.004322
0.004266
0.004204
0.004134
0.004080
0.004002
0.003919
0.003831
0.003738
0.003642
