0.039866
0.039669
0.039459
0.039330
0.039126
0.039020
0.038823
0.038629
0.038431
0.038336
0.039050
0.038860
0.041017
0.040812
0.040832
0.040682
0.040578
0.040685
0.040536
0.040483
0.040437
0.040375
0.040437
0.040309
0.040180
0.040131
0.040338
0.040643
0.040510
0.040396
0.040232
0.040293
0.040738
0.040608
0.040477
0.040319
0.040164
0.039972
0.039864
0.039653
0.039443
0.039246
0.039147
0.038923
0.038695
0.038502
0.038254
0.038421
0.039907
0.039971
0.039971
0.040334
0.040677
0.040514
0.040382
0.040450
0.040285
0.040111
0.039912
0.039707
0.039548
0.039358
0.039284
0.039105
0.039134
0.039054
0.038899
0.038736
0.038556
0.038717
0.038554
0.038786
0.038626
0.038480
0.038300
0.038252
0.038152
0.037986
0.037890
0.037772
0.037629
0.037442
0.037255
0.037072
0.037310
0.037202
0.037222
0.037053
0.036928
0.036771
0.036681
0.036516
0.036368
0.036207
0.036214
0.036031
0.035857
0.035781
0.035647
0.035771
0.035829
0.035699
0.035772
0.035666
0.035542
0.035392
0.035359
0.035201
0.035313
0.035149
0.035006
0.035515
0.035365
0.035319
0.035171
0.035096
0.036931
0.036640
0.036646
0.036406
0.036253
0.036150
0.035951
0.036938
0.036732
0.036595
0.036385
0.036188
0.035975
0.035907
0.035701
0.035511
0.035293
0.035076
0.034932
0.034694
0.034457
0.034448
0.034840
0.034885
0.034692
0.034497
0.034277
0.034053
0.033827
0.033599
0.033389
0.033183
0.032954
0.032834
0.032596
0.032394
0.032455
0.032286
0.032119
0.032283
0.032085
0.032367
0.032182
0.032067
0.031913
0.031770
0.031630
0.031493
0.031898
0.031771
0.031667
0.031547
0.031426
0.031321
0.031219
0.031078
0.031139
0.030999
0.031009
0.030857
0.030723
0.030638
0.030485
0.030675
0.030556
0.030421
0.030292
0.030144
0.029993
0.030024
0.030305
0.030191
0.030085
0.030206
0.030078
0.030488
0.030389
0.030322
0.030587
0.030487
0.030435
0.031072
0.030986
0.030976
0.030875
0.030788
0.030685
0.030578
0.030585
0.030462
0.030416
0.032280
0.032210
0.032210
0.032126
0.032092
0.031972
0.031928
0.031788
0.031638
0.031632
0.031485
0.031445
0.032006
0.031767
0.031627
0.031512
0.031335
0.031265
0.031036
0.030970
0.031039
0.030847
0.030655
0.030464
0.030257
0.030146
0.030102
0.029894
0.029683
0.029463
0.029453
0.029249
0.031329
0.031725
0.031670
0.031567
0.031440
0.031267
0.031138
0.030964
0.031047
0.030895
0.030713
0.030511
0.030501
0.030524
0.030311
0.030490
0.030599
0.030426
0.030264
0.030118
0.029929
0.029777
0.029582
0.029735
0.029593
0.029481
0.030389
0.030290
0.030172
0.030005
0.029835
0.030089
0.029904
0.029749
0.029557
0.029962
0.029973
0.030132
0.030302
0.030183
0.030048
0.030570
0.030399
0.030417
0.030239
0.030080
0.030021
0.029939
0.029750
0.029561
0.029439
0.029255
0.029098
0.029065
0.028867
0.029291
0.029208
0.029083
0.028902
0.029083
0.028900
0.028746
0.028655
0.028495
0.029082
0.028991
0.028889
0.029297
0.029178
0.029079
0.029070
0.028958
0.028853
0.028722
0.028722
0.028624
0.028679
0.028651
0.028577
0.028667
0.028764
0.028650
0.028834
0.028753
0.028965
0.028802
0.028810
0.028639
0.028488
0.029060
0.028885
0.028819
0.028761
0.028645
0.028488
0.028377
0.028208
0.028035
0.027852
0.027662
0.027573
0.028670
0.028440
0.028342
0.028131
0.027953
0.028412
0.028216
0.028252
0.028560
0.028391
0.028256
0.028158
0.027961
0.027775
0.027672
0.027661
0.027486
0.027286
0.027319
0.027109
0.026910
0.026793
0.026801
0.026596
0.026403
0.026453
0.026273
0.026085
0.025872
0.025658
0.025492
0.025265
0.025183
0.025281
0.025335
0.025309
0.025104
0.024966
0.025133
0.025160
0.025255
0.025307
0.025139
0.024979
0.024953
0.024767
0.024590
0.024443
0.024246
0.024146
0.023940
0.023742
0.023533
0.023323
0.023194
0.023088
0.022963
0.022806
0.022752
0.023276
0.023108
0.022954
0.023007
0.022830
0.022760
0.022851
0.022875
0.022679
0.022480
0.022262
0.022044
0.021818
0.021585
0.021855
0.021632
0.021478
0.021380
0.021190
0.021161
0.021169
0.020951
0.020745
0.021505
0.021388
0.021233
0.021048
0.020937
0.020723
0.020556
0.020400
0.020233
0.020064
0.019890
0.019719
0.019601
0.019653
0.019519
0.019431
0.019358
0.019195
0.019130
0.019427
0.019311
0.019214
0.019096
0.021395
0.021179
0.021253
0.021102
0.021113
0.020995
0.021212
0.021158
0.021486
0.021745
0.022063
0.022149
0.022081
0.022006
0.022272
0.022241
0.022161
0.022153
0.022048
0.021957
0.021853
0.021855
0.021717
0.021776
0.021631
0.021768
0.021965
0.022207
0.022030
0.022258
0.022059
0.021953
0.033603
0.032877
0.033619
0.033467
0.033437
0.034092
0.034400
0.036066
0.036155
0.036270
0.036223
0.036152
0.036023
0.035869
0.035822
0.035757
0.035489
0.035277
0.035022
0.034652
0.034252
0.033822
0.033374
0.032947
0.032660
0.032546
0.032037
0.031498
0.030980
0.030403
0.029969
0.029360
0.029032
0.028443
0.027839
0.027215
0.026696
0.026074
0.025439
0.024965
0.024314
0.023678
0.023153
0.022623
0.021989
0.022665
0.022133
0.022128
0.021867
0.021533
0.021156
0.020864
0.020490
0.020106
0.019731
0.019730
0.019382
0.019420
0.019087
0.018883
0.018672
0.018549
0.018393
0.018380
0.018362
0.018211
0.018089
0.017924
0.017754
0.017577
0.018181
0.017992
0.017864
0.017731
0.017566
0.017404
0.017281
0.017103
0.016965
0.017136
0.016968
0.016817
0.016645
0.016480
0.016317
0.016242
0.017089
0.016985
0.018015
0.017982
0.017957
0.017913
0.017792
0.017778
0.017632
0.017495
0.017334
0.017241
0.017076
0.017410
0.017219
0.017091
0.017040
0.016934
0.016774
0.016722
0.016636
0.016809
0.016658
0.016873
0.016863
0.016757
0.016661
0.016629
0.021228
0.020885
0.021127
0.021087
0.021016
0.020898
0.021131
0.021173
0.021057
0.020875
0.022537
0.022262
0.022185
0.021940
0.021766
0.021541
0.021297
0.021161
0.021006
0.020755
0.020591
0.020300
0.020002
0.020077
0.019746
0.019503
0.019197
0.019223
0.018943
0.018791
0.018512
0.018234
0.017943
0.017747
0.017470
0.017183
0.016890
0.016862
0.016773
0.016511
0.016490
0.016747
0.016603
0.016533
0.016392
0.016261
0.016119
0.015976
0.015852
0.015727
0.015580
0.015438
0.015371
0.015260
0.015155
0.015036
0.015246
0.015120
0.015056
0.014944
0.014941
0.014967
0.014883
0.018099
0.017948
0.018264
0.018157
0.018132
0.018268
0.018180
0.018150
0.018120
0.018009
0.017883
0.017924
0.017782
0.017644
0.017486
0.017347
0.017186
0.017022
0.016953
0.016788
0.016626
0.016450
0.016271
0.016373
0.016314
0.016328
0.016207
0.016122
0.016012
0.015851
0.015962
0.015845
0.015839
0.015800
0.018242
0.019681
0.019615
0.019892
0.019818
0.019905
0.019851
0.019805
0.019733
0.019651
0.019559
0.019481
0.019366
0.019372
0.019239
0.019208
0.019069
0.018927
0.018869
0.018701
0.018535
0.018353
0.018180
0.017986
0.017786
0.017625
0.017421
0.017218
0.017606
0.017380
0.017210
0.016992
0.016803
0.016592
0.016380
0.016206
0.015997
0.015800
0.015619
0.015445
0.015265
0.015192
0.015008
0.016560
0.016546
0.016530
0.016441
0.016654
0.016550
0.016525
0.016422
0.016352
0.019508
0.019398
0.019607
0.019635
0.019579
0.019588
0.019464
0.020585
0.020394
0.020378
0.020197
0.020045
0.020970
0.020817
0.020692
0.020546
0.020356
0.020150
0.020061
0.019905
0.019681
0.019581
0.019341
0.019103
0.019192
0.019023
0.018801
0.018550
0.018336
0.018203
0.017961
0.017965
0.017714
0.017486
0.017240
0.017234
0.017198
0.016969
0.018196
0.018041
0.017910
0.017846
0.017692
0.017530
0.017570
0.017439
0.017331
0.017192
0.017046
0.016948
0.016823
0.016675
0.016504
0.016326
0.016145
0.015980
0.015808
0.015632
0.015470
0.017020
0.016802
0.016734
0.016590
0.016455
0.016280
0.016193
0.016081
0.015903
0.015756
0.015600
0.015883
0.015705
0.015659
0.015468
0.015320
0.015239
0.015594
0.015391
0.015693
0.015483
0.015345
0.015151
0.014967
0.014809
0.014645
0.014445
0.014580
0.014412
0.014289
0.014172
0.014027
0.013863
0.013694
0.013555
0.013636
0.013523
0.013364
0.013265
0.013090
0.012982
0.012798
0.013884
0.013628
0.013543
0.013377
0.013452
0.013299
0.013154
0.012986
0.012930
0.012782
0.012615
0.012442
0.012584
0.012415
0.012303
0.013467
0.013337
0.013262
0.013139
0.013049
0.014063
0.013893
0.013860
0.013748
0.013631
0.013606
0.013484
0.013357
0.013220
0.013154
0.013063
0.013734
0.013647
0.013578
0.013416
0.013292
0.013324
0.013196
0.013051
0.012890
0.012723
0.012552
0.012524
0.012336
0.012165
0.012056
0.011930
0.012384
0.012213
0.012104
0.011927
0.011763
0.011588
0.011413
0.011247
0.011075
0.010959
0.011046
0.010870
0.010701
0.010593
0.010559
0.010449
0.010337
0.010188
0.010042
0.009893
0.009794
0.009649
0.009518
0.009371
0.009356
0.009209
0.009441
0.009294
0.009211
0.009110
0.009002
0.008894
0.009717
0.009539
0.009590
0.009443
0.009514
0.009460
0.009376
0.009251
0.009123
0.009043
0.008945
0.009450
0.009363
0.009320
0.009276
0.009168
0.009101
0.009000
0.008889
0.008773
0.008655
0.008533
0.008418
0.009486
0.009361
0.009497
0.009478
0.009436
0.009371
0.009303
0.009230
0.009154
0.009075
0.008991
0.008903
0.008812
0.009027
0.008947
0.008897
0.008890
0.008814
0.008738
0.008733
0.008651
0.008576
0.008595
0.008499
0.008416
0.008323
0.008229
0.008130
0.008051
0.008022
0.007917
0.007817
0.007711
0.007604
0.007618
0.008164
0.008113
0.008088
0.008056
0.008072
0.008001
0.007929
0.007846
0.007870
0.007782
0.007699
0.007605
0.007510
0.007547
0.007463
0.007825
0.007730
0.007664
0.007596
0.007508
0.007417
0.007371
0.007279
0.007235
0.007137
0.007042
0.006968
0.006865
0.006765
0.006663
0.006571
0.006665
0.006578
0.006593
0.006500
0.006431
0.006370
0.006282
0.006196
0.006149
0.006062
0.005980
0.005895
0.005817
0.006300
0.006237
0.006296
0.006233
0.006379
0.006379
0.008415
0.008227
0.008372
0.008643
0.008608
0.008566
0.008501
0.008443
0.008363
0.008306
0.008244
0.008191
0.008094
0.007988
0.007876
0.007987
0.008029
0.007950
0.007847
0.007744
0.007630
0.007513
0.007425
0.008501
0.008468
0.008611
0.009820
0.009851
0.009894
0.009916
0.009949
0.009949
0.009944
0.010824
0.010892
0.017975
0.017763
0.018294
0.018144
0.018215
0.018206
0.018145
0.018407
0.018307
0.018192
0.018038
0.017946
0.017744
0.018650
0.018484
0.018378
0.018187
0.018062
0.018025
0.017808
0.017586
0.017340
0.017086
0.016821
0.016586
0.016305
0.016092
0.015795
0.017193
0.017270
0.017116
0.017762
0.017503
0.017296
0.017046
0.017317
0.017090
0.016895
0.016673
0.016451
0.016225
0.015997
0.016477
0.016764
0.016831
0.016820
0.016775
0.016732
0.016726
0.016662
0.016711
0.016652
0.016570
0.016494
0.016390
0.016282
0.016598
0.016918
0.016993
0.016952
0.016873
0.016788
0.019449
0.019379
0.019542
0.019564
0.019618
0.019620
0.019608
0.019582
0.019544
0.019560
0.019500
0.019464
0.019394
0.019346
0.019366
0.020012
0.019941
0.019955
0.019928
0.020228
0.020276
0.020707
0.020633
0.020612
0.021948
0.021927
0.021995
0.022006
0.022031
0.022002
0.021971
0.021928
0.021946
0.021996
0.021932
0.021867
0.021888
0.022020
0.022068
0.021998
0.021909
0.021813
0.021708
0.021607
0.021518
0.021542
0.021417
0.021704
0.021592
0.021499
0.021648
0.021584
0.021503
0.021449
0.021343
0.021371
0.021261
0.021163
0.021052
0.020940
0.020878
0.020896
0.020776
0.021091
0.020942
0.020860
0.020877
0.020769
0.020720
0.020827
0.020742
0.020807
0.020722
0.021702
0.021621
0.021696
0.021680
0.021651
0.021605
0.021564
0.021507
0.021445
0.021396
0.021321
0.021267
0.022042
0.021975
0.021951
0.021896
0.021844
0.021906
0.021851
0.021799
0.021755
0.021688
0.021634
0.021761
0.023587
0.023453
0.023542
0.023517
0.025749
0.025512
0.025634
0.025544
0.025858
0.025751
0.025681
0.025646
0.025534
0.025396
0.025295
0.025211
0.025046
0.024879
0.024895
0.024832
0.024668
0.024495
0.024351
0.026428
0.026137
0.026121
0.025884
0.025719
0.025659
0.025464
0.025295
0.025121
0.024907
0.024684
0.024454
0.024979
0.024776
0.025742
0.025609
0.025725
0.025630
0.025827
0.025795
0.025748
0.026910
0.027465
0.027515
0.027459
0.027405
0.027330
0.027242
0.027145
0.027333
0.027221
0.027285
0.027144
0.027066
0.026935
0.026785
0.026616
0.026457
0.026281
0.028179
0.028050
0.028445
0.028342
0.028283
0.028214
0.028130
0.028036
0.027916
0.027785
0.027981
0.027831
0.027712
0.027887
0.027738
0.027652
0.027492
0.027331
0.027184
0.027423
0.027241
0.027100
0.026914
0.026745
0.026554
0.026396
0.026194
0.025988
0.025771
0.025551
0.025442
0.025337
0.025105
0.025140
0.024893
0.024672
0.024449
0.024207
0.023975
0.023817
0.023865
0.023623
0.023379
0.023136
0.022891
0.022638
0.022387
0.022201
0.021925
0.021655
0.021371
0.021116
0.020824
0.020582
0.020291
0.020003
0.019709
0.019412
0.019112
0.018868
0.018626
0.018521
0.018239
0.017976
0.017941
0.017828
0.017580
0.017365
0.017190
0.016929
0.016673
0.018648
0.018433
0.018523
0.018279
0.018108
0.017896
0.017689
0.017533
0.017342
0.017140
0.016933
0.016736
0.016516
0.016309
0.016100
0.015912
0.015708
0.015486
0.015271
0.015106
0.014881
0.014661
0.015037
0.014778
0.015682
0.015502
0.015372
0.015193
0.015022
0.015080
0.014877
0.015357
0.015152
0.015080
0.014917
0.014802
0.014771
0.014574
0.014863
0.014645
0.014486
0.014275
0.014077
0.013992
0.013785
0.013746
0.013529
0.013333
0.013202
0.012985
0.012821
0.012640
0.012475
0.012320
0.012094
0.011867
0.011857
0.011657
0.011563
0.011419
0.011239
0.011050
0.011007
0.010819
0.010656
0.010480
0.010398
0.010233
0.010091
0.009924
0.009761
0.009595
0.009428
0.009531
0.009414
0.009475
0.009358
0.009285
0.009238
0.009174
0.009099
0.009357
0.009310
0.009224
0.009115
0.011726
0.012423
0.012494
0.012379
0.012252
0.012113
0.011959
0.012210
0.012065
0.011934
0.011717
0.011631
0.011517
0.011288
0.011335
0.011643
0.011498
0.011348
0.011188
0.011027
0.010857
0.010847
0.010663
0.010495
0.010306
0.010154
0.009960
0.009804
0.009624
0.009423
0.010156
0.009924
0.009796
0.009562
0.009517
0.009470
0.009257
0.009174
0.008956
0.008754
0.008675
0.008827
0.008756
0.008572
0.008450
0.008267
0.008096
0.008134
0.008504
0.008522
0.008417
0.008295
0.008172
0.008094
0.008094
0.008224
0.008614
0.008572
0.008471
0.008356
0.008232
0.008108
0.008020
0.007928
0.007791
0.007652
0.007543
0.007390
0.007257
0.007450
0.007299
0.007164
0.007039
0.006949
0.006838
0.006695
0.006554
0.006410
0.006265
0.006117
0.005970
0.005857
0.005716
0.005670
0.005562
0.005897
0.005775
0.005707
0.005595
0.005515
0.005523
0.005429
0.005340
0.005247
0.005225
0.005454
0.005386
0.005320
0.005243
0.005255
0.005176
0.005102
0.005046
0.004963
0.004882
0.004797
0.004710
0.004640
0.004690
0.004609
0.004541
0.004461
0.004384
0.004304
0.004270
0.004199
0.004135
0.004062
0.004127
0.004139
0.004745
0.004760
0.004744
0.004718
0.004709
0.004697
0.005093
0.005079
0.005417
0.005421
0.005439
0.005437
0.005442
0.005443
0.005453
0.005449
0.005480
0.005491
0.005611
0.005655
0.005696
0.005693
0.005760
0.006402
0.006384
0.006419
0.006503
0.006520
0.006572
0.006575
0.006567
0.006883
0.006986
0.006990
0.007003
0.006993
0.007059
0.007057
0.007119
0.007301
0.007289
0.007282
0.007263
0.007282
0.007257
0.007413
0.007400
0.007438
0.007501
0.007487
0.007542
0.007782
0.007758
0.007781
0.007756
0.007740
0.007731
0.007706
0.007702
0.007672
0.007645
0.007613
0.007580
0.007591
0.007581
0.007550
0.007514
0.007478
0.007441
0.007403
0.007366
0.007862
0.007872
0.007937
0.007924
0.007919
0.008061
0.008053
0.008324
0.008382
0.008424
0.008420
0.008421
0.008413
0.008591
0.008594
0.008829
0.008997
0.009008
0.009020
0.009179
0.009178
0.009189
0.009176
0.009166
0.009437
0.009453
0.009455
0.009448
0.009439
0.009427
0.009421
0.009403
0.009429
0.009404
0.009427
0.009397
0.009824
0.009803
0.009843
0.009828
0.009822
0.009807
0.009860
0.009921
0.009905
0.009891
0.009870
0.009848
0.009832
0.009805
0.009777
0.009767
0.009735
0.009791
0.009780
0.009753
0.009863
0.009842
0.009833
0.009816
0.009807
0.009793
0.009774
0.009758
0.009736
0.009715
0.009883
0.009866
0.009856
0.009834
0.009813
0.009904
0.009885
0.009910
0.009890
0.009888
0.009928
0.009921
0.009906
0.009898
0.009892
0.009871
0.009860
0.009845
0.009821
0.009798
0.009791
0.009769
0.009746
0.009720
0.009756
0.009725
0.010026
0.010096
0.010101
0.010084
0.010073
0.010058
0.010107
0.010139
0.010126
0.010113
0.011421
0.011341
0.011441
0.011566
0.011565
0.011557
0.011541
0.011561
0.011540
0.011567
0.012589
0.012509
0.012587
0.012527
0.012499
0.012451
0.012400
0.012405
0.013397
0.013740
0.013738
0.013672
0.013628
0.013552
0.013467
0.013374
0.013652
0.013641
0.013553
0.013445
0.013334
0.013229
0.013108
0.012999
0.012873
0.013963
0.013864
0.013869
0.013919
0.013942
0.013941
0.013852
0.013780
0.013681
0.013580
0.013473
0.013363
0.013250
0.013907
0.013823
0.013768
0.013725
0.013683
0.013642
0.013602
0.013558
0.013532
0.013706
0.013659
0.013618
0.013568
0.013516
0.013503
0.013449
0.013396
0.013339
0.013352
0.013292
0.013235
0.013185
0.013134
0.013090
0.013036
0.013063
0.013003
0.012986
0.013170
0.013123
0.013091
0.013063
0.013081
0.013078
0.013048
0.013147
0.013107
0.013117
0.013083
0.013052
0.013024
0.013363
0.013325
0.013326
0.013912
0.013863
0.014114
0.014069
0.015107
0.015104
0.015157
0.015166
0.015176
0.015211
0.015202
0.015308
0.015301
0.015299
0.015290
0.015287
0.015265
0.015238
0.015275
0.015236
0.015212
0.015167
0.015118
0.015098
0.015039
0.014980
0.015915
0.015869
0.015904
0.015873
0.015852
0.015817
0.015925
0.015883
0.015856
0.015811
0.015768
0.015719
0.015668
0.015620
0.015565
0.015742
0.015709
0.015722
0.015688
0.015657
0.015642
0.015609
0.015574
0.015535
0.015521
0.015475
0.015606
0.015569
0.015617
0.015588
0.015566
0.015668
0.015631
0.015596
0.015556
0.015516
0.015473
0.015427
0.015392
0.015375
0.015339
0.015302
0.015318
0.015271
0.015228
0.015179
0.015919
0.016499
0.016551
0.017411
0.017406
0.017474
0.017479
0.017545
0.017552
0.017589
0.017581
0.017573
0.017554
0.017559
0.017584
0.017668
0.017629
0.017592
0.017542
0.017734
0.017720
0.017697
0.017745
0.017817
0.017803
0.017764
0.017714
0.017661
0.017638
0.018057
0.018013
0.018139
0.018087
0.018199
0.028903
0.028658
0.029425
0.029193
0.029253
0.029327
0.029236
0.029320
0.029177
0.028992
0.028766
0.030520
0.030509
0.030494
0.030472
0.030429
0.030328
0.030200
0.030051
0.029963
0.029759
0.029547
0.029308
0.029053
0.028779
0.028603
0.028298
0.027986
0.027656
0.027314
0.026963
0.026622
0.026252
0.025875
0.025604
0.026135
0.025785
0.025697
0.025648
0.025290
0.024949
0.024577
0.024200
0.023818
0.023431
0.023040
0.022716
0.022361
0.021971
0.021578
0.021334
0.021696
0.021426
0.021311
0.021056
0.020835
0.020589
0.020344
0.020094
0.019862
0.019844
0.019598
0.019365
0.019120
0.019173
0.018968
0.018757
0.019070
0.018965
0.018820
0.018748
0.018672
0.018604
0.018536
0.018479
0.018508
0.018450
0.018397
0.018337
0.018274
0.018208
0.018138
0.018293
0.018238
0.018206
0.018146
0.018090
0.018029
0.018006
0.018116
0.018115
0.018073
0.018022
0.018162
0.018108
0.018075
0.018018
0.018028
0.017985
0.017997
0.017938
0.017887
0.017864
0.018180
0.018636
0.018632
0.018621
0.018603
0.018593
0.018573
0.018551
0.018525
0.018495
0.018460
0.018447
0.018420
0.018380
0.018336
0.018382
0.018336
0.018554
0.018754
0.018731
0.018697
0.018694
0.018679
0.018666
0.018666
0.018682
0.018626
0.018571
0.018516
0.018449
0.018378
0.018356
0.018291
0.018429
0.018470
0.018409
0.018424
0.018366
0.018313
0.018252
0.018191
0.018126
0.018059
0.017995
0.017930
0.017858
0.017830
0.017800
0.017729
0.017657
0.017584
0.017509
0.017432
0.017385
0.017925
0.018090
0.018275
0.018246
0.018245
0.018216
0.018192
0.018169
0.018142
0.018117
0.018085
0.018049
0.018025
0.017984
0.018014
0.017971
0.017950
0.017903
0.017858
0.017940
0.017927
0.018174
0.018126
0.018173
0.018205
0.018170
0.018132
0.018088
0.018044
0.018131
0.018087
0.018043
0.018035
0.017979
0.017927
0.017891
0.017830
0.017767
0.017703
0.017633
0.017768
0.017858
0.017789
0.017728
0.017695
0.017644
0.017572
0.017514
0.017433
0.017355
0.017268
0.017180
0.017088
0.017037
0.017010
0.016918
0.016826
0.016731
0.016749
0.016655
0.016570
0.016479
0.016386
0.016293
0.016202
0.016250
0.016165
0.016212
0.016254
0.016179
0.016096
0.016448
0.016378
0.016327
0.016269
0.016205
0.016138
0.016198
0.016142
0.016134
0.016091
0.016060
0.016196
0.016146
0.016174
0.016138
0.016093
0.016043
0.015990
0.015936
0.016386
0.016319
0.016545
0.016489
0.016483
0.016473
0.016427
0.016378
0.016324
0.016266
0.016232
0.016169
0.016106
0.016036
0.015964
0.015889
0.015810
0.015779
0.015699
0.015616
0.015559
0.015520
0.015636
0.015550
0.015563
0.015470
0.015831
0.015721
0.015667
0.015567
0.015533
0.015439
0.015366
0.015308
0.015259
0.015183
0.015084
0.015012
0.014906
0.014864
0.014802
0.014699
0.014599
0.014499
0.014731
0.014745
0.014804
0.014700
0.014723
0.014624
0.014899
0.014791
0.014728
0.014626
0.014542
0.014449
0.014353
0.014254
0.014198
0.014094
0.014071
0.013964
0.013867
0.013760
0.013655
0.013550
0.013443
0.013335
0.013308
0.013201
0.013559
0.013446
0.013375
0.013274
0.013241
0.013316
0.013255
0.013219
0.013140
0.013081
0.013001
0.012923
0.012841
0.012847
0.012766
0.012692
0.012636
0.013138
0.013047
0.013021
0.012946
0.012910
0.012849
0.013106
0.013035
0.012998
0.012939
0.012877
0.012810
0.012741
0.012802
0.012736
0.012677
0.012609
0.012539
0.012575
0.012507
0.012474
0.012395
0.012320
0.012238
0.012166
0.012082
0.012037
0.012061
0.012040
0.011972
0.011900
0.011826
0.011755
0.011692
0.011674
0.011598
0.011528
0.011478
0.011554
0.011521
0.011466
0.011398
0.011340
0.011277
0.011215
0.011253
0.011196
0.011141
0.011081
0.011144
0.011087
0.011062
0.011008
0.010954
0.010897
0.010857
0.010815
0.010754
0.010692
0.010628
0.010563
0.010526
0.010460
0.010396
0.010327
0.010258
0.010188
0.010834
0.010756
0.010740
0.010968
0.010893
0.010857
0.010876
0.010829
0.010766
0.010728
0.010660
0.010590
0.010641
0.010557
0.010491
0.010463
0.010387
0.010313
0.010235
0.010424
0.010345
0.010287
0.010220
0.010165
0.010088
0.010013
0.012921
0.012804
0.013015
0.012971
0.012961
0.012927
0.012884
0.012830
0.012801
0.012792
0.012788
0.012701
0.012611
0.012510
0.012964
0.012808
0.012868
0.012718
0.012600
0.012725
0.012597
0.012464
0.012305
0.012174
0.012014
0.011851
0.011681
0.011507
0.012342
0.012380
0.012332
0.012238
0.012186
0.012062
0.012081
0.011943
0.011823
0.011861
0.011908
0.011793
0.011681
0.011557
0.011431
0.011301
0.011171
0.011035
0.010897
0.010951
0.010968
0.010834
0.010717
0.010593
0.010471
0.010543
0.010507
0.010586
0.010496
0.010420
0.010327
0.010236
0.010144
0.010084
0.010051
0.010001
0.009934
0.009863
0.009791
0.009962
0.010124
0.010059
0.010073
0.010175
0.010116
0.010192
0.010131
0.010083
0.010108
0.010086
0.010027
0.010092
0.010037
0.009988
0.009930
0.009965
0.009916
0.009900
0.010085
0.010036
0.010008
0.009956
0.009910
0.010106
0.010041
0.010005
0.009943
0.009894
0.009869
0.009809
0.009819
0.009882
0.009825
0.009778
0.009726
0.009673
0.009621
0.009672
0.009792
0.009809
0.009770
0.009806
0.009764
0.009726
0.009680
0.009634
0.009586
0.009538
0.009507
0.009457
0.009485
0.009447
0.009406
0.009356
0.009440
0.009380
0.009334
0.009274
0.009686
0.009599
0.009574
0.009496
0.009435
0.009363
0.009292
0.009215
0.009323
0.010310
0.010236
0.010230
0.010179
0.010128
0.010057
0.009984
0.009907
0.009850
0.009804
0.009791
0.009804
0.010135
0.010247
0.010206
0.010147
0.010085
0.010017
0.009946
0.009870
0.009790
0.009707
0.009888
0.009806
0.009746
0.009665
0.009598
0.009612
0.009589
0.009542
0.009489
0.009409
0.009350
0.009267
0.009184
0.009098
0.009124
0.009043
0.009107
0.009179
0.009206
0.009132
0.009115
0.009039
0.008973
0.008900
0.008826
0.008749
0.008672
0.008604
0.008542
0.008493
0.008428
0.008536
0.008641
0.008647
0.008598
0.008543
0.008486
0.008498
0.008442
0.008386
0.008327
0.008294
0.008231
0.015685
0.015627
0.016212
0.016050
0.016269
0.016218
0.016184
0.016123
0.016054
0.015920
0.015763
0.015729
0.015524
0.015309
0.015129
0.014982
0.014832
0.014572
0.014417
0.014174
0.013908
0.013618
0.013391
0.013084
0.012786
0.012495
0.012192
0.011880
0.011566
0.011251
0.010937
0.010636
0.013801
0.013500
0.013673
0.013511
0.013382
0.013205
0.013029
0.013188
0.013100
0.012924
0.012833
0.012665
0.013204
0.012975
0.012849
0.012700
0.012582
0.012447
0.012324
0.012172
0.012030
0.011863
0.011693
0.011542
0.011611
0.011439
0.011474
0.011317
0.011165
0.011027
0.010914
0.010746
0.010625
0.010450
0.010284
0.010129
0.010018
0.009948
0.012985
0.012832
0.012937
0.012841
0.012805
0.012750
0.012795
0.013657
0.013575
0.013562
0.014094
0.014062
0.014043
0.013976
0.014101
0.014011
0.014016
0.013904
0.013860
0.014184
0.014080
0.013990
0.013872
0.013756
0.013694
0.013564
0.013487
0.013448
0.013761
0.013704
0.013614
0.013489
0.013373
0.013245
0.013117
0.013041
0.012901
0.012764
0.012619
0.012509
0.012486
0.012336
0.012937
0.012869
0.013040
0.013000
0.012977
0.012968
0.013044
0.013002
0.012987
0.012945
0.012915
0.012867
0.012843
0.013382
0.013356
0.013389
0.013471
0.013708
0.013797
0.013901
0.014150
0.014157
0.014169
0.014904
0.014906
0.015274
0.015295
0.015343
0.015376
0.015403
0.015436
0.015527
0.015535
0.015545
0.015543
0.015564
0.015572
0.015662
0.015648
0.015637
0.015615
0.015591
0.015561
0.015537
0.015531
0.015490
0.015449
0.015402
0.015407
0.015353
0.015300
0.015240
0.015178
0.015168
0.015106
0.015039
0.014968
0.014894
0.014818
0.014744
0.015002
0.014967
0.014918
0.014901
0.014835
0.014771
0.014700
0.015133
0.015080
0.015456
0.015398
0.015384
0.015332
0.015523
0.015479
0.016215
0.016138
0.016182
0.016351
0.016326
0.016291
0.016253
0.016553
0.016492
0.016454
0.016416
0.016352
0.016294
0.016262
0.016181
0.016098
0.016006
0.015910
0.015808
0.015751
0.017460
0.017340
0.017382
0.017247
0.017160
0.017046
0.016932
0.016807
0.017304
0.017259
0.017169
0.017055
0.016958
0.016938
0.016809
0.016687
0.016547
0.016426
0.016284
0.016218
0.016366
0.016415
0.016282
0.016162
0.016040
0.015969
0.016110
0.016385
0.016535
0.016495
0.016448
0.016421
0.016367
0.016311
0.016253
0.016193
0.016175
0.016166
0.016117
0.016065
0.016011
0.015955
0.015930
0.015932
0.015909
0.015890
0.015862
0.015831
0.015797
0.015764
0.015804
0.015757
0.015717
0.015762
0.015710
0.015905
0.015847
0.015810
0.015761
0.016262
0.016219
0.016219
0.016180
0.016158
0.016278
0.016249
0.016423
0.016381
0.016968
0.017160
0.017197
0.017226
0.017246
0.017260
0.017640
0.017620
0.017649
0.017675
0.017670
0.017655
0.017639
0.017636
0.018043
0.018038
0.018042
0.018016
0.017988
0.018033
0.018015
0.017980
0.018085
0.018041
0.018006
0.017955
0.017975
0.017913
0.017866
0.017997
0.018960
0.018897
0.018907
0.018856
0.018796
0.018728
0.018653
0.018570
0.018486
0.018392
0.018295
0.018191
0.018082
0.017967
0.017847
0.017723
0.017646
0.017515
0.017384
0.017247
0.017236
0.017093
0.017058
0.016911
0.016862
0.016848
0.016714
0.016645
0.016508
0.016377
0.016697
0.016642
0.016545
0.016418
0.016313
0.016295
0.016158
0.016029
0.015887
0.015751
0.015639
0.015851
0.015728
0.015611
0.015477
0.015354
0.015236
0.015103
0.014973
0.014846
0.014873
0.014756
0.015105
0.015428
0.015373
0.015273
0.015185
0.015121
0.015032
0.014940
0.014844
0.014749
0.014659
0.014792
0.014687
0.014643
0.014575
0.014479
0.016111
0.015923
0.016047
0.015912
0.015848
0.015754
0.015677
0.015578
0.015520
0.015410
0.015380
0.015256
0.015135
0.015024
0.014889
0.015991
0.015935
0.015882
0.015793
0.015704
0.015663
0.015740
0.015666
0.015628
0.015582
0.015512
0.015425
0.015336
0.018893
0.018642
0.018978
0.018808
0.018768
0.018653
0.018549
0.018419
0.018282
0.018130
0.017993
0.017820
0.017642
0.017471
0.017347
0.017202
0.017039
0.016867
0.016690
0.016562
0.016838
0.016618
0.016461
0.016249
0.016051
0.015841
0.016669
0.016438
0.016318
0.016110
0.015929
0.015736
0.015545
0.015349
0.015151
0.014951
0.014766
0.014567
0.014376
0.014179
0.014013
0.013823
0.014766
0.014668
0.014647
0.014530
0.014451
0.014443
0.014574
0.014548
0.014455
0.018463
0.018277
0.018464
0.018361
0.018332
0.018272
0.018291
0.018198
0.018098
0.017975
0.017908
0.017763
0.017606
0.017444
0.017632
0.017473
0.017300
0.017123
0.016942
0.017019
0.016828
0.016796
0.016753
0.016556
0.016512
0.016306
0.016113
0.015945
0.015754
0.015539
0.015321
0.015100
0.014944
0.014726
0.014504
0.014274
0.014244
0.014040
0.013881
0.013656
0.013449
0.013241
0.013035
0.012828
0.012626
0.012423
0.012232
0.012034
0.011838
0.011982
0.011976
0.011919
0.011843
0.013992
0.013884
0.014569
0.014679
0.014696
0.014664
0.014655
0.014698
0.014646
0.014582
0.014617
0.014533
0.014515
0.014554
0.015031
0.014899
0.014824
0.014686
0.014557
0.014411
0.014258
0.014107
0.013967
0.014205
0.014016
0.014240
0.014054
0.013904
0.013886
0.013704
0.013531
0.013339
0.013152
0.012961
0.012765
0.012564
0.012444
0.012240
0.012034
0.011874
0.011663
0.011456
0.011242
0.011029
0.010818
0.010607
0.010395
0.010260
0.010107
0.010050
0.009932
0.009821
0.009780
0.009644
0.009516
0.009492
0.009365
0.009250
0.009123
0.008997
0.008952
0.008845
0.008721
0.008595
0.008471
0.008351
0.008251
0.008188
0.008072
0.008061
0.007961
0.008870
0.008830
0.008940
0.008838
0.008773
0.008684
0.008599
0.008591
0.008504
0.008445
0.008438
0.008349
0.008263
0.008249
0.008249
0.008172
0.008084
0.007990
0.007907
0.007808
0.007765
0.007709
0.007612
0.007511
0.007410
0.007306
0.007243
0.007140
0.007038
0.006950
0.006848
0.006824
0.006745
0.006660
0.006561
0.006465
0.006460
0.006364
0.006274
0.006181
0.006089
0.005999
0.006364
0.008375
0.008236
0.008333
0.008263
0.008244
0.008214
0.008545
0.008468
0.008724
0.008633
0.008573
0.008492
0.008400
0.008296
0.008186
0.008067
0.007940
0.007848
0.008898
0.008848
0.008789
0.008692
0.008678
0.008717
0.008620
0.008529
0.008420
0.008506
0.008420
0.009456
0.009406
0.009975
0.009967
0.009993
0.009988
0.009983
0.009959
0.009951
0.009988
0.009943
0.009900
0.009846
0.009827
0.009751
0.009913
0.009828
0.009818
0.011858
0.013245
0.013301
0.013391
0.013426
0.013919
0.013994
0.014051
0.014253
0.014277
0.014297
0.014382
0.014391
0.014503
0.014577
0.014555
0.014557
0.014602
0.014631
0.014573
0.014648
0.015219
0.015228
0.015181
0.015076
0.014983
0.014866
0.014742
0.014637
0.014537
0.016293
0.016262
0.016261
0.016164
0.016094
0.015987
0.015996
0.015870
0.015959
0.015819
0.015710
0.015604
0.015457
0.015545
0.015384
0.015235
0.015087
0.014908
0.014760
0.014566
0.014888
0.014718
0.014564
0.014690
0.014529
0.014420
0.014302
0.014138
0.013987
0.013823
0.013713
0.013534
0.013406
0.013231
0.013160
0.012980
0.012799
0.012642
0.012787
0.012592
0.012436
0.012255
0.012058
0.011891
0.011777
0.011576
0.011374
0.012261
0.011964
0.011881
0.011662
0.011477
0.011272
0.011153
0.010977
0.010802
0.010621
0.010438
0.010257
0.010318
0.010152
0.009991
0.009833
0.009658
0.009482
0.009337
0.009366
0.009205
0.009754
0.009621
0.009551
0.011835
0.011803
0.011855
0.011846
0.011855
0.011836
0.011904
0.011880
0.011877
0.011847
0.011833
0.011795
0.011774
0.012119
0.012087
0.012084
0.012137
0.012639
0.012707
0.012744
0.012747
0.012798
0.012844
0.012833
0.012846
0.013047
0.014065
0.014119
0.014722
0.014689
0.015274
0.015424
0.015440
0.015443
0.015456
0.015473
0.015442
0.015403
0.016237
0.016192
0.016200
0.016223
0.016189
0.016145
0.016121
0.016743
0.016981
0.017009
0.017127
0.017271
0.017269
0.017277
0.017352
0.017393
0.017381
0.018238
0.018260
0.018457
0.018469
0.018639
0.018723
0.018753
0.018762
0.018884
0.018881
0.018881
0.018955
0.018933
0.018911
0.018886
0.018846
0.018818
0.018806
0.018750
0.018688
0.018669
0.018609
0.018537
0.018486
0.018404
0.018345
0.018279
0.018190
0.018096
0.018070
0.018595
0.018483
0.018461
0.018361
0.018263
0.018154
0.018041
0.017941
0.017816
0.017687
0.017553
0.017610
0.018884
0.018704
0.018693
0.018549
0.018448
0.018325
0.018229
0.018627
0.018517
0.018432
0.019715
0.019633
0.019612
0.020257
0.020183
0.020153
0.020341
0.020283
0.020214
0.020189
0.020110
0.020023
0.019928
0.019826
0.019719
0.019647
0.019549
0.019490
0.019472
0.019349
0.019275
0.019147
0.019296
0.019174
0.019082
0.018969
0.019963
0.020246
0.020228
0.020203
0.020156
0.020110
0.020104
0.020040
0.019986
0.019947
0.021019
0.020974
0.021068
0.021028
0.021036
0.021006
0.022420
0.022306
0.022380
0.022286
0.022613
0.022529
0.022483
0.022394
0.022317
0.022219
0.022156
0.022204
0.022552
0.022534
0.022441
0.022541
0.022451
0.022340
0.022526
0.022399
0.022444
0.022455
0.022350
0.022284
0.022407
0.022361
0.022303
0.022178
0.022082
0.023155
0.023075
0.023037
0.023281
0.023230
0.023173
0.023347
0.023310
0.023245
0.023164
0.023209
0.023148
0.023071
0.022982
0.022884
0.022779
0.022687
0.022572
0.022454
0.022348
0.022235
0.022116
0.022113
0.022083
0.021977
0.021869
0.021773
0.021667
0.021576
0.021870
0.021787
0.021754
0.021670
0.021935
0.021854
0.021894
0.021916
0.022065
0.021999
0.021958
0.021888
0.021820
0.021942
0.021867
0.021923
0.021924
0.021881
0.021814
0.021741
0.021690
0.021703
0.021957
0.022044
0.021976
0.021902
0.021906
0.021815
0.021726
0.021655
0.021864
0.021776
0.021690
0.021591
0.021488
0.021416
0.021305
0.021229
0.021190
0.021076
0.021387
0.021272
0.021258
0.021128
0.021019
0.020892
0.021166
0.021051
0.020948
0.020828
0.020709
0.020585
0.020488
0.020360
0.020371
0.020233
0.020322
0.020185
0.020097
0.020189
0.020096
0.020006
0.020058
0.019971
0.019881
0.019840
0.019750
0.019667
0.019577
0.019503
0.019631
0.019548
0.019468
0.019381
0.019831
0.019814
0.019766
0.019702
0.019635
0.019565
0.019532
0.019509
0.019437
0.019378
0.019322
0.019251
0.019340
0.019271
0.019244
0.019253
0.019206
0.019356
0.019300
0.019255
0.019256
0.019227
0.019183
0.019128
0.019152
0.019087
0.019029
0.018960
0.018891
0.018826
0.018979
0.018919
0.018855
0.018775
0.018695
0.018626
0.018541
0.018451
0.018359
0.018398
0.018304
0.018296
0.018188
0.018174
0.018074
0.017980
0.017894
0.017810
0.018261
0.018174
0.018155
0.018427
0.019686
0.019556
0.019577
0.019493
0.019417
0.019322
0.019220
0.019241
0.019138
0.019291
0.019225
0.019341
0.019211
0.019378
0.019579
0.019468
0.019359
0.019227
0.019611
0.019486
0.019392
0.019264
0.019158
0.019814
0.019669
0.019615
0.019520
0.019433
0.019322
0.019415
0.019286
0.019257
0.019138
0.019265
0.019132
0.019180
0.019153
0.019032
0.018981
0.018847
0.018729
0.018658
0.018506
0.018360
0.018201
0.018045
0.017895
0.018151
0.018003
0.017885
0.017740
0.017596
0.017445
0.017582
0.017429
0.017379
0.017219
0.017241
0.017077
0.017001
0.016846
0.016699
0.016629
0.016473
0.016368
0.016206
0.016049
0.016083
0.015944
0.016138
0.016018
0.016150
0.016046
0.015949
0.016070
0.015965
0.015872
0.015848
0.015753
0.015883
0.016174
0.016120
0.016607
0.017040
0.016993
0.016993
0.016949
0.016915
0.016873
0.016828
0.017071
0.017023
0.016994
0.016948
0.016905
0.016855
0.016803
0.016747
0.016706
0.016694
0.016662
0.016625
0.016585
0.016542
0.016806
0.016842
0.016888
0.016858
0.016880
0.016853
0.016939
0.017130
0.017101
0.017243
0.017198
0.017182
0.017143
0.017121
0.017081
0.017231
0.017178
0.017160
0.017127
0.017126
0.017083
0.017057
0.017088
0.017123
0.017343
0.017319
0.017308
0.017307
0.017352
0.017333
0.017314
0.017341
0.017316
0.017328
0.017304
0.017287
0.017260
0.017323
0.017406
0.017393
0.017393
0.017376
0.017357
0.017337
0.017324
0.017304
0.017397
0.017374
0.017366
0.017346
0.017364
0.017573
0.017659
0.017655
0.017655
0.017648
0.017645
0.018130
0.018089
0.018124
0.018150
0.018142
0.018137
0.018118
0.018162
0.018141
0.018125
0.018103
0.018081
0.018226
0.018345
0.018336
0.018359
0.018347
0.018372
0.018360
0.018353
0.018341
0.018335
0.018323
0.018590
0.018621
0.018642
0.018640
0.018643
0.018644
0.018707
0.018701
0.018702
0.018696
0.018702
0.018692
0.018936
0.018906
0.018915
0.018890
0.018876
0.019048
0.019021
0.019014
0.018999
0.019113
0.019101
0.019100
0.020542
0.020534
0.020668
0.020983
0.021006
0.021258
0.021269
0.021299
0.021306
0.021467
0.021564
0.021568
0.021562
0.021587
0.021581
0.021565
0.021540
0.021620
0.021586
0.021551
0.021508
0.021569
0.021574
0.021543
0.021500
0.021457
0.021618
0.021569
0.021534
0.021483
0.021450
0.021398
0.021362
0.021507
0.021556
0.021605
0.021737
0.021703
0.021679
0.021712
0.021985
0.021961
0.021953
0.021966
0.021942
0.021928
0.021913
0.021902
0.021887
0.021873
0.021891
0.021910
0.021928
0.021965
0.022015
0.022032
0.022050
0.022067
0.022091
0.022202
0.022218
0.022267
0.022282
0.022300
0.022314
0.022327
0.022338
0.022355
0.022364
0.022372
0.022381
0.022511
0.022519
0.022634
0.022645
0.022684
0.022733
0.022754
0.022834
0.022879
0.022896
0.022908
0.022919
0.022927
0.022934
0.023035
0.023037
0.023047
0.023052
0.023058
0.023061
0.023064
0.023064
0.023064
0.023082
0.023080
0.023135
0.023132
0.023163
0.023160
0.023158
0.023336
0.023329
0.023658
0.023669
0.023697
0.023897
0.023956
0.023975
0.023977
0.023978
0.023975
0.023989
0.024006
0.024122
0.024117
0.024115
0.024505
0.024527
0.024543
0.024547
0.024592
0.024596
0.024694
0.024686
0.024700
0.025311
0.025288
0.025375
0.025356
0.025356
0.025351
0.025680
0.025665
0.025669
0.025650
0.025631
0.025606
0.025575
0.025543
0.025540
0.025880
0.025846
0.025828
0.025782
0.025741
0.025715
0.025661
0.025606
0.025548
0.025484
0.025740
0.025698
0.025663
0.025618
0.025571
0.025521
0.025467
0.025465
0.025464
0.025410
0.025352
0.025291
0.025495
0.025491
0.025446
0.025389
0.025330
0.025385
0.025401
0.025348
0.025286
0.025247
0.025214
0.025151
0.025086
0.025016
0.024955
0.024935
0.024859
0.024782
0.024701
0.024618
0.024568
0.024481
0.024659
0.024573
0.024671
0.024584
0.024789
0.024719
0.024656
0.024663
0.024592
0.024525
0.024503
0.024483
0.024413
0.024344
0.024269
0.024271
0.024328
0.024308
0.024240
0.024218
0.024300
0.024725
0.024664
0.024672
0.024607
0.024551
0.024485
0.024418
0.024505
0.024428
0.024365
0.024312
0.024310
0.024242
0.024395
0.024368
0.024300
0.024800
0.024698
0.024660
0.024566
0.024494
0.024430
0.024345
0.024258
0.024167
0.024075
0.024161
0.024069
0.024115
0.024023
0.024015
0.023926
0.023843
0.023790
0.023700
0.023607
0.023516
0.023444
0.023418
0.023330
0.023506
0.023466
0.023394
0.023333
0.023294
0.023212
0.023130
0.023045
0.022959
0.022871
0.022782
0.022697
0.022771
0.022700
0.022662
0.022581
0.022590
0.022504
0.022550
0.022468
0.022433
0.022351
0.022276
0.022194
0.022112
0.022080
0.022019
0.022134
0.022044
0.022037
0.022556
0.022505
0.022476
0.022428
0.022383
0.022333
0.022440
0.022394
0.022354
0.022541
0.022707
0.022843
0.022829
0.022815
0.022882
0.022957
0.022975
0.023176
0.023164
0.023171
0.023178
0.023163
0.023146
0.023124
0.023107
0.023085
0.023063
0.023035
0.023039
0.023006
0.022999
0.023101
0.023056
0.023031
0.023079
0.023056
0.023088
0.023131
0.023457
0.023444
0.023442
0.023424
0.023415
0.023463
0.023445
0.023458
0.023434
0.023445
0.026255
0.026184
0.026367
0.026352
0.026388
0.026394
0.026395
0.026382
0.026358
0.026323
0.026276
0.026220
0.026154
0.026180
0.026092
0.026008
0.025905
0.025798
0.025919
0.025786
0.025678
0.025540
0.025406
0.025343
0.025201
0.025058
0.024908
0.024909
0.024747
0.024598
0.025330
0.025123
0.025022
0.024850
0.024690
0.024534
0.024357
0.024239
0.024052
0.023877
0.023684
0.023726
0.023629
0.023454
0.023268
0.023523
0.023363
0.023621
0.023483
0.023365
0.023309
0.023255
0.023196
0.023134
0.023239
0.023250
0.023188
0.023126
0.023050
0.022980
0.023195
0.023122
0.023062
0.023012
0.022937
0.023023
0.022950
0.022886
0.022809
0.022754
0.022672
0.022588
0.022500
0.022410
0.034472
0.034797
0.037364
0.037735
0.038335
0.038892
0.039467
0.039864
0.040448
0.040857
0.041146
0.041523
0.041729
0.041981
0.042310
0.042457
0.042537
0.042562
0.042558
0.042517
0.042444
0.042726
0.043103
0.042952
0.043187
0.042986
0.042859
0.042714
0.042464
0.042191
0.041885
0.041608
0.041273
0.040958
0.040827
0.040422
0.040236
0.039830
0.039393
0.038930
0.038450
0.037953
0.037440
0.036961
0.036437
0.035887
0.035454
0.034890
0.034321
0.033985
0.033388
0.032835
0.032287
0.031737
0.031277
0.030726
0.030170
0.029627
0.029094
0.028532
0.027970
0.027407
0.026848
0.026296
0.025745
0.025213
0.024681
0.024130
0.023689
0.023256
0.022918
0.022680
0.022336
0.022017
0.021687
0.021435
0.021126
0.020920
0.020884
0.020821
0.020755
0.020687
0.020617
0.020545
0.020636
0.020559
0.020503
0.020434
0.020407
0.020334
0.020455
0.020430
0.020370
0.020416
0.020351
0.020296
0.020230
0.020202
0.020140
0.020079
0.020013
0.019960
0.019892
0.019823
0.019751
0.019676
0.019609
0.019532
0.019494
0.019419
0.019419
0.019345
0.019305
0.019232
0.019160
0.019680
0.019585
0.019565
0.019495
0.019426
0.019349
0.019269
0.022010
0.021885
0.022026
0.021899
0.021850
0.021759
0.021728
0.021717
0.021593
0.021518
0.021570
0.021446
0.021303
0.021161
0.021002
0.020872
0.022148
0.021961
0.021887
0.021710
0.021553
0.021588
0.021410
0.021242
0.021054
0.020903
0.020707
0.020512
0.020308
0.020122
0.019913
0.019703
0.020028
0.019854
0.019695
0.019892
0.019697
0.019505
0.019306
0.019104
0.018900
0.018695
0.018530
0.018396
0.018259
0.022955
0.022743
0.022963
0.022847
0.022898
0.022917
0.023030
0.022954
0.022866
0.022756
0.022632
0.022491
0.022421
0.022253
0.022078
0.021886
0.021683
0.021887
0.021770
0.021580
0.021344
0.021119
0.020902
0.020676
0.020685
0.020454
0.020226
0.019983
0.019735
0.019629
0.019497
0.019236
0.019008
0.018737
0.018471
0.018200
0.017927
0.017652
0.017375
0.017098
0.016949
0.016667
0.016448
0.016187
0.015997
0.015736
0.015501
0.015252
0.015007
0.014776
0.014674
0.014578
0.014477
0.014375
0.014272
0.014169
0.014117
0.014017
0.020495
0.020523
0.020939
0.021081
0.021319
0.021602
0.021896
0.023127
0.023409
0.023860
0.024151
0.024455
0.024733
0.025003
0.025255
0.025494
0.025759
0.025972
0.026174
0.026360
0.026757
0.026903
0.027063
0.027185
0.027356
0.027454
0.027592
0.027674
0.027748
0.027890
0.027934
0.028211
0.028213
0.028237
0.028225
0.028208
0.028175
0.028131
0.028079
0.028042
0.028101
0.028010
0.027923
0.027856
0.027742
0.027619
0.027486
0.027364
0.027216
0.027062
0.026900
0.026734
0.026562
0.026384
0.026433
0.026249
0.026088
0.025900
0.025719
0.025636
0.025446
0.031076
0.030838
0.031100
0.031000
0.030969
0.030873
0.030766
0.030634
0.030483
0.030369
0.030219
0.030097
0.029881
0.029652
0.029500
0.031369
0.031312
0.031436
0.031406
0.031447
0.031422
0.031403
0.031353
0.031359
0.034985
0.034746
0.034972
0.034826
0.034780
0.034696
0.034577
0.034429
0.034378
0.034249
0.034134
0.033917
0.033681
0.033422
0.033237
0.032940
0.032721
0.032463
0.032125
0.031780
0.031416
0.031045
0.030736
0.030349
0.029963
0.029618
0.029229
0.028951
0.028554
0.028163
0.027766
0.027794
0.027386
0.027037
0.026659
0.026294
0.025979
0.025723
0.025480
0.025248
0.025009
0.024797
0.024660
0.024638
0.024499
0.024428
0.024387
0.024347
0.024299
0.024247
0.024197
0.024333
0.024288
0.024308
0.024251
0.024198
0.024136
0.024173
0.024114
0.024051
0.025047
0.024923
0.024938
0.024838
0.024769
0.024680
0.024588
0.024487
0.024382
0.024304
0.024449
0.024325
0.024913
0.024784
0.024712
0.028259
0.028095
0.028267
0.028163
0.028125
0.030356
0.030589
0.031008
0.030892
0.030860
0.030732
0.030599
0.030434
0.030248
0.030036
0.029802
0.029545
0.029268
0.028971
0.028665
0.028439
0.028618
0.028275
0.027957
0.027627
0.027285
0.027343
0.026990
0.026798
0.027063
0.026685
0.026482
0.026231
0.025876
0.025512
0.025136
0.024771
0.024394
0.024029
0.023660
0.023511
0.023146
0.022788
0.022423
0.022500
0.022183
0.021911
0.021589
0.021342
0.021433
0.021247
0.021082
0.021038
0.020859
0.020680
0.020778
0.020594
0.020723
0.020547
0.020384
0.020554
0.020403
0.020246
0.020143
0.019978
0.019872
0.019705
0.019538
0.019365
0.019500
0.019331
0.019178
0.019083
0.018969
0.018800
0.018670
0.018493
0.018323
0.018149
0.017986
0.017880
0.017887
0.017769
0.017616
0.017447
0.017273
0.017100
0.016943
0.016784
0.016695
0.016627
0.016459
0.016290
0.016115
0.017768
0.017589
0.017542
0.017461
0.017341
0.017218
0.017087
0.016951
0.016810
0.016675
0.016797
0.016712
0.016623
0.016824
0.016742
0.016662
0.016564
0.016890
0.016776
0.016703
0.016589
0.016488
0.016388
0.016307
0.016198
0.016133
0.016012
0.015892
0.015991
0.015854
0.015735
0.015599
0.015703
0.015836
0.015850
0.015760
0.015642
0.015522
0.015446
0.015316
0.015183
0.015042
0.014897
0.014804
0.014651
0.014500
0.014340
0.014370
0.014193
0.014130
0.013956
0.013964
0.013803
0.013649
0.013571
0.013410
0.013253
0.013096
0.012941
0.012827
0.012671
0.012706
0.012554
0.012418
0.012276
0.012159
0.012037
0.011923
0.011795
0.011687
0.011765
0.011621
0.011673
0.011665
0.011555
0.014428
0.015878
0.015899
0.015847
0.015717
0.015595
0.015489
0.015354
0.015237
0.015138
0.015038
0.014842
0.015664
0.015563
0.015501
0.015423
0.015412
0.015552
0.015435
0.015320
0.015185
0.015045
0.014895
0.014777
0.014616
0.014453
0.014282
0.014276
0.014121
0.013962
0.013790
0.013939
0.013763
0.013622
0.013454
0.013295
0.013215
0.013284
0.013134
0.013002
0.012853
0.012844
0.012812
0.012838
0.012755
0.012671
0.012577
0.012686
0.012648
0.012557
0.012450
0.012665
0.012564
0.012482
0.012381
0.012279
0.012414
0.012288
0.012197
0.012379
0.012249
0.012763
0.012609
0.012534
0.013798
0.013764
0.013773
0.014831
0.014747
0.014834
0.014787
0.014750
0.014690
0.014681
0.014602
0.014518
0.014421
0.014349
0.014238
0.014123
0.013996
0.013947
0.013804
0.013690
0.013537
0.013409
0.013243
0.013345
0.013225
0.013190
0.013056
0.012926
0.012809
0.012680
0.012544
0.012407
0.012296
0.012155
0.012018
0.012204
0.012068
0.011965
0.011843
0.011736
0.011633
0.011529
0.011424
0.011321
0.011265
0.011230
0.011301
0.011770
0.011702
0.011666
0.011594
0.012041
0.011979
0.012013
0.014408
0.014170
0.014529
0.014795
0.014866
0.014851
0.014827
0.014785
0.014736
0.014715
0.015888
0.015854
0.017396
0.018205
0.018333
0.018384
0.018421
0.018609
0.018615
0.018756
0.018733
0.018713
0.018685
0.019183
0.019148
0.019147
0.019625
0.019702
0.019696
0.020154
0.020179
0.020159
0.020101
0.022132
0.022044
0.022177
0.022160
0.022142
0.022152
0.022093
0.022084
0.022357
0.022298
0.022259
0.022291
0.023095
0.023120
0.023081
0.023020
0.022996
0.022874
0.022747
0.022614
0.022568
0.022977
0.022803
0.022672
0.022488
0.022757
0.022579
0.022409
0.022222
0.022057
0.021848
0.021683
0.021490
0.022033
0.022520
0.022479
0.022332
0.022159
0.022088
0.021936
0.022067
0.022235
0.022084
0.022045
0.022172
0.022012
0.021854
0.021681
0.021512
0.021780
0.021620
0.021486
0.021424
0.021426
0.021311
0.021477
0.021429
0.022311
0.022262
0.022196
0.022133
0.033078
0.032614
0.033369
0.033043
0.033044
0.033000
0.033438
0.033316
0.033444
0.033217
0.032958
0.032723
0.032377
0.032486
0.032063
0.031680
0.031217
0.031048
0.030567
0.030082
0.029585
0.029807
0.029427
0.034753
0.034578
0.034965
0.035508
0.035874
0.036046
0.036045
0.036016
0.037398
0.037308
0.037362
0.037266
0.038629
0.038806
0.039052
0.040887
0.040737
0.040786
0.040653
0.040558
0.040590
0.040896
0.040697
0.040517
0.040371
0.040159
0.039891
0.039595
0.039279
0.038939
0.038857
0.038768
0.038524
0.038836
0.038997
0.040133
0.039751
0.039537
0.039424
0.039748
0.039394
0.039076
0.038701
0.038395
0.038176
0.037803
0.037429
0.037094
0.036732
0.036625
0.036584
0.036382
0.036176
0.035821
0.035501
0.035260
0.034944
0.034633
0.034363
0.034103
0.034054
0.033729
0.034927
0.034642
0.034532
0.034412
0.034294
0.034158
0.034752
0.035197
0.035355
0.035778
0.035808
0.035789
0.036295
0.036180
0.036342
0.036307
0.036204
0.036417
0.036664
0.036583
0.036500
0.036384
0.036592
0.036480
0.039210
0.039105
0.039368
0.039279
0.039168
0.039004
0.039366
0.039193
0.039049
0.039116
0.039314
0.039476
0.039281
0.039336
0.039476
0.039282
0.039073
0.039002
0.038828
0.038591
0.038590
0.038292
0.038076
0.038117
0.037847
0.037664
0.037364
0.037124
0.036812
0.036496
0.036277
0.035949
0.036999
0.036723
0.036722
0.036371
0.036142
0.035817
0.036336
0.036018
0.036077
0.035921
0.036653
0.036383
0.036848
0.036644
0.036443
0.036469
0.036225
0.036008
0.035763
0.035962
0.036894
0.036676
0.036523
0.036470
0.036260
0.036455
0.036293
0.036596
0.036410
0.036469
0.036518
0.036523
0.036340
0.036351
0.036154
0.036148
0.036133
0.036043
0.036390
0.036337
0.036227
0.036112
0.036356
0.036174
0.036244
0.036090
0.036335
0.036423
0.036974
0.036873
0.037041
0.036949
0.036880
0.037344
0.037347
0.038155
0.038020
0.038195
0.038479
0.038552
0.038476
0.038455
0.040344
0.040242
0.040298
0.040294
0.040370
0.040338
0.040268
0.040185
0.040095
0.040007
0.039908
0.039797
0.043832
0.043443
0.043695
0.043456
0.043433
0.043252
0.043098
0.043066
0.043528
0.043269
0.043155
0.042884
0.042621
0.042394
0.042100
0.041957
0.041645
0.041609
0.041301
0.041005
0.040859
0.041170
0.040852
0.040630
0.040326
0.040392
0.040130
0.045223
0.045124
0.045270
0.045053
0.044982
0.045101
0.044981
0.044868
0.044847
0.044731
0.044661
0.044605
0.044544
0.044531
0.044443
0.044369
0.044252
0.044538
0.044441
0.044331
0.044207
0.044074
0.043937
0.043787
0.043660
0.043683
0.043516
0.043751
0.043566
0.043598
0.043407
0.043248
0.043060
0.042881
0.043097
0.042894
0.043189
0.043446
0.043256
0.043142
0.043013
0.044639
0.044547
0.044588
0.044381
0.044300
0.044118
0.043945
0.043755
0.043606
0.043414
0.043240
0.043023
0.042835
0.042735
0.043054
0.042933
0.042845
0.043065
0.042928
0.042924
0.042814
0.042689
0.046333
0.046448
0.046594
0.046401
0.046284
0.046175
0.046009
0.045883
0.046470
0.046379
0.046302
0.046385
0.046278
0.046176
0.046076
0.045988
0.045888
0.045935
0.045881
0.045896
0.045820
0.045745
0.045649
0.045550
0.049054
0.049335
0.049473
0.049685
0.049732
0.049784
0.049807
0.050230
0.050226
0.050236
0.050315
0.050302
0.050447
0.050408
0.050875
0.050814
0.050840
0.050845
0.050800
0.050741
0.050895
0.051659
0.051580
0.051638
0.051564
0.051488
0.051391
0.051361
0.051238
0.051112
0.055249
0.055009
0.055193
0.055135
0.055276
0.055289
0.055190
0.055062
0.054931
0.054806
0.056626
0.056409
0.056996
0.057045
0.056994
0.056897
0.056778
0.056661
0.056501
0.056349
0.056149
0.056022
0.055799
0.055564
0.055393
0.055126
0.054903
0.054610
0.054395
0.054075
0.053757
0.053825
0.053468
0.053146
0.052779
0.053519
0.053158
0.053040
0.052672
0.053341
0.053062
0.052848
0.052687
0.052918
0.052656
0.052499
0.052457
0.052206
0.051975
0.052064
0.052909
0.052683
0.052601
0.052841
0.052666
0.052491
0.052292
0.052087
0.052088
0.051898
0.051925
0.051729
0.051510
0.051521
0.051538
0.051311
0.051141
0.050888
0.050843
0.050585
0.050341
0.050142
0.050314
0.050087
0.049889
0.049670
0.049467
0.049847
0.049766
0.049592
0.049386
0.049325
0.049159
0.048933
0.048882
0.048635
0.048600
0.048422
0.048195
0.048261
0.048027
0.047835
0.047614
0.047392
0.047173
0.048374
0.048264
0.048146
0.048085
0.047999
0.047943
0.048109
0.048011
0.047910
0.047803
0.047693
0.047585
0.047544
0.047445
0.047330
0.047216
0.047137
0.047014
0.046937
0.046987
0.046865
0.046759
0.046667
0.046556
0.046433
0.046305
0.046756
0.046745
0.046646
0.046530
0.046428
0.046305
0.046179
0.046314
0.046198
0.060508
0.060163
0.061380
0.061692
0.061951
0.062148
0.062478
0.062624
0.062669
0.062647
0.062612
0.062604
0.062429
0.062292
0.062069
0.061798
0.061548
0.061179
0.061106
0.061032
0.060726
0.060257
0.059815
0.059431
0.058890
0.066018
0.065859
0.066051
0.065948
0.065912
0.065888
0.065747
0.065738
0.065519
0.065302
0.065021
0.064714
0.064481
0.064238
0.063896
0.063488
0.063650
0.066541
0.066416
0.066376
0.066228
0.066090
0.065921
0.065910
0.065699
0.065481
0.065252
0.065213
0.064939
0.064656
0.064345
0.064018
0.064066
0.063960
0.063679
0.063325
0.062979
0.062768
0.062387
0.061972
0.061528
0.064782
0.064413
0.064317
0.067139
0.067035
0.066921
0.066767
0.066611
0.066455
0.066252
0.066026
0.065779
0.066204
0.065997
0.065802
0.065573
0.065331
0.065192
0.064916
0.065034
0.064792
0.064524
0.064353
0.064067
0.063771
0.063470
0.065824
0.065515
0.065379
0.065061
0.064769
0.064521
0.064294
0.064069
0.063704
0.063398
0.063023
0.062614
0.062194
0.062447
0.062020
0.061640
0.061277
0.060850
0.060704
0.060253
0.060094
0.059625
0.059183
0.058998
0.058545
0.058397
0.057963
0.057539
0.057106
0.056690
0.056269
0.055844
0.055494
0.055117
0.054691
0.054286
0.053886
0.053575
0.053276
0.053064
0.052683
0.052307
0.051900
0.051498
0.051095
0.050693
0.050293
0.049895
0.049596
0.049939
0.050052
0.049869
0.049627
0.049367
0.049398
0.049287
0.049073
0.048857
0.048769
0.048543
0.048354
0.048206
0.048071
0.048175
0.048094
0.048039
0.047929
0.047810
0.047689
0.047659
0.047537
0.047745
0.047603
0.047500
0.047462
0.047334
0.047205
0.047411
0.047296
0.047211
0.047106
0.047331
0.047216
0.047316
0.047217
0.047130
0.047166
0.047134
0.047576
0.047663
0.047604
0.047524
0.047427
0.048078
0.047930
0.047882
0.047784
0.047913
0.047894
0.048083
0.048139
0.048253
0.048195
0.048250
0.048133
0.048034
0.048063
0.048494
0.048466
0.048390
0.048289
0.048175
0.048067
0.047942
0.047971
0.047847
0.047765
0.047622
0.047500
0.047972
0.047918
0.048077
0.047971
0.047968
0.048537
0.048529
0.048561
0.048470
0.048464
0.048365
0.048270
0.048160
0.048257
0.048123
0.048026
0.047891
0.047855
0.047901
0.047777
0.047933
0.047765
0.047618
0.047455
0.047692
0.047551
0.047391
0.047498
0.047332
0.047764
0.047583
0.047615
0.047536
0.048355
0.048165
0.048117
0.047888
0.047769
0.049113
0.049085
0.049007
0.048856
0.048692
0.048530
0.048326
0.048103
0.047887
0.047660
0.047423
0.047174
0.046912
0.047091
0.046970
0.046874
0.047927
0.047757
0.048567
0.048355
0.048231
0.048033
0.047846
0.047710
0.047499
0.047278
0.047042
0.046961
0.046835
0.046987
0.046846
0.046886
0.047019
0.046760
0.046547
0.046328
0.046074
0.045808
0.045531
0.045454
0.045168
0.044904
0.044752
0.044461
0.045254
0.045493
0.045310
0.045277
0.045062
0.044862
0.044634
0.045413
0.045244
0.045097
0.045285
0.045087
0.044947
0.044782
0.044585
0.044459
0.044316
0.044116
0.044262
0.044027
0.043984
0.044018
0.044410
0.044160
0.043965
0.043720
0.045300
0.045640
0.045520
0.045610
0.045453
0.045402
0.045449
0.045604
0.045441
0.045276
0.045075
0.044913
0.045104
0.044966
0.045272
0.045258
0.045474
0.045214
0.044983
0.046033
0.045855
0.045936
0.045668
0.045405
0.045112
0.045077
0.044773
0.045402
0.045472
0.045232
0.045323
0.045039
0.044746
0.044573
0.045350
0.044997
0.044804
0.044444
0.044103
0.043776
0.043399
0.043050
0.042647
0.042277
0.041900
0.041471
0.041424
0.041244
0.040983
0.040919
0.040544
0.040168
0.039754
0.039430
0.039126
0.038789
0.038344
0.037902
0.037499
0.037125
0.036772
0.036591
0.036924
0.036802
0.036413
0.036063
0.035657
0.035263
0.035262
0.034830
0.034462
0.034374
0.033981
0.033597
0.033275
0.032863
0.032466
0.032064
0.031691
0.031307
0.031723
0.031419
0.031206
0.030858
0.030508
0.030150
0.029945
0.030128
0.030198
0.029989
0.030675
0.030445
0.031925
0.031541
0.032758
0.032436
0.032272
0.032048
0.031882
0.031932
0.031802
0.031717
0.031494
0.031269
0.031163
0.030938
0.031670
0.031495
0.031469
0.031302
0.031148
0.031248
0.032098
0.032130
0.032022
0.031960
0.032006
0.031856
0.031797
0.031634
0.031465
0.031940
0.031717
0.037069
0.036682
0.037003
0.036742
0.036651
0.036467
0.036333
0.036921
0.036764
0.036608
0.036495
0.036300
0.036150
0.036736
0.036535
0.036770
0.036481
0.036293
0.036021
0.035805
0.038305
0.038078
0.038084
0.037896
0.037758
0.037606
0.037426
0.037244
0.037030
0.036811
0.036640
0.036407
0.036151
0.035883
0.035771
0.036181
0.035886
0.036078
0.036085
0.035795
0.035559
0.035340
0.035070
0.034774
0.034497
0.034276
0.033990
0.033719
0.033683
0.033583
0.034965
0.034656
0.034529
0.034248
0.034359
0.034206
0.033946
0.033829
0.033701
0.033437
0.033373
0.033564
0.033637
0.034261
0.033955
0.033772
0.033611
0.033367
0.033089
0.033657
0.033349
0.033146
0.032877
0.032572
0.032678
0.032643
0.032563
0.032473
0.033146
0.032978
0.032828
0.032578
0.032505
0.033250
0.033071
0.032890
0.032647
0.032914
0.032655
0.032686
0.032376
0.032210
0.031900
0.031613
0.031305
0.030994
0.030812
0.030602
0.030331
0.030029
0.029706
0.030010
0.029878
0.029990
0.029749
0.029680
0.029434
0.029394
0.029149
0.029130
0.028904
0.028922
0.029001
0.029659
0.029530
0.029436
0.030301
0.030166
0.030078
0.030044
0.029927
0.029786
0.029737
0.029606
0.029470
0.029466
0.029753
0.029773
0.029704
0.029591
0.029476
0.029372
0.029246
0.029196
0.029163
0.029205
0.031579
0.031566
0.031624
0.031444
0.031498
0.031387
0.031233
0.031218
0.031041
0.031041
0.030876
0.030664
0.030544
0.030382
0.030447
0.030268
0.030270
0.030187
0.031456
0.031536
0.031470
0.031296
0.031171
0.031050
0.030927
0.030736
0.030951
0.030964
0.030839
0.030710
0.030562
0.030549
0.030395
0.030675
0.030881
0.033128
0.033078
0.033112
0.033111
0.033064
0.033046
0.032956
0.032842
0.034155
0.035231
0.035577
0.035734
0.035672
0.035727
0.035669
0.035625
0.035592
0.035834
0.035799
0.035690
0.035554
0.035404
0.035379
0.035197
0.035051
0.034840
0.034911
0.034677
0.034510
0.034255
0.034464
0.034297
0.034771
0.034561
0.034368
0.034388
0.034158
0.033933
0.033747
0.033616
0.033375
0.033388
0.033127
0.032932
0.032721
0.032592
0.032339
0.032095
0.031798
0.031492
0.031177
0.030887
0.030796
0.030458
0.030152
0.029913
0.029721
0.029403
0.029081
0.028841
0.028586
0.028493
0.028254
0.027941
0.027631
0.027487
0.027838
0.027915
0.028035
0.028065
0.027841
0.027606
0.027447
0.027207
0.026968
0.026788
0.026537
0.026534
0.026284
0.027356
0.027216
0.027079
0.026989
0.026841
0.026698
0.026698
0.026544
0.026417
0.026456
0.026679
0.026630
0.026536
0.026464
0.026417
0.026307
0.026215
0.026283
0.026314
0.026224
0.026124
0.026379
0.026323
0.026255
0.026172
0.026088
0.025999
0.025908
0.025845
0.025881
0.025848
0.025771
0.025691
0.026124
0.026454
0.027446
0.027442
0.027455
0.027495
0.027479
0.027462
0.027434
0.027410
0.027401
0.027581
0.027854
0.028099
0.028072
0.028115
0.028163
0.028110
0.028900
0.028825
0.028849
0.028825
0.029435
0.030579
0.030508
0.030553
0.031045
0.031139
0.031857
0.031811
0.031954
0.031993
0.031964
0.031960
0.032016
0.031991
0.031929
0.031904
0.032870
0.032790
0.032828
0.032795
0.032830
0.032891
0.032787
0.032749
0.032748
0.032773
0.032803
0.032795
0.033284
0.033240
0.033484
0.033399
0.033340
0.033255
0.033171
0.033401
0.033992
0.033910
0.033852
0.033790
0.033690
0.033620
0.033512
0.033880
0.034257
0.034229
0.034197
0.034576
0.034538
0.034502
0.034624
0.034572
0.034601
0.034539
0.034587
0.034768
0.034715
0.034669
0.034715
0.034677
0.034643
0.035031
0.035016
0.035006
0.035002
0.034967
0.034980
0.035073
0.035098
0.035059
0.035031
0.034986
0.034940
0.034977
0.034930
0.034916
0.034886
0.034844
0.034817
0.034777
0.034792
0.034747
0.034699
0.034765
0.034749
0.034707
0.034670
0.035524
0.035396
0.035421
0.035459
0.035419
0.035377
0.035403
0.035410
0.035687
0.035685
0.035792
0.035731
0.035694
0.035628
0.035780
0.035800
0.035740
0.036402
0.036455
0.036558
0.036500
0.036445
0.036384
0.036448
0.036392
0.036340
0.036279
0.036213
0.036140
0.036229
0.036152
0.036121
0.036129
0.036132
0.036181
0.036362
0.036290
0.036225
0.036355
0.036264
0.036786
0.036660
0.036761
0.036649
0.036572
0.036500
0.036448
0.037621
0.037525
0.037627
0.037535
0.037546
0.037464
0.037402
0.037313
0.037371
0.037398
0.037410
0.037427
0.037560
0.038206
0.038166
0.038129
0.038418
0.039414
0.039312
0.039355
0.039349
0.039302
0.039245
0.039180
0.039248
0.039204
0.039147
0.039259
0.039198
0.039300
0.039230
0.039167
0.039875
0.039844
0.039851
0.039871
0.040892
0.041149
0.041532
0.041545
0.041582
0.041760
0.041726
0.041723
0.041832
0.041765
0.042075
0.042011
0.041956
0.041954
0.041970
0.041900
0.041821
0.041734
0.042020
0.042036
0.042072
0.042116
0.042051
0.041973
0.042117
0.042031
0.042047
0.041953
0.041975
0.041977
0.041892
0.041811
0.042122
0.042063
0.042004
0.042081
0.042038
0.041986
0.042178
0.042809
0.042779
0.042771
0.042739
0.042722
0.042704
0.042686
0.042752
0.042778
0.042949
0.042933
0.042931
0.042917
0.042914
0.043493
0.043635
0.043683
0.043681
0.043743
0.043747
0.043760
0.043757
0.043783
0.043893
0.044020
0.044221
0.044211
0.044251
0.044485
0.044489
0.044665
0.044654
0.044659
0.044645
0.044717
0.044694
0.044689
0.044666
0.044696
0.044668
0.044895
0.045074
0.045073
0.045231
0.045471
0.045570
0.045567
0.045590
0.045582
0.045687
0.045982
0.046001
0.046007
0.046011
0.046007
0.046000
0.045987
0.045970
0.045948
0.045952
0.046253
0.046430
0.046415
0.046423
0.046519
0.046853
0.046878
0.046881
0.046869
0.046901
0.046941
0.046927
0.047041
0.047116
0.047112
0.047118
0.047690
0.047736
0.047834
0.047838
0.047910
0.047898
0.047884
0.047861
0.047833
0.047800
0.047762
0.047718
0.047670
0.047631
0.047610
0.047625
0.047560
0.047545
0.047472
0.047399
0.047402
0.047374
0.047302
0.047601
0.047507
0.047487
0.047484
0.047626
0.047660
0.047616
0.047550
0.047527
0.047562
0.047484
0.047612
0.047534
0.047463
0.047380
0.047482
0.047977
0.047872
0.047822
0.047717
0.048170
0.048248
0.048178
0.048180
0.048079
0.047980
0.047866
0.047955
0.047911
0.047804
0.047671
0.047574
0.047433
0.047293
0.047239
0.047088
0.047080
0.046930
0.046775
0.046819
0.046800
0.046730
0.046626
0.046469
0.046306
0.046137
0.045966
0.045789
0.045711
0.045757
0.045614
0.045453
0.045302
0.045174
0.045087
0.045038
0.044875
0.044729
0.044674
0.044520
0.044374
0.044261
0.044103
0.043949
0.043785
0.043666
0.043502
0.043342
0.043175
0.043065
0.042985
0.042814
0.042648
0.042536
0.042367
0.042232
0.042128
0.041956
0.041789
0.041679
0.041507
0.041466
0.041304
0.041139
0.040977
0.040812
0.040645
0.040706
0.040873
0.040768
0.040622
0.040536
0.040451
0.040332
0.040188
0.040144
0.040222
0.040071
0.039919
0.039974
0.039819
0.039764
0.039622
0.039625
0.039468
0.039333
0.039193
0.039228
0.039085
0.038946
0.038857
0.038714
0.038577
0.038468
0.038307
0.038148
0.037997
0.037871
0.037718
0.037602
0.037531
0.037802
0.037672
0.037542
0.037375
0.037676
0.037486
0.037582
0.037402
0.037248
0.037262
0.037130
0.037043
0.036862
0.036987
0.037040
0.036895
0.036812
0.036812
0.036715
0.036546
0.036474
0.036302
0.036142
0.035997
0.035861
0.035691
0.035526
0.035343
0.035167
0.035123
0.035003
0.034825
0.034640
0.034487
0.034376
0.034206
0.034041
0.033856
0.033673
0.033862
0.033670
0.033564
0.033676
0.033545
0.033539
0.033368
0.033249
0.033088
0.032936
0.032976
0.032925
0.032847
0.033082
0.033032
0.033130
0.032967
0.032913
0.032790
0.032632
0.032477
0.032338
0.032216
0.032037
0.031905
0.031714
0.031525
0.031407
0.031212
0.031019
0.030818
0.030612
0.030511
0.030304
0.030285
0.031039
0.031145
0.031028
0.030882
0.030858
0.030727
0.030578
0.030471
0.030311
0.030147
0.030044
0.029902
0.029761
0.029585
0.029602
0.029432
0.029274
0.029209
0.029189
0.029056
0.028913
0.028784
0.028611
0.028457
0.028278
0.028145
0.028054
0.027939
0.027895
0.027717
0.027792
0.027596
0.027665
0.027472
0.027300
0.027110
0.026969
0.026776
0.026625
0.026498
0.026351
0.026159
0.026864
0.026658
0.026531
0.026622
0.026488
0.026329
0.026156
0.026014
0.026046
0.025894
0.025765
0.025624
0.025913
0.025931
0.025815
0.025691
0.025562
0.025416
0.025264
0.025109
0.025024
0.024878
0.024717
0.024643
0.024472
0.024307
0.024139
0.023978
0.023812
0.023635
0.023453
0.023505
0.023349
0.023183
0.023006
0.023071
0.022903
0.022766
0.022788
0.022685
0.022794
0.022626
0.022478
0.022317
0.022151
0.021999
0.021829
0.022765
0.022498
0.024300
0.023988
0.024109
0.023958
0.023851
0.023873
0.023963
0.023868
0.023765
0.023655
0.023603
0.023483
0.023429
0.023695
0.023657
0.023582
0.023499
0.023579
0.023517
0.023462
0.024469
0.026120
0.026105
0.026420
0.026362
0.026370
0.026324
0.026515
0.026486
0.026529
0.026499
0.026653
0.026598
0.026566
0.026506
0.026464
0.026409
0.026373
0.026673
0.026623
0.026572
0.026513
0.026430
0.026337
0.026273
0.026164
0.026156
0.026072
0.026063
0.026055
0.025998
0.026003
0.025983
0.025953
0.025823
0.025701
0.025562
0.025418
0.025277
0.025295
0.025182
0.025032
0.024877
0.024736
0.024696
0.024534
0.024366
0.024191
0.024011
0.023827
0.023704
0.023517
0.023372
0.023196
0.023019
0.022833
0.022938
0.022936
0.022881
0.022705
0.022640
0.022455
0.022294
0.022344
0.022180
0.022169
0.022029
0.021879
0.021885
0.021726
0.021845
0.021672
0.021533
0.021457
0.021294
0.021124
0.020949
0.020768
0.020582
0.020397
0.020518
0.020508
0.020349
0.020360
0.020207
0.020054
0.019892
0.019757
0.019796
0.019702
0.019553
0.019403
0.019251
0.019138
0.018989
0.019069
0.019028
0.018908
0.018773
0.018646
0.018517
0.018386
0.018254
0.018593
0.018454
0.018601
0.018554
0.025202
0.024917
0.025360
0.025289
0.025396
0.025412
0.025434
0.025435
0.025446
0.025407
0.025396
0.025324
0.025246
0.025166
0.025062
0.024947
0.024823
0.024702
0.025754
0.025653
0.025600
0.025505
0.025383
0.025256
0.025191
0.025160
0.025013
0.024862
0.025609
0.025735
0.025730
0.025618
0.025578
0.025683
0.025569
0.025455
0.025319
0.025957
0.025825
0.025763
0.025947
0.025901
0.025955
0.025933
0.025844
0.025753
0.025666
0.025562
0.025508
0.025625
0.025507
0.025398
0.025270
0.026586
0.026394
0.026499
0.027160
0.027070
0.027047
0.027123
0.027026
0.026926
0.026864
0.026726
0.026610
0.026450
0.026314
0.027052
0.027314
0.027823
0.027739
0.027696
0.027609
0.027539
0.027441
0.027349
0.027484
0.027404
0.027338
0.027487
0.027432
0.027582
0.027663
0.028052
0.028023
0.028016
0.028023
0.028089
0.028067
0.028051
0.028047
0.028169
0.028147
0.028144
0.028124
0.028351
0.028397
0.028463
0.029056
0.029061
0.029083
0.029076
0.029065
0.029045
0.029017
0.028979
0.029075
0.033573
0.033461
0.033891
0.033788
0.033817
0.033774
0.033733
0.034167
0.034169
0.034211
0.034732
0.034632
0.034651
0.034536
0.034662
0.034770
0.034660
0.034524
0.034372
0.034248
0.034078
0.033938
0.033853
0.033652
0.033530
0.033663
0.033449
0.033258
0.033296
0.033079
0.032893
0.032737
0.032709
0.032499
0.033430
0.033263
0.033135
0.032958
0.032765
0.032569
0.032421
0.033668
0.033509
0.037849
0.037500
0.037810
0.037620
0.038032
0.038140
0.038037
0.037968
0.037887
0.037993
0.037909
0.037843
0.037776
0.037681
0.037592
0.037447
0.037292
0.037119
0.037070
0.036875
0.036727
0.036512
0.036596
0.038419
0.038336
0.038314
0.038252
0.038181
0.038090
0.038325
0.039069
0.039172
0.039126
0.039044
0.039122
0.039221
0.039151
0.039068
0.038968
0.038857
0.038734
0.038603
0.038570
0.038495
0.038359
0.038212
0.038051
0.037931
0.037815
0.037945
0.037778
0.038046
0.037856
0.037722
0.037518
0.038817
0.038688
0.038670
0.038558
0.038695
0.038963
0.038858
0.038752
0.038622
0.038520
0.038375
0.038782
0.038635
0.038645
0.038502
0.038422
0.039021
0.038907
0.038867
0.038735
0.038610
0.038632
0.038468
0.039020
0.039012
0.038883
0.038771
0.038601
0.038481
0.038437
0.038268
0.038103
0.037913
0.037727
0.037786
0.037593
0.037766
0.037605
0.038025
0.038187
0.038040
0.038018
0.038012
0.038034
0.037858
0.037682
0.037553
0.037356
0.037235
0.037099
0.036886
0.036668
0.036479
0.036388
0.036145
0.035913
0.035773
0.035519
0.035702
0.035492
0.035278
0.035111
0.034886
0.034662
0.034427
0.035593
0.035293
0.035229
0.035184
0.035024
0.034845
0.034843
0.034999
0.035053
0.034892
0.034738
0.035574
0.035889
0.035903
0.035762
0.035908
0.035797
0.035662
0.035489
0.035305
0.035145
0.034940
0.035211
0.035672
0.035492
0.035334
0.035106
0.034879
0.034745
0.034513
0.034273
0.034037
0.033777
0.033627
0.033350
0.033138
0.032850
0.032581
0.032279
0.032397
0.032102
0.031830
0.031998
0.031969
0.031721
0.031778
0.031496
0.031407
0.031158
0.031150
0.030880
0.030634
0.030375
0.030125
0.029871
0.029611
0.029348
0.029667
0.029428
0.029501
0.029274
0.029418
0.029207
0.029022
0.028860
0.028829
0.028629
0.028430
0.028319
0.028138
0.027922
0.027794
0.027844
0.027658
0.027439
0.027288
0.027182
0.027464
0.027210
0.027017
0.026785
0.026718
0.026540
0.026468
0.026276
0.026148
0.029390
0.029043
0.029116
0.029136
0.028992
0.028806
0.028732
0.028685
0.028453
0.028218
0.028017
0.027737
0.027486
0.027189
0.027676
0.027396
0.027236
0.026961
0.026711
0.026502
0.026430
0.026151
0.025960
0.025790
0.025541
0.025493
0.025228
0.024960
0.025867
0.025642
0.025445
0.025250
0.025300
0.025068
0.024858
0.024624
0.025181
0.024878
0.024846
0.024984
0.024780
0.024538
0.024308
0.024049
0.023785
0.023613
0.023438
0.023185
0.023060
0.022841
0.022625
0.022566
0.022362
0.022149
0.026016
0.025869
0.025976
0.025892
0.025890
0.026055
0.026065
0.026777
0.026774
0.027564
0.027717
0.027857
0.027889
0.027955
0.028238
0.028278
0.028332
0.028491
0.028549
0.028593
0.028620
0.028640
0.028670
0.028678
0.028676
0.028663
0.028773
0.028831
0.028795
0.029085
0.029056
0.029043
0.029002
0.029398
0.029337
0.029387
0.029666
0.029614
0.029646
0.029708
0.029658
0.030289
0.030160
0.030107
0.030095
0.029962
0.029834
0.029673
0.029528
0.029356
0.029677
0.029457
0.029298
0.029105
0.028891
0.028649
0.028431
0.028339
0.028086
0.028238
0.027981
0.027734
0.027612
0.027596
0.027290
0.027071
0.026824
0.026541
0.026413
0.026103
0.025919
0.025932
0.025613
0.025293
0.025032
0.024692
0.024348
0.024034
0.024632
0.024493
0.024295
0.023996
0.023726
0.023413
0.023113
0.022965
0.022654
0.022361
0.022081
0.022227
0.027567
0.027155
0.027854
0.027897
0.028466
0.028185
0.028025
0.027787
0.027598
0.027309
0.027015
0.026765
0.027816
0.027633
0.027547
0.027789
0.027793
0.027648
0.027493
0.027333
0.027139
0.027001
0.026773
0.026533
0.026397
0.026397
0.026129
0.025872
0.027139
0.026768
0.026588
0.026245
0.025945
0.025611
0.025317
0.025356
0.025762
0.025426
0.026905
0.026707
0.026569
0.026382
0.026184
0.025967
0.025743
0.026051
0.026501
0.026297
0.026154
0.026017
0.025866
0.026334
0.026113
0.025988
0.025796
0.025607
0.027252
0.027660
0.027689
0.027468
0.027508
0.027847
0.028018
0.029025
0.028821
0.028712
0.028506
0.028309
0.028118
0.029086
0.028936
0.028874
0.029413
0.029588
0.029472
0.029306
0.029156
0.028985
0.028777
0.028554
0.028325
0.028963
0.029073
0.028887
0.028734
0.028522
0.028567
0.028436
0.028340
0.028457
0.028232
0.028011
0.028066
0.028599
0.028821
0.029589
0.029451
0.029389
0.029254
0.029227
0.029252
0.029525
0.029406
0.029298
0.029163
0.029027
0.029476
0.029325
0.029222
0.029066
0.028921
0.028760
0.028806
0.028622
0.028723
0.029146
0.028969
0.029549
0.029466
0.030014
0.029890
0.029850
0.029748
0.029658
0.029728
0.029621
0.029784
0.029680
0.029926
0.029801
0.030728
0.031212
0.031200
0.031110
0.031059
0.031197
0.031210
0.031168
0.031116
0.031072
0.031056
0.031014
0.030968
0.031025
0.030970
0.031026
0.030957
0.031815
0.033042
0.032982
0.033020
0.033001
0.032954
0.032885
0.033663
0.033639
0.033841
0.033846
0.034139
0.034080
0.034148
0.034151
0.034127
0.034318
0.034305
0.034280
0.034217
0.034146
0.034854
0.034811
0.034844
0.034800
0.034754
0.034701
0.034642
0.034571
0.034492
0.034606
0.034542
0.034459
0.034355
0.034249
0.034489
0.034354
0.034288
0.034178
0.034083
0.034329
0.034220
0.034246
0.034140
0.034042
0.034834
0.034725
0.034682
0.034593
0.034864
0.034786
0.034767
0.034691
0.034621
0.035705
0.035595
0.035613
0.035483
0.035397
0.035314
0.035406
0.035612
0.036326
0.036243
0.036248
0.036153
0.036080
0.036003
0.036043
0.035949
0.035863
0.035760
0.035655
0.036664
0.036465
0.036517
0.037354
0.037643
0.037732
0.037655
0.037660
0.037553
0.038014
0.037921
0.038146
0.038016
0.037996
0.038003
0.038260
0.038182
0.038290
0.038209
0.038107
0.038006
0.037894
0.037786
0.037675
0.037647
0.037519
0.037548
0.037414
0.037327
0.037191
0.037154
0.037657
0.037549
0.038474
0.038322
0.038580
0.038505
0.038475
0.038427
0.038444
0.038409
0.038385
0.038319
0.038249
0.038191
0.038131
0.038064
0.038030
0.037952
0.037894
0.038217
0.038168
0.038123
0.038093
0.038038
0.037980
0.038042
0.038248
0.038194
0.038242
0.038223
0.038189
0.038257
0.038209
0.038664
0.038674
0.038696
0.039078
0.039182
0.039339
0.039393
0.039379
0.039485
0.039466
0.039498
0.039470
0.039569
0.039534
0.039504
0.039509
0.039464
0.039511
0.040203
0.040144
0.040646
0.040750
0.040747
0.040728
0.040674
0.040640
0.040565
0.040486
0.040396
0.040319
0.040216
0.040107
0.039991
0.039869
0.039741
0.040089
0.039971
0.040153
0.040359
0.040266
0.040172
0.040060
0.039983
0.040934
0.041564
0.041504
0.041466
0.041371
0.041306
0.041205
0.041128
0.041014
0.041049
0.041100
0.040991
0.041008
0.041384
0.041375
0.041306
0.041223
0.041468
0.041410
0.041354
0.041280
0.041340
0.041356
0.041636
0.041576
0.041514
0.041640
0.041560
0.041485
0.041426
0.041348
0.041276
0.041436
0.041974
0.041911
0.041851
0.041778
0.042613
0.042525
0.042512
0.042419
0.042342
0.042249
0.042479
0.042413
0.042342
0.042534
0.042456
0.042391
0.042298
0.042205
0.042178
0.042322
0.042228
0.042160
0.042180
0.042070
0.042568
0.042439
0.042375
0.042255
0.042378
0.042270
0.042192
0.042080
0.041966
0.041851
0.041736
0.041607
0.042042
0.041933
0.041846
0.041733
0.041622
0.041503
0.042003
0.041851
0.042044
0.041918
0.041825
0.041702
0.041582
0.041456
0.042430
0.042295
0.042247
0.042122
0.042285
0.042174
0.042740
0.042643
0.042587
0.042722
0.042881
0.042791
0.042699
0.042728
0.042607
0.042501
0.042381
0.042690
0.042561
0.042462
0.042339
0.042451
0.042292
0.042358
0.042270
0.042173
0.042053
0.041952
0.041789
0.041628
0.041787
0.041614
0.041459
0.041284
0.041123
0.040953
0.040777
0.040819
0.040621
0.040448
0.040249
0.040238
0.040100
0.039909
0.039734
0.039522
0.039310
0.039106
0.038890
0.038670
0.038718
0.038499
0.038493
0.038274
0.038189
0.038314
0.038473
0.038446
0.038280
0.038302
0.038153
0.037987
0.037931
0.037768
0.037619
0.037459
0.037637
0.037461
0.037327
0.037310
0.037253
0.037388
0.038562
0.038712
0.038663
0.038583
0.038477
0.038471
0.038388
0.038335
0.038228
0.038124
0.038186
0.038406
0.038293
0.038648
0.038633
0.038550
0.038996
0.038927
0.038874
0.038818
0.038743
0.038689
0.039506
0.039425
0.039633
0.039534
0.039483
0.039596
0.039559
0.039817
0.039857
0.040693
0.040660
0.040778
0.040662
0.040689
0.040582
0.040731
0.040609
0.040511
0.040385
0.040494
0.040357
0.040280
0.040138
0.040186
0.040050
0.039989
0.039840
0.039698
0.039582
0.039554
0.039606
0.039491
0.039582
0.039470
0.039358
0.039283
0.039157
0.039029
0.038897
0.038823
0.038688
0.038645
0.038840
0.038690
0.038893
0.038757
0.038645
0.038515
0.038442
0.038307
0.038172
0.038194
0.038074
0.037953
0.038019
0.037894
0.037774
0.037636
0.037652
0.037496
0.037520
0.037365
0.037369
0.037204
0.037098
0.037399
0.037248
0.037244
0.037083
0.036940
0.036778
0.036720
0.036650
0.036494
0.036337
0.036241
0.036063
0.035933
0.035761
0.035691
0.035707
0.035723
0.035579
0.035440
0.035326
0.035328
0.035188
0.035110
0.034967
0.034870
0.034755
0.034828
0.034684
0.034551
0.034413
0.034276
0.034694
0.034525
0.034569
0.034407
0.034429
0.034522
0.034392
0.034336
0.035364
0.035248
0.035355
0.035283
0.035209
0.035388
0.035309
0.035233
0.035829
0.035841
0.035792
0.035785
0.035702
0.035611
0.035515
0.035542
0.035435
0.035467
0.036737
0.037196
0.037460
0.037389
0.037315
0.037321
0.037214
0.037268
0.037303
0.037232
0.037107
0.036970
0.036823
0.037107
0.037139
0.037020
0.036885
0.036739
0.036606
0.036444
0.036279
0.036106
0.035937
0.035755
0.035568
0.035420
0.035371
0.035278
0.035231
0.035034
0.034858
0.034738
0.034545
0.034361
0.034456
0.034293
0.034616
0.034623
0.034594
0.035234
0.035078
0.035021
0.034870
0.034753
0.034687
0.034560
0.034929
0.034773
0.034708
0.034561
0.034529
0.034462
0.034329
0.034198
0.037743
0.037432
0.037604
0.037421
0.037359
0.037171
0.037007
0.036819
0.036608
0.036385
0.036190
0.035952
0.035702
0.035455
0.035398
0.035150
0.034883
0.034612
0.034332
0.034161
0.034386
0.034140
0.033973
0.033799
0.033559
0.033357
0.033123
0.032883
0.032643
0.032403
0.032164
0.032009
0.031770
0.031555
0.031330
0.031133
0.030988
0.030843
0.031098
0.031676
0.031980
0.031854
0.031754
0.032070
0.031937
0.031834
0.032409
0.032248
0.032162
0.032257
0.032159
0.032081
0.031948
0.032235
0.032081
0.031938
0.031798
0.031635
0.031462
0.031320
0.031164
0.030981
0.030790
0.030732
0.030559
0.030595
0.030430
0.030287
0.030248
0.030165
0.030037
0.029864
0.029693
0.029558
0.029462
0.029372
0.029258
0.029081
0.037713
0.037634
0.038268
0.038510
0.038653
0.038693
0.038743
0.038834
0.039323
0.039282
0.039290
0.039225
0.039283
0.039220
0.039898
0.039909
0.039831
0.039811
0.039693
0.039612
0.039481
0.039469
0.039308
0.043420
0.043307
0.043504
0.043418
0.043424
0.043353
0.043294
0.043233
0.043201
0.043096
0.042984
0.042858
0.042722
0.042890
0.042746
0.042816
0.042662
0.042607
0.043061
0.042893
0.042768
0.042594
0.042559
0.042456
0.042298
0.042128
0.041950
0.041766
0.041574
0.041397
0.041241
0.041036
0.040831
0.040727
0.040676
0.040451
0.040244
0.040114
0.039894
0.039669
0.039438
0.039204
0.038968
0.038778
0.038532
0.038289
0.038127
0.037878
0.037756
0.037511
0.037265
0.037040
0.036884
0.037264
0.037272
0.037537
0.037294
0.037113
0.037082
0.037034
0.037607
0.037404
0.037287
0.037116
0.036953
0.036936
0.036760
0.036596
0.036547
0.036359
0.036192
0.036001
0.036378
0.036251
0.036133
0.036132
0.036019
0.035925
0.035822
0.035722
0.035631
0.035507
0.035381
0.035250
0.035380
0.035403
0.035350
0.035273
0.035202
0.035124
0.035085
0.035049
0.034963
0.034939
0.034888
0.034822
0.034748
0.034675
0.034600
0.034531
0.034519
0.034436
0.034355
0.034267
0.034179
0.034107
0.034022
0.033958
0.033930
0.033850
0.033840
0.033809
0.033794
0.033771
0.033912
0.033858
0.033861
0.033804
0.033804
0.033889
0.033836
0.033877
0.033823
0.033780
0.033761
0.033707
0.033653
0.033594
0.033597
0.033745
0.033787
0.033746
0.033695
0.033644
0.033590
0.033536
0.033479
0.033677
0.033604
0.033601
0.033535
0.033487
0.033461
0.033405
0.033485
0.033432
0.033402
0.033351
0.033560
0.033520
0.033518
0.033464
0.033441
0.033386
0.033362
0.033314
0.033448
0.033462
0.033431
0.033386
0.033524
0.033708
0.033687
0.033664
0.033623
0.034099
0.034386
0.034483
0.034469
0.034460
0.034551
0.034552
0.034549
0.034520
0.034488
0.034451
0.034410
0.034421
0.034417
0.034378
0.034429
0.034394
0.034472
0.034695
0.034665
0.034644
0.034594
0.034549
0.034497
0.034445
0.034391
0.034333
0.034363
0.034305
0.034312
0.034251
0.034195
0.034209
0.034147
0.034098
0.034034
0.034127
0.034147
0.034094
0.034037
0.033976
0.033981
0.034045
0.034086
0.034078
0.034054
0.033996
0.034086
0.034024
0.034006
0.033943
0.033889
0.033828
0.033778
0.033937
0.034183
0.034130
0.034126
0.034068
0.034142
0.034097
0.034340
0.034331
0.034476
0.034451
0.034415
0.034357
0.034310
0.034246
0.034216
0.034158
0.034091
0.034022
0.034413
0.034329
0.034330
0.034273
0.034204
0.034147
0.034069
0.033989
0.033963
0.034083
0.034003
0.033975
0.034260
0.034201
0.034141
0.034084
0.034255
0.034225
0.034267
0.034248
0.034197
0.034163
0.034120
0.034059
0.033991
0.033919
0.033880
0.033804
0.033727
0.033645
0.033663
0.033572
0.033514
0.033420
0.033329
0.033425
0.033342
0.033259
0.033268
0.033285
0.033234
0.033322
0.033304
0.033246
0.033164
0.033075
0.033039
0.032943
0.032850
0.032751
0.032667
0.032664
0.032607
0.032589
0.032548
0.032463
0.032372
0.032822
0.032689
0.032717
0.032644
0.032567
0.032480
0.032386
0.032466
0.032348
0.033877
0.033736
0.033751
0.033674
0.033603
0.033514
0.033449
0.033349
0.033306
0.033196
0.033115
0.032989
0.033084
0.032932
0.033230
0.033058
0.033145
0.032986
0.033163
0.032985
0.032853
0.032754
0.032622
0.032484
0.032384
0.032217
0.032088
0.031918
0.032035
0.031939
0.032005
0.031833
0.031678
0.031509
0.031361
0.031196
0.031039
0.030859
0.030677
0.030492
0.030533
0.030330
0.030162
0.030052
0.030025
0.029892
0.029716
0.029541
0.029363
0.029269
0.029147
0.029024
0.028894
0.028763
0.028781
0.028652
0.028554
0.028536
0.028458
0.028398
0.028275
0.028164
0.028041
0.028141
0.028044
0.027939
0.027868
0.027889
0.027778
0.027868
0.027756
0.027675
0.027590
0.027631
0.027546
0.027460
0.027407
0.027350
0.027385
0.027291
0.027218
0.027122
0.027073
0.026973
0.027206
0.027092
0.027022
0.026921
0.026855
0.026895
0.026805
0.026714
0.026618
0.026520
0.026467
0.026373
0.026388
0.026378
0.026290
0.026428
0.026515
0.026445
0.026405
0.026391
0.026342
0.026260
0.026177
0.026133
0.026098
0.026115
0.026044
0.025961
0.025915
0.026134
0.026091
0.026024
0.025940
0.025860
0.025775
0.025733
0.025644
0.025555
0.025512
0.025954
0.025901
0.025842
0.025800
0.025728
0.025698
0.025619
0.025598
0.025628
0.025623
0.025650
0.025574
0.025585
0.025678
0.025601
0.025539
0.025461
0.025418
0.025797
0.025742
0.025737
0.025672
0.025610
0.025543
0.025474
0.025400
0.025333
0.025389
0.025308
0.025292
0.025214
0.025168
0.025093
0.025013
0.025043
0.025216
0.025117
0.025044
0.024939
0.024954
0.024847
0.024763
0.024703
0.024646
0.024793
0.024692
0.024612
0.024499
0.024440
0.024332
0.024225
0.024112
0.023997
0.023878
0.023855
0.023874
0.023859
0.023765
0.023687
0.023602
0.023606
0.023815
0.023689
0.023595
0.023495
0.023377
0.023255
0.023129
0.023009
0.022909
0.022776
0.022653
0.022759
0.022631
0.022518
0.022387
0.022379
0.022335
0.022407
0.022292
0.022252
0.022239
0.022124
0.022105
0.021994
0.021881
0.021761
0.021653
0.021531
0.021422
0.021297
0.021171
0.021041
0.020908
0.020774
0.020657
0.020528
0.020463
0.020346
0.020226
0.020101
0.019987
0.019930
0.019814
0.019975
0.019911
0.019821
0.019719
0.019664
0.019562
0.019461
0.019356
0.019252
0.019168
0.019135
0.019034
0.018939
0.018863
0.018760
0.019012
0.019150
0.019063
0.018974
0.018921
0.018813
0.019131
0.019157
0.019100
0.019104
0.019067
0.019152
0.019108
0.019029
0.018940
0.018847
0.018751
0.018680
0.018654
0.018803
0.018696
0.018780
0.018677
0.018877
0.018787
0.018782
0.018675
0.018617
0.018577
0.018495
0.018395
0.018286
0.018305
0.018227
0.018127
0.018018
0.017940
0.017831
0.017759
0.017646
0.017645
0.017601
0.017489
0.017379
0.017362
0.017248
0.017138
0.017026
0.016993
0.016889
0.016818
0.016714
0.016626
0.016518
0.016468
0.016432
0.016337
0.016237
0.016146
0.016106
0.016012
0.015914
0.015980
0.015920
0.015866
0.015773
0.015817
0.015735
0.015702
0.015654
0.015625
0.015584
0.015748
0.015654
0.015588
0.015505
0.015418
0.015336
0.015254
0.015185
0.015086
0.015095
0.015020
0.014993
0.014894
0.014797
0.014695
0.014592
0.014508
0.014402
0.014306
0.014200
0.014093
0.014177
0.014075
0.013981
0.013881
0.013783
0.013686
0.013590
0.013570
0.013479
0.013458
0.013371
0.013421
0.013331
0.013257
0.013327
0.013259
0.013189
0.013119
0.013047
0.012989
0.012967
0.012900
0.012839
0.012776
0.012770
0.012736
0.012714
0.012661
0.012597
0.012532
0.012476
0.012579
0.012530
0.012622
0.012604
0.012554
0.012494
0.012434
0.012489
0.012625
0.012557
0.012523
0.012454
0.012392
0.012324
0.012254
0.012192
0.012119
0.012079
0.012033
0.011957
0.011881
0.011841
0.011763
0.011806
0.011725
0.011689
0.011657
0.011584
0.011571
0.011495
0.011422
0.011345
0.011280
0.011202
0.011150
0.011114
0.011060
0.011032
0.010971
0.010952
0.010954
0.010888
0.010840
0.010772
0.010710
0.010648
0.010660
0.010610
0.010633
0.010566
0.010511
0.010445
0.010382
0.010317
0.010251
0.010276
0.010235
0.010187
0.010210
0.010137
0.010110
0.010062
0.010035
0.009974
0.009909
0.009843
0.009777
0.009787
0.009721
0.009657
0.009587
0.009518
0.009587
0.009511
0.009462
0.009389
0.009319
0.009247
0.009174
0.009099
0.009059
0.008981
0.008918
0.008842
0.008823
0.008753
0.008731
0.008682
0.008786
0.008710
0.008653
0.008590
0.008895
0.008822
0.009051
0.009046
0.009010
0.008952
0.008897
0.008846
0.008787
0.008723
0.008667
0.008597
0.008526
0.008453
0.008380
0.008305
0.008236
0.008259
0.008265
0.008203
0.008137
0.008096
0.008028
0.007961
0.007909
0.007941
0.007873
0.007816
0.007775
0.007778
0.007711
0.007678
0.007722
0.007662
0.007605
0.007549
0.007494
0.007483
0.007456
0.007403
0.007350
0.007296
0.007242
0.007187
0.007132
0.007123
0.007073
0.007969
0.007879
0.007903
0.007839
0.007804
0.007762
0.007722
0.007719
0.007673
0.007633
0.007581
0.007529
0.007472
0.007416
0.007378
0.007402
0.013025
0.012536
0.012984
0.012688
0.012654
0.012816
0.012690
0.012878
0.012703
0.012548
0.012368
0.012209
0.011993
0.011770
0.011553
0.011790
0.011563
0.011620
0.011452
0.011262
0.011043
0.010825
0.010621
0.010589
0.010360
0.010148
0.009922
0.009755
0.009538
0.009323
0.009125
0.008945
0.008804
0.008678
0.008506
0.008322
0.008148
0.008063
0.008135
0.008412
0.008362
0.008451
0.008420
0.008463
0.008436
0.008408
0.008400
0.008378
0.008345
0.008315
0.008366
0.008331
0.008296
0.008253
0.008255
0.008212
0.008193
0.008150
0.008182
0.008147
0.008113
0.008072
0.008030
0.007995
0.008637
0.008575
0.008691
0.008647
0.008627
0.008590
0.008596
0.008557
0.008549
0.008829
0.008791
0.008875
0.008850
0.008834
0.008824
0.008797
0.008767
0.008733
0.008732
0.008735
0.008784
0.008793
0.008817
0.008781
0.008813
0.008804
0.008780
0.008750
0.008726
0.008684
0.008679
0.008653
0.008616
0.008763
0.008732
0.008707
0.009056
0.009046
0.009070
0.009061
0.009084
0.009078
0.009195
0.009217
0.009283
0.009279
0.009282
0.009438
0.009447
0.009491
0.009480
0.009823
0.009798
0.009815
0.009796
0.009786
0.009768
0.009749
0.012471
0.012558
0.012793
0.012913
0.013016
0.013110
0.013184
0.013310
0.013493
0.013554
0.013606
0.013672
0.013709
0.013759
0.013779
0.013810
0.013840
0.013891
0.013886
0.013876
0.013856
0.013831
0.013813
0.013775
0.013810
0.013755
0.013728
0.013670
0.013609
0.013536
0.013540
0.013462
0.013384
0.013304
0.013232
0.013152
0.013069
0.013077
0.012989
0.012933
0.012841
0.012775
0.012684
0.012608
0.012777
0.012674
0.012625
0.012562
0.012465
0.012387
0.012289
0.012186
0.012116
0.012029
0.011928
0.011818
0.011703
0.011740
0.011617
0.011612
0.011542
0.011729
0.011645
0.011571
0.011474
0.011386
0.011289
0.011191
0.011090
0.010989
0.010897
0.010796
0.010720
0.010663
0.010714
0.010712
0.010714
0.010711
0.010705
0.010696
0.010687
0.010734
0.010760
0.010876
0.010966
0.010958
0.010957
0.010945
0.010934
0.010920
0.011312
0.011333
0.011385
0.011361
0.011350
0.011329
0.011308
0.011353
0.011327
0.011305
0.011278
0.011249
0.011217
0.011248
0.011476
0.011438
0.011475
0.011450
0.012123
0.012031
0.012175
0.012114
0.012090
0.012036
0.011986
0.011930
0.011870
0.011806
0.012117
0.012024
0.011994
0.012129
0.012076
0.012289
0.012255
0.012290
0.012255
0.012223
0.012187
0.012150
0.012112
0.012072
0.012082
0.012086
0.012311
0.012274
0.012263
0.012319
0.012542
0.012784
0.012914
0.012916
0.012917
0.012907
0.012940
0.013424
0.013420
0.013476
0.013472
0.013502
0.013498
0.013494
0.013485
0.013482
0.013470
0.013457
0.013439
0.013419
0.013395
0.013369
0.013557
0.013650
0.013767
0.014030
0.014004
0.013996
0.014035
0.014001
0.013969
0.013926
0.013947
0.013897
0.013868
0.013849
0.013843
0.013831
0.013769
0.013753
0.013747
0.013715
0.013710
0.013733
0.013704
0.014550
0.014471
0.014469
0.014405
0.014355
0.014314
0.014252
0.014192
0.014187
0.014113
0.014041
0.013962
0.013881
0.013807
0.013721
0.013667
0.013670
0.013583
0.013501
0.013414
0.013332
0.013243
0.013159
0.013076
0.012992
0.012923
0.012848
0.012840
0.013351
0.013307
0.013283
0.013267
0.013256
0.013226
0.013188
0.013177
0.013135
0.013094
0.013050
0.013008
0.012967
0.012923
0.012878
0.012871
0.012861
0.013329
0.013264
0.013287
0.013238
0.013206
0.013169
0.013128
0.013474
0.013438
0.013483
0.013423
0.013377
0.013320
0.013263
0.013202
0.013143
0.013079
0.013010
0.012939
0.012866
0.012812
0.012774
0.012698
0.012622
0.012544
0.012491
0.014879
0.014688
0.014885
0.015117
0.015114
0.015090
0.015089
0.015074
0.015013
0.014949
0.014879
0.014843
0.014773
0.014764
0.014698
0.014632
0.014556
0.014479
0.014436
0.015265
0.015157
0.015149
0.015054
0.014990
0.014902
0.014814
0.014718
0.014705
0.014759
0.014693
0.014597
0.014491
0.014385
0.014359
0.014281
0.014180
0.014078
0.014093
0.013986
0.013897
0.013799
0.013807
0.013769
0.013739
0.013704
0.013693
0.013662
0.013626
0.013595
0.013554
0.013513
0.013471
0.013428
0.013434
0.013391
0.013383
0.013342
0.013437
0.013393
0.013363
0.013329
0.013313
0.013294
0.013275
0.013262
0.013277
0.013542
0.013516
0.013513
0.013609
0.013774
0.013762
0.013797
0.013777
0.013819
0.013969
0.013991
0.014017
0.014008
0.013995
0.013980
0.013960
0.013953
0.014050
0.014055
0.014039
0.014148
0.014129
0.014118
0.014152
0.014130
0.014108
0.014125
0.014096
0.014068
0.014036
0.014078
0.014045
0.014020
0.013988
0.014100
0.014074
0.014073
0.014089
0.014186
0.014285
0.014259
0.014240
0.014208
0.014226
0.014194
0.014246
0.014272
0.014241
0.014211
0.014584
0.014551
0.014544
0.014508
0.014483
0.014645
0.014616
0.014653
0.014611
0.014640
0.014598
0.014719
0.014671
0.014639
0.014665
0.014625
0.014586
0.014536
0.014612
0.014560
0.014620
0.014574
0.014536
0.014487
0.014432
0.014373
0.014398
0.014500
0.014460
0.014624
0.014575
0.014537
0.014488
0.014457
0.014411
0.014453
0.014471
0.014442
0.014713
0.014678
0.014666
0.015818
0.015735
0.015815
0.015958
0.015946
0.015948
0.016054
0.016017
0.015990
0.015955
0.015949
0.015910
0.015868
0.015819
0.015781
0.015724
0.015679
0.015615
0.015593
0.015533
0.015467
0.015397
0.015325
0.015251
0.016194
0.016118
0.016145
0.016089
0.016126
0.016084
0.016045
0.016008
0.015957
0.015903
0.015843
0.015785
0.015744
0.015732
0.015752
0.015679
0.015614
0.015539
0.015468
0.015394
0.015318
0.015248
0.015414
0.015353
0.015601
0.015542
0.015508
0.015457
0.015401
0.015368
0.015310
0.015297
0.015236
0.015184
0.015122
0.015062
0.015067
0.015009
0.014951
0.014888
0.014827
0.015145
0.015072
0.015113
0.015050
0.015011
0.014996
0.015101
0.015105
0.015099
0.015083
0.015067
0.015318
0.015277
0.015275
0.015237
0.015210
0.015175
0.015139
0.015099
0.015057
0.015063
0.015029
0.014983
0.014931
0.014877
0.014822
0.014764
0.014954
0.014904
0.015178
0.015117
0.015094
0.015034
0.015029
0.014974
0.014944
0.014966
0.014970
0.014921
0.014885
0.014885
0.014832
0.014783
0.014728
0.014674
0.014626
0.014570
0.014520
0.014468
0.014416
0.014384
0.014341
0.014355
0.014326
0.014288
0.014536
0.014609
0.014625
0.014586
0.014553
0.014514
0.014475
0.014699
0.014718
0.014694
0.014645
0.014600
0.014559
0.014510
0.014476
0.014452
0.014554
0.014503
0.014468
0.014420
0.014704
0.014656
0.014636
0.014597
0.014590
0.014551
0.014514
0.014473
0.014432
0.015056
0.015022
0.015028
0.015005
0.014992
0.015331
0.015307
0.015311
0.015298
0.015282
0.015283
0.015276
0.015256
0.015342
0.015333
0.015331
0.015323
0.015314
0.015303
0.015291
0.015277
0.015274
0.015257
0.015242
0.015510
0.015495
0.015523
0.015509
0.015537
0.015519
0.015506
0.015653
0.015626
0.015617
0.015590
0.015566
0.015538
0.015569
0.015541
0.015518
0.015636
0.015624
0.015624
0.015700
0.015692
0.015731
0.015735
0.015725
0.015707
0.015720
0.015700
0.015682
0.015708
0.015688
0.015749
0.015738
0.015738
0.015767
0.015755
0.015746
0.015757
0.015741
0.015728
0.015877
0.015868
0.015866
0.015859
0.016208
0.016202
0.016222
0.016273
0.016286
0.016311
0.016351
0.016348
0.016384
0.016700
0.016694
0.016720
0.016716
0.016722
0.016719
0.016720
0.016796
0.016796
0.016795
0.016792
0.016821
0.016813
0.016819
0.016807
0.016926
0.016963
0.016963
0.016950
0.016938
0.016945
0.016928
0.016915
0.016895
0.016874
0.016875
0.016859
0.016842
0.016817
0.016792
0.016780
0.016862
0.016856
0.016840
0.016932
0.016910
0.017041
0.017117
0.017132
0.017131
0.017193
0.017874
0.017923
0.018432
0.018422
0.018465
0.018537
0.018552
0.018564
0.018626
0.018668
0.018672
0.018673
0.018669
0.018661
0.018686
0.019205
0.019251
0.019366
0.019324
0.019313
0.019375
0.019340
0.019310
0.019268
0.019225
0.019182
0.019132
0.019080
0.019024
0.018970
0.019469
0.019410
0.019433
0.019410
0.019399
0.019380
0.019362
0.019337
0.019310
0.019281
0.019249
0.019214
0.019177
0.019137
0.019304
0.019263
0.019266
0.019326
0.019294
0.019316
0.019379
0.019367
0.019353
0.019336
0.019318
0.019328
0.019433
0.019544
0.019540
0.019542
0.019534
0.019701
0.019783
0.019793
0.019794
0.019842
0.019842
0.019857
0.019854
0.020068
0.020054
0.020065
0.020148
0.020151
0.020149
0.020137
0.020140
0.020122
0.020104
0.020123
0.020101
0.020090
0.020065
0.020039
0.020020
0.020005
0.020030
0.019996
0.019963
0.019936
0.019916
0.019879
0.019842
0.019890
0.019885
0.020038
0.020220
0.020452
0.020427
0.020421
0.020392
0.020500
0.020476
0.020457
0.020431
0.020403
0.020378
0.020475
0.020559
