0.010267
0.010020
0.009769
0.009559
0.011053
0.010891
0.011850
0.011760
0.011819
0.011746
0.011699
0.011648
0.011702
0.011625
0.011553
0.011465
0.011373
0.011278
0.011245
0.011224
0.011747
0.012071
0.012054
0.012031
0.011993
0.011950
0.011899
0.011839
0.011771
0.011947
0.011885
0.011848
0.011781
0.011818
0.011752
0.011681
0.012354
0.013895
0.013882
0.013896
0.013815
0.013744
0.013700
0.013945
0.013815
0.013923
0.013801
0.013894
0.013926
0.013825
0.013733
0.013611
0.013522
0.013383
0.013242
0.013086
0.012925
0.013398
0.013254
0.013161
0.013017
0.013451
0.013408
0.013300
0.013194
0.013074
0.012951
0.012837
0.013107
0.013002
0.012954
0.012912
0.012916
0.013363
0.013426
0.013428
0.013766
0.014094
0.014024
0.014239
0.014143
0.014065
0.014565
0.014477
0.014657
0.014560
0.014630
0.014523
0.014427
0.014441
0.014313
0.014186
0.014043
0.013898
0.013743
0.013578
0.013404
0.013325
0.013140
0.012989
0.012786
0.012633
0.012440
0.012745
0.012698
0.012881
0.014049
0.013777
0.013673
0.013531
0.013350
0.013181
0.012974
0.012795
0.012586
0.012360
0.012142
0.011902
0.011810
0.011566
0.011346
0.011092
0.010862
0.010601
0.010340
0.010076
0.010401
0.010378
0.010514
0.010311
0.010316
0.010208
0.010011
0.009815
0.010054
0.009960
0.009860
0.009724
0.009685
0.009544
0.010159
0.009978
0.010023
0.009991
0.009881
0.009853
0.009752
0.009675
0.009566
0.009657
0.009548
0.009446
0.009592
0.010044
0.009922
0.009849
0.011453
0.011337
0.011356
0.011262
0.011769
0.011694
0.011639
0.011551
0.011498
0.011392
0.011298
0.011172
0.011040
0.011257
0.011132
0.011331
0.011183
0.011051
0.010886
0.010720
0.011868
0.011818
0.011757
0.011852
0.011733
0.011601
0.011430
0.011352
0.011171
0.010992
0.010821
0.010628
0.011435
0.011271
0.011170
0.011011
0.010857
0.010693
0.010976
0.010831
0.010697
0.010688
0.010949
0.010804
0.010681
0.010533
0.010389
0.010238
0.010097
0.009945
0.009791
0.009633
0.009512
0.009936
0.010116
0.010007
0.009871
0.009805
0.009660
0.009663
0.009782
0.009667
0.009958
0.009845
0.009763
0.010076
0.010359
0.010306
0.010200
0.010110
0.010095
0.009991
0.010746
0.010649
0.010594
0.010513
0.010557
0.010479
0.010419
0.010441
0.010342
0.011419
0.011301
0.011279
0.011194
0.011101
0.011008
0.010915
0.010821
0.010743
0.010639
0.010531
0.010595
0.010484
0.010459
0.011485
0.011368
0.011346
0.011373
0.011370
0.011346
0.011289
0.011229
0.011161
0.011145
0.011063
0.010984
0.010891
0.011037
0.011064
0.010992
0.010903
0.010873
0.010776
0.010678
0.010808
0.010736
0.010648
0.010532
0.010580
0.010454
0.010348
0.010856
0.010700
0.011686
0.011603
0.011564
0.011513
0.011679
0.011620
0.011577
0.011514
0.011452
0.011383
0.011325
0.011250
0.011266
0.014315
0.014092
0.014254
0.014475
0.014484
0.014426
0.014371
0.014319
0.014271
0.014394
0.014835
0.014814
0.014981
0.014983
0.014930
0.015162
0.015098
0.016482
0.016319
0.016509
0.016387
0.016323
0.016384
0.016318
0.016486
0.016377
0.016282
0.016160
0.016036
0.016202
0.016177
0.016095
0.016317
0.016177
0.016069
0.015950
0.015820
0.015684
0.015543
0.015509
0.015362
0.015222
0.015162
0.015093
0.015115
0.015137
0.015300
0.015223
0.015202
0.015113
0.015031
0.015132
0.015042
0.015088
0.015058
0.014984
0.014901
0.014819
0.014731
0.014639
0.014542
0.014529
0.014432
0.014341
0.014347
0.014392
0.016527
0.017824
0.017888
0.018008
0.018318
0.018336
0.018359
0.018360
0.018374
0.018512
0.018789
0.018777
0.018775
0.019018
0.019007
0.018999
0.018973
0.019723
0.019766
0.019814
0.019815
0.019971
0.019966
0.020446
0.020406
0.020685
0.020644
0.020835
0.020949
0.021003
0.020993
0.020976
0.021062
0.021028
0.020996
0.021066
0.021023
0.021108
0.021059
0.021014
0.021075
0.021963
0.021926
0.021953
0.021911
0.022379
0.022532
0.023099
0.023124
0.023143
0.023130
0.023359
0.023333
0.023329
0.023320
0.023500
0.023454
0.023433
0.023435
0.023525
0.023655
0.023815
0.023804
0.023776
0.023732
0.023683
0.023676
0.023754
0.023679
0.023633
0.023548
0.023480
0.023390
0.023294
0.023189
0.023077
0.023135
0.023114
0.023016
0.022920
0.022811
0.022703
0.022604
0.022488
0.022367
0.022372
0.022287
0.022204
0.022070
0.021948
0.021807
0.021662
0.021569
0.021417
0.021421
0.021276
0.021144
0.021045
0.020938
0.020808
0.020675
0.021200
0.021090
0.021008
0.020901
0.021451
0.021351
0.021303
0.021252
0.021702
0.021633
0.021603
0.021540
0.021547
0.021479
0.021422
0.021350
0.021284
0.021205
0.021123
0.021036
0.021461
0.021493
0.021445
0.021388
0.023506
0.023268
0.023382
0.023326
0.023275
0.023167
0.023470
0.023502
0.023461
0.023420
0.023350
0.023761
0.025598
0.025550
0.026124
0.026069
0.026061
0.025981
0.025910
0.025866
0.025763
0.025686
0.025645
0.025752
0.025626
0.025493
0.025344
0.025187
0.025021
0.024939
0.024770
0.024698
0.024593
0.024818
0.024693
0.024563
0.024426
0.024283
0.024134
0.023982
0.023861
0.023700
0.023537
0.023382
0.023789
0.024185
0.024084
0.023970
0.023841
0.023712
0.023634
0.023506
0.023378
0.023327
0.023218
0.023122
0.023310
0.023211
0.023133
0.023131
0.023087
0.023036
0.023015
0.022980
0.022944
0.022905
0.022862
0.022815
0.022768
0.023893
0.023751
0.024150
0.024048
0.024029
0.023958
0.023904
0.023829
0.024983
0.024850
0.024981
0.025074
0.025050
0.025002
0.024951
0.024979
0.024918
0.024856
0.024939
0.024859
0.030623
0.030294
0.030679
0.030570
0.030905
0.030990
0.030927
0.030835
0.030716
0.030579
0.030418
0.030360
0.030260
0.030093
0.029877
0.029649
0.029452
0.029196
0.028931
0.028653
0.028365
0.028108
0.027819
0.027530
0.027242
0.026948
0.026649
0.027305
0.027006
0.026895
0.026687
0.026559
0.026291
0.026053
0.026325
0.026051
0.025839
0.025579
0.025341
0.025098
0.024862
0.024653
0.025117
0.025114
0.025063
0.024978
0.024985
0.024901
0.024816
0.024747
0.024682
0.025711
0.025627
0.025665
0.026137
0.031560
0.031553
0.032544
0.032492
0.032615
0.032673
0.032701
0.032681
0.032633
0.032558
0.032685
0.032598
0.032585
0.032456
0.033489
0.033393
0.033361
0.033242
0.033402
0.033263
0.033132
0.032997
0.032834
0.032935
0.033606
0.033434
0.033319
0.033136
0.032957
0.032765
0.032602
0.032443
0.032419
0.032200
0.032186
0.031998
0.031807
0.031567
0.031318
0.031130
0.031261
0.031005
0.031124
0.030896
0.030684
0.036239
0.035730
0.035941
0.035587
0.035653
0.035391
0.035165
0.034873
0.034565
0.034240
0.033950
0.033709
0.033417
0.033107
0.032778
0.032431
0.032068
0.031695
0.031306
0.031944
0.031482
0.031147
0.030695
0.030284
0.029851
0.029427
0.028983
0.028953
0.028540
0.028465
0.028060
0.027694
0.027295
0.027064
0.026671
0.026293
0.025903
0.025578
0.025187
0.024809
0.024423
0.024046
0.023825
0.024030
0.023934
0.023738
0.023537
0.023329
0.023399
0.023202
0.023013
0.023924
0.024275
0.024213
0.024078
0.023927
0.023776
0.023616
0.023823
0.024064
0.023927
0.023797
0.023951
0.023786
0.023748
0.023713
0.023558
0.023398
0.023226
0.023063
0.022878
0.023697
0.023480
0.023663
0.023459
0.023315
0.023277
0.023082
0.023103
0.022938
0.023554
0.023376
0.023245
0.023092
0.022931
0.022751
0.022565
0.022371
0.022172
0.021967
0.021756
0.021541
0.021323
0.022047
0.021857
0.022397
0.022221
0.022119
0.022180
0.022036
0.021966
0.022467
0.022337
0.022212
0.022075
0.021928
0.022053
0.021879
0.021736
0.021557
0.025499
0.025179
0.025316
0.025055
0.025645
0.026601
0.026630
0.026719
0.026532
0.026856
0.026619
0.026442
0.026194
0.026849
0.027417
0.027236
0.027060
0.026826
0.026648
0.026538
0.026340
0.026102
0.025828
0.025526
0.025213
0.024892
0.024565
0.024253
0.023949
0.023610
0.023415
0.023065
0.022870
0.022529
0.022217
0.021901
0.021628
0.021320
0.021323
0.021014
0.020742
0.020476
0.020292
0.020102
0.019911
0.019718
0.019538
0.019380
0.019218
0.019067
0.018926
0.018789
0.018631
0.018469
0.018308
0.018148
0.019111
0.018884
0.018828
0.018638
0.018493
0.018325
0.018159
0.018546
0.021259
0.021378
0.022225
0.022189
0.022188
0.022109
0.022127
0.022029
0.021926
0.021804
0.021876
0.021717
0.021633
0.021463
0.021303
0.021226
0.021081
0.020900
0.020835
0.020660
0.020663
0.020469
0.020280
0.020167
0.019961
0.019788
0.019728
0.019509
0.019300
0.019073
0.018846
0.018664
0.020490
0.020069
0.020024
0.019736
0.019588
0.019373
0.019191
0.018999
0.018769
0.018536
0.018296
0.018053
0.017841
0.017593
0.017449
0.017478
0.017256
0.017035
0.016888
0.016978
0.016881
0.016829
0.016676
0.019525
0.019424
0.019611
0.019823
0.019839
0.019828
0.022060
0.022226
0.023402
0.024295
0.025481
0.025643
0.025792
0.025904
0.026004
0.026172
0.026228
0.026276
0.026302
0.026312
0.026303
0.026359
0.026416
0.026561
0.026528
0.026486
0.026420
0.026342
0.026254
0.026154
0.026132
0.026011
0.025886
0.025743
0.025672
0.025558
0.025399
0.025338
0.025159
0.024994
0.024798
0.024783
0.024562
0.024465
0.025364
0.025197
0.025035
0.024890
0.024752
0.024545
0.024335
0.024165
0.023952
0.023739
0.023514
0.023283
0.023042
0.022790
0.022979
0.022700
0.022652
0.022876
0.022624
0.022367
0.022079
0.021787
0.021976
0.021698
0.021660
0.021373
0.021123
0.020823
0.020527
0.021252
0.020955
0.020741
0.020525
0.020253
0.019972
0.020794
0.020630
0.020676
0.020537
0.021016
0.020801
0.020646
0.020446
0.020248
0.020671
0.020447
0.020276
0.021484
0.021447
0.021340
0.021302
0.021305
0.021183
0.021145
0.021024
0.020921
0.020803
0.020679
0.020752
0.021133
0.021110
0.021008
0.020883
0.020738
0.020598
0.020451
0.020395
0.020241
0.020088
0.019959
0.020086
0.020258
0.020166
0.020022
0.019879
0.019723
0.019573
0.019427
0.019333
0.019213
0.019133
0.019342
0.019511
0.019359
0.019236
0.019108
0.018978
0.018863
0.019084
0.018975
0.018880
0.018768
0.018654
0.018532
0.018405
0.018271
0.018131
0.017986
0.017900
0.017821
0.020126
0.019943
0.019984
0.019861
0.019771
0.019668
0.019558
0.019435
0.019300
0.019316
0.019164
0.019137
0.018972
0.018806
0.019209
0.019388
0.019230
0.019068
0.019441
0.019341
0.020349
0.020594
0.020612
0.020560
0.020533
0.020472
0.020404
0.020413
0.020320
0.020242
0.020232
0.020117
0.020000
0.019879
0.019749
0.020152
0.019983
0.019868
0.020129
0.020006
0.019891
0.019750
0.019872
0.019735
0.019601
0.019482
0.019330
0.019214
0.019262
0.019129
0.019196
0.019031
0.018882
0.018709
0.021191
0.021103
0.021315
0.021394
0.021331
0.021241
0.021141
0.021265
0.021141
0.021038
0.021178
0.021046
0.020921
0.021092
0.020976
0.020841
0.020728
0.020716
0.020528
0.020354
0.020152
0.019951
0.019738
0.019517
0.019311
0.019077
0.019257
0.019160
0.019179
0.019106
0.018910
0.018706
0.018487
0.018465
0.018234
0.018010
0.017766
0.017520
0.017861
0.017630
0.017594
0.017314
0.017062
0.016787
0.016527
0.016430
0.016170
0.015906
0.015690
0.015429
0.015168
0.014965
0.014790
0.014534
0.014296
0.014040
0.013789
0.013540
0.013295
0.013048
0.012854
0.012607
0.012363
0.012532
0.012288
0.013439
0.013235
0.013252
0.013072
0.012923
0.012752
0.012588
0.012613
0.012453
0.012403
0.012260
0.012120
0.011968
0.011974
0.011810
0.011662
0.011996
0.011848
0.011736
0.011593
0.011485
0.011369
0.011258
0.011429
0.011546
0.011489
0.011410
0.011326
0.011249
0.011583
0.011483
0.011484
0.013509
0.013412
0.013484
0.013405
0.013350
0.013329
0.013505
0.013398
0.013395
0.013286
0.013184
0.013060
0.012928
0.012784
0.012632
0.012599
0.012611
0.012451
0.012304
0.012131
0.011957
0.011773
0.011784
0.011586
0.011541
0.011413
0.011228
0.011337
0.011717
0.011648
0.011494
0.011315
0.011127
0.010936
0.011622
0.012663
0.012651
0.012615
0.012468
0.012322
0.012162
0.012073
0.011910
0.011793
0.011596
0.011527
0.011317
0.011134
0.011001
0.010922
0.010826
0.010729
0.010548
0.010385
0.010209
0.010025
0.011291
0.011102
0.011917
0.011720
0.011672
0.011514
0.011473
0.011411
0.011260
0.011127
0.012370
0.012767
0.012713
0.012588
0.012462
0.012317
0.012170
0.013817
0.013936
0.013949
0.013731
0.014686
0.014665
0.014919
0.014863
0.015321
0.015403
0.015986
0.015891
0.015852
0.015759
0.016768
0.016699
0.017332
0.017254
0.017229
0.017329
0.017249
0.017202
0.017582
0.017487
0.017502
0.017483
0.017386
0.017270
0.017162
0.017044
0.016916
0.017599
0.017697
0.017682
0.017546
0.017961
0.017796
0.017702
0.017553
0.017408
0.017331
0.017189
0.017058
0.016882
0.016696
0.016581
0.016378
0.016559
0.016365
0.016187
0.016080
0.015886
0.015689
0.015487
0.015276
0.015486
0.015254
0.015061
0.015746
0.015523
0.015426
0.015236
0.015039
0.014828
0.014807
0.014613
0.014678
0.014447
0.014787
0.014534
0.014553
0.014430
0.014329
0.014153
0.014244
0.014037
0.013861
0.017187
0.016850
0.016946
0.018351
0.018433
0.018563
0.018551
0.018472
0.018417
0.018321
0.018439
0.018304
0.018161
0.017985
0.019129
0.019067
0.019215
0.019352
0.019262
0.019187
0.019239
0.019161
0.019117
0.019429
0.020687
0.020548
0.020711
0.020581
0.020569
0.021338
0.021286
0.021468
0.021389
0.022143
0.022069
0.022123
0.022143
0.022068
0.022011
0.021908
0.021796
0.022014
0.021945
0.021837
0.021698
0.021825
0.022447
0.022258
0.022326
0.022113
0.021980
0.021762
0.021544
0.021303
0.021204
0.020940
0.020678
0.022625
0.022570
0.022515
0.022421
0.022362
0.022263
0.022160
0.022051
0.021940
0.021827
0.021853
0.022287
0.022236
0.022251
0.022199
0.022564
0.022530
0.022597
0.022622
0.022790
0.022745
0.022880
0.022828
0.022791
0.022753
0.022715
0.022673
0.022628
0.022584
0.022778
0.022752
0.022751
0.022719
0.022686
0.022651
0.022611
0.022567
0.022550
0.022500
0.022744
0.022730
0.022721
0.022688
0.023139
0.023187
0.023324
0.023324
0.023331
0.023328
0.023322
0.023544
0.023544
0.023558
0.023633
0.023624
0.023652
0.023702
0.023715
0.023718
0.023707
0.024470
0.024440
0.024477
0.024456
0.024731
0.024741
0.024837
0.025611
0.025589
0.025628
0.025671
0.025661
0.025660
0.025628
0.025589
0.025543
0.025487
0.025424
0.025367
0.025288
0.025378
0.025652
0.025564
0.025542
0.026361
0.026261
0.026246
0.026291
0.026215
0.026130
0.026035
0.025931
0.025820
0.025700
0.025591
0.025459
0.025321
0.025208
0.025056
0.024902
0.024740
0.024601
0.024428
0.024320
0.024144
0.023969
0.023789
0.023668
0.024044
0.024526
0.024466
0.024380
0.024315
0.024220
0.024144
0.024044
0.023946
0.023843
0.023736
0.023819
0.023713
0.023619
0.023515
0.023421
0.023317
0.024758
0.024574
0.024583
0.024501
0.024400
0.024280
0.024217
0.024080
0.023940
0.023787
0.023627
0.023459
0.023284
0.023128
0.023093
0.022900
0.023037
0.022821
0.023198
0.022971
0.022806
0.022688
0.022479
0.022279
0.022057
0.021832
0.021600
0.021364
0.021124
0.020880
0.020633
0.020384
0.020158
0.020030
0.019828
0.019616
0.020849
0.020661
0.020628
0.020450
0.020459
0.020289
0.020186
0.020107
0.020041
0.019941
0.020024
0.019926
0.019832
0.019730
0.019750
0.019644
0.019737
0.019623
0.019532
0.019419
0.019314
0.019369
0.019269
0.019175
0.019133
0.019033
0.018941
0.019203
0.019093
0.019032
0.018926
0.018826
0.018719
0.018611
0.018499
0.018488
0.018372
0.018303
0.018183
0.018064
0.017938
0.017831
0.019562
0.019453
0.019456
0.019302
0.019184
0.020393
0.020170
0.020133
0.019935
0.019783
0.019630
0.019451
0.020176
0.020028
0.021116
0.021410
0.021340
0.021237
0.021439
0.021350
0.021246
0.021091
0.021049
0.021175
0.021005
0.022327
0.023457
0.023447
0.023600
0.023620
0.023568
0.023509
0.023436
0.023341
0.023280
0.023162
0.023072
0.022963
0.022821
0.022675
0.022615
0.022444
0.022600
0.022426
0.022272
0.022089
0.021921
0.021726
0.021565
0.021389
0.021181
0.020965
0.020913
0.020960
0.020763
0.021299
0.021186
0.021091
0.020959
0.020788
0.021088
0.020912
0.020844
0.020721
0.020560
0.020429
0.020471
0.020303
0.020169
0.020006
0.020333
0.020127
0.019974
0.019810
0.019680
0.019647
0.019500
0.019368
0.019166
0.019146
0.018939
0.018757
0.018658
0.018496
0.018295
0.018087
0.018076
0.017868
0.017696
0.017483
0.017274
0.017058
0.016840
0.016620
0.016432
0.016958
0.017046
0.016917
0.016838
0.016716
0.016601
0.016474
0.016348
0.016389
0.016276
0.016208
0.016099
0.018378
0.018240
0.018354
0.018411
0.018327
0.018254
0.018202
0.018159
0.018043
0.017921
0.017804
0.017966
0.017848
0.017840
0.017726
0.017599
0.017545
0.017412
0.017501
0.017437
0.017322
0.017181
0.017038
0.016897
0.016744
0.016704
0.016542
0.016438
0.016285
0.016132
0.015970
0.015937
0.015805
0.015776
0.015610
0.015486
0.015319
0.015155
0.015051
0.015382
0.015302
0.015155
0.014999
0.014891
0.014723
0.014662
0.015341
0.015123
0.015020
0.014818
0.014647
0.014556
0.014381
0.014204
0.014051
0.013862
0.013675
0.013859
0.014464
0.014350
0.014332
0.014219
0.014420
0.014324
0.014236
0.014174
0.014163
0.014083
0.013988
0.014711
0.014712
0.014667
0.014636
0.014548
0.014455
0.014401
0.014303
0.014217
0.014132
0.014027
0.014000
0.013887
0.013781
0.013820
0.013723
0.013641
0.013537
0.014376
0.014271
0.014351
0.014199
0.014196
0.014070
0.013959
0.013828
0.013697
0.013896
0.013760
0.014133
0.014154
0.014225
0.014091
0.013976
0.013838
0.013701
0.013564
0.013419
0.013280
0.013787
0.013592
0.013607
0.014105
0.013968
0.013975
0.014257
0.014153
0.014174
0.014015
0.013867
0.013842
0.013713
0.013546
0.013371
0.013671
0.013504
0.013368
0.013197
0.013225
0.013041
0.012877
0.012690
0.012513
0.012502
0.012301
0.012198
0.012129
0.011935
0.011836
0.011648
0.011464
0.011277
0.011089
0.010901
0.010733
0.010542
0.011264
0.011084
0.011142
0.011073
0.010972
0.010922
0.010812
0.010703
0.010784
0.010674
0.010683
0.011180
0.011322
0.011262
0.011170
0.011092
0.011062
0.010969
0.010947
0.011236
0.011218
0.011164
0.011059
0.010964
0.010868
0.010786
0.010679
0.010650
0.010612
0.010552
0.010672
0.014045
0.013903
0.014050
0.013938
0.013899
0.013935
0.013861
0.013851
0.013810
0.013710
0.013590
0.013461
0.013318
0.013165
0.013000
0.012938
0.012859
0.012673
0.012996
0.012755
0.012622
0.012401
0.012255
0.012304
0.012063
0.012330
0.012410
0.012208
0.012010
0.011822
0.011601
0.011397
0.011285
0.011070
0.010858
0.010618
0.010417
0.010191
0.009960
0.009823
0.009601
0.009381
0.009159
0.009143
0.008910
0.008903
0.008674
0.008477
0.008289
0.008085
0.007964
0.007885
0.007756
0.007647
0.007516
0.007394
0.007272
0.007149
0.007058
0.007066
0.006948
0.006839
0.006719
0.006601
0.006943
0.006841
0.006759
0.006662
0.006568
0.006641
0.006620
0.006552
0.006468
0.006380
0.006440
0.006798
0.006777
0.006786
0.006722
0.006738
0.006681
0.006788
0.006875
0.006815
0.007353
0.007272
0.007233
0.007951
0.007891
0.008130
0.008099
0.008077
0.008030
0.008003
0.008469
0.008413
0.008427
0.008367
0.008299
0.008242
0.008158
0.008809
0.008675
0.008653
0.008547
0.008460
0.008400
0.008420
0.008849
0.008758
0.008692
0.008602
0.008631
0.008545
0.008572
0.008476
0.008395
0.008378
0.008277
0.008191
0.008096
0.007989
0.007877
0.007954
0.007809
0.007703
0.007562
0.007496
0.007421
0.007538
0.007524
0.007493
0.007373
0.007268
0.007148
0.007133
0.007023
0.007073
0.007049
0.006964
0.006931
0.006843
0.006890
0.006815
0.006829
0.006740
0.006752
0.006661
0.006637
0.006696
0.006598
0.006519
0.006419
0.007063
0.007055
0.007013
0.006935
0.006960
0.006912
0.006862
0.006880
0.006820
0.006776
0.006715
0.006683
0.007102
0.007066
0.007047
0.007284
0.007232
0.007206
0.007152
0.007103
0.007049
0.007187
0.007121
0.007075
0.007111
0.007049
0.006989
0.007058
0.008048
0.007969
0.007991
0.007922
0.007883
0.007828
0.007775
0.007714
0.007648
0.007579
0.007633
0.007696
0.007710
0.007642
0.007577
0.007555
0.007607
0.007595
0.007518
0.007640
0.007555
0.007504
0.007413
0.007328
0.007254
0.007190
0.007098
0.007007
0.007047
0.006952
0.006865
0.006774
0.006688
0.006606
0.006545
0.006458
0.006467
0.006381
0.006322
0.006239
0.006162
0.006084
0.006020
0.005985
0.005955
0.005918
0.005994
0.005982
0.005951
0.005971
0.005961
0.005934
0.006062
0.006032
0.006019
0.005991
0.005971
0.006590
0.006772
0.006802
0.006769
0.006751
0.006728
0.006702
0.006684
0.006650
0.006615
0.006577
0.006535
0.006765
0.006707
0.006771
0.006743
0.006783
0.006803
0.006890
0.006852
0.006820
0.006778
0.006739
0.006696
0.006653
0.007102
0.007068
0.007054
0.007021
0.006991
0.006992
0.006990
0.006953
0.006915
0.006925
0.006883
0.006914
0.006939
0.006897
0.006940
0.006894
0.006912
0.006882
0.006891
0.006851
0.006812
0.006775
0.006732
0.006687
0.006639
0.006650
0.006597
0.006565
0.006513
0.006469
0.006421
0.006371
0.006319
0.006265
0.006211
0.006179
0.006124
0.006069
0.006011
0.006027
0.005994
0.005940
0.005888
0.005891
0.005841
0.005798
0.005746
0.005695
0.005643
0.005591
0.005580
0.005527
0.005475
0.005440
0.005414
0.005359
0.005305
0.005249
0.005193
0.005136
0.005178
0.005125
0.005075
0.005036
0.005107
0.005048
0.005004
0.004947
0.004895
0.004841
0.004787
0.004732
0.004689
0.004671
0.004632
0.004598
0.004595
0.004558
0.004549
0.004539
0.004502
0.004465
0.004426
0.004387
0.004347
0.004307
0.004265
0.004291
0.004287
0.004264
0.004311
0.004269
0.004239
0.004198
0.004159
0.004125
0.004084
0.004043
0.004000
0.003956
0.003912
0.003902
0.003855
0.003812
0.003765
0.003719
0.003674
0.003630
0.003584
0.003572
0.003525
0.003481
0.003435
0.003391
0.003345
0.003299
0.003303
0.003255
0.003214
0.003246
0.003209
0.003213
0.003170
0.003182
0.003156
0.003119
0.003136
0.003094
0.003060
0.003091
0.003076
0.003040
0.003099
0.003056
0.003022
0.003065
0.003021
0.002986
0.002944
0.002904
0.002862
0.002892
0.002859
0.002827
0.002793
0.002759
0.002724
0.002796
0.002754
0.002758
0.002754
0.002725
0.002692
0.002720
0.002685
0.002663
0.002672
0.002703
0.002669
0.002925
0.002877
0.002869
0.002831
0.002818
0.003247
0.003201
0.003312
0.003270
0.003250
0.003215
0.003181
0.003142
0.003102
0.003058
0.003012
0.002964
0.002913
0.002860
0.002847
0.002884
0.002834
0.002796
0.002745
0.002705
0.002651
0.002769
0.002723
0.002701
0.002649
0.002601
0.002550
0.002500
0.002465
0.002413
0.002365
0.002314
0.002353
0.002302
0.002289
0.002239
0.002198
0.002185
0.002145
0.002107
0.002068
0.002133
0.002231
0.002199
0.002176
0.002140
0.002107
0.002147
0.002128
0.002150
0.002112
0.002097
0.002089
0.002053
0.002332
0.002296
0.002286
0.002246
0.002213
0.002177
0.002158
0.002118
0.002113
0.002088
0.002051
0.002011
0.001972
0.001969
0.001927
0.001887
0.001845
0.001803
0.001762
0.001721
0.001681
0.001640
0.001611
0.001571
0.001535
0.001505
0.001471
0.001460
0.001425
0.001393
0.001456
0.001431
0.001411
0.001387
0.001364
0.001341
0.001319
0.001296
0.001274
0.003806
0.003661
0.003838
0.003770
0.003922
0.003903
0.003909
0.003881
0.003975
0.003979
0.004443
0.004392
0.004370
0.004331
0.004372
0.004298
0.004229
0.004143
0.004062
0.003966
0.003866
0.003761
0.005743
0.005547
0.005598
0.005445
0.005352
0.005227
0.005166
0.005057
0.004922
0.004775
0.004624
0.004487
0.004439
0.004271
0.004130
0.003958
0.003793
0.003620
0.003448
0.003288
0.003177
0.003063
0.002947
0.002828
0.002817
0.002808
0.004348
0.004246
0.004290
0.004299
0.004263
0.004213
0.004156
0.004100
0.004035
0.003965
0.003896
0.003817
0.003749
0.003714
0.003637
0.003587
0.003503
0.003464
0.003374
0.003307
0.003238
0.003143
0.003048
0.002949
0.002850
0.002751
0.002649
0.002545
0.002440
0.002335
0.002228
0.002122
0.002081
0.003277
0.003245
0.003257
0.003296
0.003284
0.003245
0.003208
0.003180
0.003135
0.003088
0.003037
0.003024
0.002966
0.002909
0.002846
0.002788
0.002751
0.003461
0.003483
0.003506
0.003482
0.003663
0.003634
0.003627
0.003646
0.003617
0.003641
0.003626
0.003591
0.003551
0.003507
0.003459
0.003407
0.003352
0.003393
0.003335
0.003279
0.003216
0.007381
0.007230
0.007567
0.007510
0.007561
0.007569
0.007558
0.007523
0.007474
0.007448
0.007368
0.008454
0.008353
0.008347
0.008246
0.008161
0.008053
0.007937
0.007808
0.007667
0.007515
0.007353
0.007183
0.007047
0.006860
0.006672
0.006474
0.006347
0.006136
0.008082
0.007992
0.008527
0.008526
0.008513
0.008476
0.008454
0.008401
0.008341
0.008275
0.008919
0.008915
0.008898
0.008878
0.008881
0.008859
0.008823
0.008827
0.012702
0.012483
0.012942
0.012830
0.012833
0.012774
0.012716
0.012637
0.012539
0.012431
0.012312
0.013035
0.012947
0.012888
0.012788
0.012715
0.012611
0.012490
0.012385
0.012246
0.012101
0.011948
0.011792
0.011649
0.011501
0.011386
0.011599
0.011469
0.011392
0.011263
0.011698
0.011582
0.011511
0.011397
0.011317
0.011238
0.011172
0.011305
0.011273
0.011235
0.011191
0.011163
0.011249
0.011302
0.011388
0.011431
0.011476
0.011527
0.011563
0.011595
0.011624
0.011649
0.012004
0.012009
0.012068
0.012260
0.012307
0.012418
0.012484
0.012799
0.012837
0.012906
0.012971
0.013006
0.013037
0.013060
0.013078
0.013091
0.013212
0.013212
0.013218
0.013211
0.013201
0.013421
0.013421
0.013426
0.013419
0.013410
0.013397
0.013379
0.013358
0.013338
0.013309
0.013282
0.013255
0.013441
0.013418
0.013403
0.013377
0.013353
0.013325
0.013295
0.013261
0.013223
0.013222
0.013180
0.013136
0.013088
0.013212
0.013162
0.013121
0.013072
0.014128
0.014057
0.014371
0.014304
0.014487
0.014423
0.014388
0.014346
0.014297
0.014237
0.014269
0.014171
0.014113
0.014001
0.013888
0.013834
0.013710
0.013820
0.013684
0.013566
0.013421
0.013308
0.013157
0.013005
0.012844
0.013119
0.013256
0.013129
0.013007
0.012908
0.012772
0.012632
0.012487
0.012342
0.012322
0.012178
0.012036
0.011887
0.011887
0.011727
0.011586
0.011426
0.011268
0.011109
0.010953
0.010949
0.010889
0.010835
0.010682
0.010533
0.010404
0.010377
0.010242
0.010160
0.010026
0.010140
0.010025
0.009907
0.009779
0.009649
0.009515
0.009377
0.009253
0.009107
0.008961
0.008883
0.008773
0.008626
0.008483
0.008326
0.008169
0.008007
0.007952
0.007787
0.007760
0.007689
0.007557
0.007433
0.007302
0.007228
0.007093
0.006960
0.006852
0.006718
0.006582
0.006446
0.006313
0.006193
0.006062
0.005932
0.005807
0.005682
0.006130
0.006165
0.006066
0.006114
0.006120
0.006010
0.005910
0.005927
0.005811
0.005702
0.005594
0.005629
0.005523
0.005479
0.005464
0.005390
0.005319
0.005239
0.005160
0.005163
0.005183
0.005346
0.005271
0.005312
0.005239
0.005176
0.005103
0.005030
0.004958
0.004886
0.004825
0.004749
0.004673
0.004682
0.004700
0.004637
0.004583
0.004545
0.004609
0.004563
0.004522
0.004595
0.004591
0.004558
0.004543
0.004505
0.004470
0.004549
0.004502
0.004474
0.004438
0.004495
0.004456
0.005309
0.005294
0.005315
0.005313
0.005309
0.005399
0.005393
0.005389
0.005376
0.005418
0.005402
0.005387
0.005364
0.005338
0.005761
0.005743
0.005755
0.005741
0.005805
0.005799
0.005800
0.006765
0.006708
0.006770
0.006870
0.006899
0.007009
0.007019
0.007244
0.007442
0.007487
0.007563
0.007598
0.007855
0.007879
0.008050
0.008289
0.008318
0.008365
0.008389
0.008559
0.008574
0.008598
0.008656
0.011206
0.011124
0.011309
0.011326
0.011405
0.011625
0.011770
0.011772
0.011768
0.011739
0.011752
0.011807
0.011814
0.011778
0.011705
0.011622
0.011525
0.011457
0.011342
0.011221
0.011088
0.010998
0.010853
0.010703
0.010546
0.010393
0.010224
0.010053
0.009877
0.010197
0.010022
0.009893
0.009818
0.009691
0.009535
0.009377
0.009339
0.009185
0.009034
0.008877
0.008788
0.008670
0.008627
0.008490
0.008345
0.008365
0.008222
0.008521
0.008987
0.009124
0.009580
0.009561
0.009553
0.009601
0.010830
0.010760
0.010793
0.010736
0.010715
0.010671
0.010607
0.010534
0.010450
0.010357
0.010256
0.010147
0.010030
0.009918
0.009788
0.009705
0.009596
0.009950
0.009847
0.009760
0.009657
0.009650
0.009547
0.009550
0.010347
0.010188
0.010158
0.010021
0.009982
0.009862
0.009783
0.009663
0.009543
0.009419
0.009377
0.009330
0.009267
0.009179
0.009066
0.008953
0.009121
0.009019
0.009382
0.009266
0.009200
0.009094
0.009138
0.009105
0.009037
0.009070
0.009022
0.009255
0.009177
0.009125
0.009206
0.009134
0.009072
0.008997
0.008925
0.011389
0.011319
0.011443
0.011778
0.011795
0.011849
0.011859
0.012023
0.012009
0.012054
0.012174
0.012156
0.012127
0.012080
0.012157
0.012095
0.012036
0.011960
0.011917
0.011853
0.011758
0.011656
0.011637
0.011687
0.011577
0.011465
0.011341
0.011214
0.011082
0.011262
0.011128
0.011010
0.010872
0.010913
0.010925
0.010876
0.010751
0.010653
0.010530
0.010754
0.010708
0.010613
0.010516
0.010404
0.010288
0.010218
0.010120
0.010040
0.009917
0.009791
0.009662
0.009530
0.009430
0.009292
0.009160
0.009024
0.010142
0.010488
0.010458
0.010733
0.012436
0.012365
0.012409
0.012335
0.012298
0.012436
0.012459
0.012375
0.012284
0.012238
0.012116
0.012343
0.012209
0.012108
0.011958
0.011811
0.011682
0.011636
0.011503
0.011371
0.011234
0.011094
0.010994
0.010858
0.010710
0.010571
0.010414
0.010266
0.010213
0.010056
0.009901
0.009884
0.011790
0.011868
0.011864
0.011809
0.011793
0.011773
0.011722
0.011701
0.011690
0.011642
0.011592
0.011534
0.011471
0.012249
0.012227
0.012239
0.012195
0.012374
0.012318
0.012282
0.012217
0.012154
0.012136
0.012057
0.011975
0.011882
0.013327
0.013154
0.013185
0.013111
0.013041
0.012942
0.012840
0.012723
0.012597
0.012462
0.012741
0.012611
0.012562
0.012428
0.012295
0.012151
0.012420
0.012313
0.012241
0.012131
0.012016
0.011896
0.011772
0.011671
0.011541
0.011412
0.011277
0.011222
0.011088
0.010963
0.010860
0.010713
0.010593
0.010450
0.010314
0.010177
0.010091
0.010055
0.009922
0.009789
0.009710
0.009579
0.009520
0.009426
0.009629
0.009526
0.009514
0.009440
0.009353
0.009263
0.009170
0.009076
0.008979
0.008896
0.008831
0.009176
0.009101
0.009035
0.008947
0.008863
0.008782
0.009097
0.009018
0.008962
0.008891
0.008857
0.008815
0.008741
0.008665
0.008595
0.008512
0.008427
0.009054
0.008954
0.008917
0.008829
0.008787
0.009813
0.009730
0.009733
0.009625
0.009552
0.009463
0.009463
0.009354
0.009257
0.009138
0.009016
0.008887
0.008763
0.008626
0.008849
0.008721
0.008608
0.008477
0.008459
0.008336
0.008218
0.008099
0.008057
0.007923
0.007906
0.007783
0.007673
0.007554
0.007436
0.007404
0.007282
0.007174
0.007089
0.006970
0.006982
0.006901
0.006798
0.007221
0.007122
0.007062
0.006973
0.006902
0.006824
0.006861
0.006784
0.006731
0.006854
0.006807
0.006757
0.006855
0.006825
0.006820
0.006769
0.006719
0.006664
0.006607
0.006547
0.006491
0.006452
0.006385
0.006322
0.006259
0.006269
0.006206
0.006145
0.006079
0.006046
0.005982
0.005918
0.005851
0.005783
0.005712
0.005638
0.005562
0.005484
0.005403
0.005342
0.005259
0.005201
0.005115
0.005031
0.004942
0.004870
0.004815
0.004728
0.004642
0.004555
0.004466
0.004376
0.004286
0.004301
0.004241
0.004168
0.004093
0.004034
0.004097
0.004590
0.004602
0.004571
0.004521
0.004472
0.004418
0.004366
0.004324
0.004267
0.004209
0.004185
0.004119
0.004055
0.003985
0.003952
0.003882
0.003815
0.003744
0.003712
0.003646
0.003581
0.003516
0.003448
0.003379
0.003307
0.003325
0.003409
0.003817
0.003861
0.003821
0.003739
0.003687
0.003602
0.003521
0.003441
0.003354
0.003294
0.003204
0.003323
0.003231
0.003156
0.003063
0.002974
0.005886
0.005652
0.005794
0.005716
0.005777
0.005688
0.005610
0.005618
0.005510
0.005403
0.005284
0.005158
0.005035
0.004894
0.004748
0.004597
0.004441
0.004280
0.004113
0.003943
0.003774
0.003611
0.003501
0.003330
0.003171
0.003004
0.002860
0.002776
0.002817
0.002678
0.002543
0.003809
0.003734
0.003720
0.003662
0.003612
0.003560
0.003591
0.003534
0.003514
0.003458
0.003404
0.003347
0.003289
0.003229
0.003208
0.003473
0.003513
0.003653
0.003594
0.003553
0.003494
0.003517
0.003553
0.003488
0.003429
0.003356
0.003284
0.003209
0.003132
0.003052
0.002974
0.002890
0.003054
0.002963
0.002893
0.002804
0.002717
0.002630
0.002541
0.003870
0.003714
0.003812
0.003779
0.003718
0.003633
0.003747
0.003659
0.003605
0.003509
0.003415
0.003583
0.003501
0.003453
0.003372
0.003299
0.003216
0.003132
0.003325
0.003236
0.003253
0.003170
0.003392
0.003303
0.003240
0.003154
0.003073
0.003010
0.003022
0.002960
0.002880
0.003180
0.003190
0.003125
0.003120
0.003099
0.003084
0.003011
0.002937
0.002861
0.002783
0.002729
0.002675
0.002632
0.002589
0.002567
0.002518
0.002626
0.002582
0.002544
0.002498
0.002496
0.002449
0.002403
0.002352
0.002300
0.002247
0.002197
0.002183
0.002129
0.002077
0.002033
0.001977
0.001920
0.001862
0.001813
0.001838
0.001782
0.001798
0.001745
0.001699
0.001649
0.001647
0.001597
0.001556
0.001506
0.001457
0.001407
0.001373
0.001385
0.001354
0.001326
0.001307
0.001280
0.001267
0.001239
0.001318
0.001291
0.001302
0.001297
0.001276
0.001252
0.001443
0.001438
0.001425
0.001621
0.001592
0.001594
0.001632
0.001611
0.001591
0.001567
0.001569
0.001543
0.001616
0.001587
0.001567
0.001537
0.001509
0.001479
0.001448
0.001416
0.001403
0.001368
0.001339
0.001305
0.001356
0.001324
0.001299
0.001321
0.001293
0.001340
0.001476
0.001453
0.001651
0.001620
0.001618
0.001607
0.001587
0.001566
0.001543
0.001518
0.001491
0.001464
0.001440
0.001503
0.001595
0.001700
0.001682
0.001784
0.001762
0.001765
0.001748
0.001734
0.001714
0.001779
0.001760
0.001745
0.001725
0.001705
0.001685
0.001664
0.001641
0.001616
0.001634
0.001605
0.001630
0.001600
0.001701
0.003340
0.003237
0.003358
0.003301
0.003301
0.003270
0.003240
0.003201
0.003156
0.003106
0.003071
0.003020
0.002998
0.002932
0.003421
0.003388
0.003384
0.003375
0.003348
0.003321
0.003316
0.003280
0.003269
0.003225
0.003302
0.003243
0.003201
0.003142
0.003086
0.003024
0.002960
0.002894
0.002860
0.002788
0.002720
0.002648
0.002573
0.002522
0.002444
0.002368
0.002289
0.002213
0.002132
0.002207
0.002289
0.002215
0.002154
0.002109
0.002041
0.001989
0.001921
0.001863
0.001815
0.001766
0.001717
0.001667
0.001616
0.001565
0.001515
0.001502
0.001452
0.001404
0.001353
0.001498
0.001439
0.001468
0.001409
0.001368
0.001347
0.001299
0.001249
0.001198
0.001145
0.001112
0.001266
0.001222
0.001202
0.001163
0.001129
0.001091
0.001246
0.001214
0.001213
0.001237
0.001209
0.001183
0.001152
0.001121
0.001089
0.001056
0.001022
0.001014
0.000976
0.000942
0.000904
0.000900
0.000861
0.000928
0.000897
0.000872
0.000846
0.000818
0.000801
0.000774
0.000749
0.000726
0.000742
0.000761
0.000865
0.000854
0.000852
0.000844
0.000838
0.000831
0.000919
0.000911
0.000913
0.000911
0.000913
0.001904
0.001883
0.001975
0.001974
0.001994
0.002002
0.002010
0.002013
0.002013
0.002009
0.002002
0.001991
0.002275
0.002287
0.002311
0.002325
0.002338
0.002348
0.002357
0.002364
0.002367
0.002368
0.002367
0.002363
0.002356
0.002347
0.002335
0.002498
0.002474
0.002470
0.002446
0.002455
0.002454
0.002498
0.002469
0.003470
0.003426
0.003468
0.003549
0.003665
0.003637
0.003815
0.003776
0.003953
0.003942
0.003941
0.003927
0.003945
0.003919
0.003893
0.004239
0.004225
0.004219
0.004198
0.004179
0.004151
0.004119
0.004082
0.004070
0.004023
0.003977
0.004023
0.003970
0.004078
0.004226
0.004345
0.004323
0.004301
0.004273
0.004246
0.004217
0.004185
0.004150
0.004113
0.004073
0.004032
0.003992
0.003957
0.003916
0.003872
0.003846
0.003800
0.003752
0.003704
0.003936
0.003897
0.003883
0.003847
0.003817
0.003781
0.003744
0.003704
0.003663
0.003619
0.003573
0.003527
0.003477
0.003425
0.003372
0.003427
0.003381
0.003338
0.003489
0.003463
0.003440
0.003424
0.003396
0.003536
0.003498
0.003480
0.003444
0.003448
0.003418
0.003390
0.003357
0.003323
0.003287
0.003248
0.003208
0.003178
0.003134
0.004369
0.004224
0.004285
0.004183
0.004138
0.004064
0.004004
0.003942
0.003859
0.003773
0.003682
0.003588
0.003491
0.003390
0.003381
0.003351
0.003253
0.003499
0.003410
0.003355
0.003282
0.003215
0.003168
0.003134
0.003065
0.002996
0.002929
0.002858
0.002809
0.002735
0.002665
0.002592
0.002521
0.002449
0.002379
0.002308
0.002241
0.002200
0.003880
0.004185
0.004276
0.004193
0.004156
0.004089
0.004027
0.003951
0.003870
0.003782
0.004290
0.004181
0.004133
0.004031
0.003953
0.003853
0.003760
0.003655
0.005014
0.004841
0.004841
0.004707
0.004615
0.004500
0.004665
0.004531
0.005947
0.005745
0.005740
0.005581
0.005467
0.005587
0.005443
0.005313
0.005160
0.005006
0.004868
0.004739
0.004603
0.004461
0.004763
0.004590
0.004469
0.004303
0.004147
0.003982
0.003819
0.003658
0.003497
0.003331
0.003411
0.003263
0.003733
0.003584
0.003493
0.003359
0.003669
0.003514
0.003422
0.006548
0.006287
0.006443
0.006282
0.006218
0.006115
0.006007
0.005903
0.005781
0.005679
0.005563
0.005435
0.005304
0.005155
0.005656
0.005518
0.005602
0.005435
0.005498
0.005566
0.005418
0.005311
0.005139
0.004966
0.004785
0.004703
0.004523
0.004459
0.004272
0.004090
0.003968
0.003778
0.003594
0.003405
0.003254
0.003064
0.002881
0.002694
0.002512
0.002331
0.002191
0.002513
0.003073
0.003039
0.003038
0.003004
0.003015
0.002993
0.002966
0.002933
0.002923
0.002907
0.003048
0.002994
0.002958
0.002901
0.002846
0.002878
0.002819
0.002761
0.002701
0.002639
0.002574
0.003161
0.003240
0.003406
0.003349
0.003299
0.003300
0.003240
0.004703
0.005152
0.005167
0.005255
0.005192
0.005149
0.005327
0.005323
0.005300
0.005273
0.005240
0.005412
0.005368
0.005338
0.005290
0.005260
0.005243
0.005196
0.005541
0.005502
0.005481
0.005453
0.005436
0.005408
0.005380
0.005350
0.005320
0.005971
0.005929
0.006289
0.006253
0.006289
0.006263
0.006245
0.006215
0.006181
0.006267
0.006235
0.006215
0.006733
0.006852
0.006873
0.006853
0.006949
0.006931
0.006991
0.006952
0.006972
0.006925
0.006885
0.006833
0.008148
0.008022
0.008087
0.008914
0.008854
0.008866
0.009047
0.009057
0.009171
0.009201
0.009184
0.009151
0.009112
0.009068
0.009019
0.008998
0.008952
0.008891
0.008921
0.008976
0.008926
0.008961
0.008907
0.008853
0.008796
0.008744
0.008699
0.008651
0.008606
0.008558
0.008511
0.008460
0.008419
0.008363
0.008306
0.008326
0.008344
0.008284
0.008349
0.008297
0.008249
0.008195
0.008140
0.008083
0.008274
0.008217
0.008181
0.008189
0.008177
0.008126
0.008078
0.008050
0.008019
0.008001
0.008120
0.008107
0.008097
0.008138
0.008135
0.008475
0.008757
0.008774
0.010546
0.010454
0.010581
0.010534
0.010550
0.010532
0.010659
0.010632
0.010605
0.010874
0.010825
0.010795
0.010810
0.010753
0.010694
0.011141
0.011064
0.011046
0.011132
0.011291
0.011235
0.011184
0.011114
0.011044
0.011140
0.011051
0.010985
0.010893
0.010803
0.010705
0.010604
0.010623
0.010525
0.010452
0.010456
0.010410
0.010500
0.010420
0.010327
0.010228
0.010127
0.010031
0.009972
0.010008
0.009943
0.009947
0.009958
0.009886
0.009820
0.009743
0.009667
0.009587
0.009504
0.009418
0.009330
0.009239
0.009812
0.009687
0.009644
0.009535
0.009449
0.009354
0.009263
0.009187
0.009131
0.009176
0.009091
0.009022
0.008993
0.008913
0.008830
0.008800
0.008708
0.008621
0.008590
0.008543
0.008449
0.008578
0.008475
0.008390
0.008288
0.008793
0.008682
0.008635
0.008537
0.008455
0.008362
0.008304
0.008208
0.008530
0.008456
0.008425
0.008348
0.008277
0.008201
0.008142
0.008064
0.008036
0.007965
0.007986
0.008455
0.008363
0.008336
0.008370
0.008450
0.008399
0.008337
0.009393
0.010311
0.010339
0.010305
0.010312
0.010251
0.010181
0.010102
0.010014
0.009928
0.009824
0.009792
0.009672
0.009555
0.009426
0.009293
0.009176
0.009034
0.008892
0.008744
0.008594
0.008591
0.008431
0.008289
0.008257
0.008093
0.007956
0.007843
0.007694
0.007548
0.007399
0.007250
0.007103
0.006986
0.006840
0.006708
0.006628
0.006568
0.006479
0.006514
0.006461
0.006465
0.006843
0.006736
0.006675
0.006571
0.006479
0.006394
0.007451
0.007336
0.007320
0.007225
0.007148
0.007058
0.007088
0.007004
0.006918
0.006812
0.006923
0.006837
0.006737
0.006615
0.006766
0.006617
0.006507
0.006389
0.006248
0.006412
0.006316
0.006273
0.006366
0.006353
0.006312
0.006355
0.006200
0.006068
0.005913
0.005763
0.005608
0.005450
0.005296
0.005144
0.004990
0.004958
0.004797
0.004671
0.004513
0.004380
0.004442
0.004297
0.004165
0.004021
0.003879
0.003734
0.003592
0.003468
0.003333
0.003201
0.003116
0.003299
0.003220
0.003405
0.004470
0.004354
0.004442
0.004341
0.004995
0.004905
0.004921
0.004843
0.004776
0.004777
0.005199
0.005094
0.005156
0.005046
0.004963
0.005192
0.005109
0.005040
0.005602
0.005601
0.005572
0.005479
0.005394
0.005294
0.005189
0.005223
0.005155
0.005482
0.005620
0.005535
0.005638
0.005662
0.006014
0.005975
0.005891
0.005952
0.005843
0.005759
0.005654
0.005541
0.005421
0.005345
0.005237
0.005129
0.005015
0.004901
0.004787
0.004687
0.004585
0.004523
0.004409
0.004294
0.004186
0.004089
0.004007
0.003909
0.003811
0.003800
0.003706
0.003623
0.003545
0.003718
0.003631
0.003574
0.003492
0.003461
0.003382
0.003308
0.003331
0.003267
0.003209
0.003145
0.003075
0.003004
0.002946
0.002888
0.003207
0.003969
0.003916
0.004676
0.004820
0.004858
0.004841
0.004780
0.004712
0.004635
0.004640
0.004555
0.004471
0.004376
0.004275
0.004217
0.004231
0.004225
0.004119
0.004054
0.004434
0.004350
0.004356
0.004445
0.004428
0.004350
0.004337
0.004253
0.004167
0.004079
0.003991
0.003901
0.003811
0.003717
0.003642
0.004273
0.004189
0.004145
0.004059
0.004192
0.004124
0.004038
0.003929
0.003829
0.003736
0.003684
0.003645
0.003550
0.003867
0.003768
0.003701
0.003610
0.003704
0.003617
0.003844
0.003740
0.003813
0.003711
0.003630
0.003547
0.007957
0.007645
0.008048
0.008387
0.008382
0.008322
0.008231
0.008124
0.012579
0.012222
0.012958
0.012733
0.012656
0.012485
0.012329
0.012292
0.012640
0.012408
0.012186
0.012056
0.011831
0.013164
0.012786
0.012719
0.012345
0.012032
0.012691
0.012345
0.012014
0.011579
0.011204
0.010765
0.010318
0.009970
0.009501
0.009040
0.008563
0.008088
0.007613
0.007291
0.006852
0.006435
0.006091
0.006031
0.006061
0.005757
0.007115
0.006842
0.006724
0.006492
0.007109
0.007720
0.007951
0.007951
0.008100
0.008036
0.007992
0.007911
0.007856
0.007753
0.007643
0.007576
0.007451
0.007465
0.009456
0.009489
0.009524
0.009354
0.009305
0.009157
0.009033
0.008948
0.008787
0.008611
0.008419
0.008401
0.008208
0.008063
0.007858
0.007649
0.007432
0.007212
0.006988
0.006759
0.006526
0.006291
0.006059
0.006264
0.006080
0.005876
0.005648
0.005424
0.005209
0.005094
0.004966
0.004796
0.004641
0.004508
0.004360
0.004213
0.004232
0.004077
0.003942
0.003811
0.003665
0.004268
0.004153
0.004330
0.004281
0.005734
0.005604
0.005674
0.005608
0.005567
0.005877
0.005800
0.005759
0.005681
0.005696
0.007671
0.007476
0.007570
0.007507
0.007426
0.007300
0.009668
0.009402
0.009441
0.009851
0.009739
0.009628
0.009512
0.009660
0.009491
0.009354
0.009174
0.008976
0.008763
0.008540
0.008307
0.008065
0.007821
0.007572
0.007383
0.007511
0.007420
0.007227
0.006987
0.006880
0.006683
0.006452
0.006214
0.006184
0.006386
0.006189
0.006183
0.005979
0.005818
0.005813
0.005642
0.005483
0.005372
0.005192
0.005020
0.004839
0.004664
0.004502
0.004385
0.004265
0.004858
0.004718
0.004643
0.004519
0.004441
0.004327
0.004250
0.004130
0.004203
0.004067
0.003957
0.003826
0.003710
0.003590
0.003593
0.003572
0.003491
0.003403
0.003316
0.003226
0.003137
0.006711
0.006705
0.006906
0.007066
0.007139
0.007126
0.007134
0.007339
0.007315
0.007255
0.008268
0.008220
0.009229
0.009062
0.009055
0.008897
0.008824
0.008671
0.008516
0.008350
0.008212
0.008015
0.008059
0.007880
0.007718
0.007537
0.007355
0.007167
0.006976
0.006822
0.006627
0.006435
0.006238
0.006041
0.005844
0.005648
0.006282
0.006122
0.006005
0.005834
0.005683
0.005527
0.005463
0.005463
0.005425
0.005484
0.005429
0.005496
0.005448
0.006551
0.006491
0.006520
0.006473
0.006455
0.006418
0.006378
0.006331
0.006279
0.006326
0.006715
0.006670
0.006695
0.006761
0.007308
0.007319
0.009681
0.009569
0.009755
0.009873
0.009899
0.009894
0.010028
0.009999
0.009997
0.009949
0.010236
0.010294
0.010262
0.012754
0.012577
0.012714
0.012595
0.012547
0.012469
0.012401
0.012355
0.012232
0.012519
0.012755
0.012775
0.012977
0.012923
0.013304
0.013207
0.013139
0.013014
0.012962
0.012971
0.012904
0.012772
0.012651
0.012524
0.012375
0.012283
0.012121
0.011970
0.011809
0.011703
0.011595
0.011523
0.011552
0.011450
0.011728
0.011764
0.011680
0.011592
0.011484
0.011401
0.011697
0.011619
0.011606
0.011565
0.011529
0.011484
0.011453
0.011465
0.011484
0.011427
0.011371
0.011310
0.011248
0.011180
0.013283
0.013217
0.013308
0.013481
0.013467
0.013453
0.013419
0.013381
0.013345
0.013307
0.013534
0.013499
0.013465
0.013400
0.013338
0.013267
0.013194
0.013112
0.013025
0.012935
0.013474
0.013429
0.013403
0.014140
0.014096
0.014103
0.014034
0.013982
0.013923
0.013872
0.013850
0.014111
0.014155
0.014090
0.014033
0.014976
0.016053
0.016129
0.016193
0.016231
0.016269
0.016297
0.016340
0.016356
0.016366
0.017727
0.017717
0.018063
0.018070
0.018148
0.018313
0.018340
0.018360
0.019035
0.019018
0.019055
0.019036
0.019086
0.019058
0.019027
0.018981
0.018927
0.018863
0.018791
0.018748
0.018679
0.018602
0.018517
0.018424
0.018323
0.018214
0.018151
0.018052
0.017928
0.017854
0.017715
0.017897
0.017746
0.017999
0.018411
0.019146
0.019066
0.019045
0.018937
0.018865
0.018749
0.018655
0.018523
0.018862
0.018711
0.018597
0.018442
0.018418
0.018377
0.020248
0.020053
0.020034
0.021022
0.020892
0.021143
0.021046
0.020966
0.020879
0.020776
0.020650
0.020501
0.020354
0.020203
0.020018
0.019913
0.019703
0.019498
0.019361
0.019135
0.018911
0.018681
0.019108
0.018906
0.018755
0.018879
0.018938
0.019057
0.018893
0.018729
0.018566
0.018498
0.018307
0.018139
0.017941
0.017750
0.018935
0.018813
0.018752
0.018635
0.018528
0.018411
0.018292
0.018195
0.018072
0.017949
0.017854
0.017727
0.017596
0.017458
0.017316
0.017578
0.017407
0.017284
0.017213
0.017142
0.016993
0.016843
0.016686
0.016525
0.016359
0.016668
0.016590
0.016449
0.017158
0.017036
0.016915
0.016748
0.016590
0.016428
0.016259
0.016287
0.016140
0.016564
0.016400
0.016260
0.016130
0.015970
0.015812
0.015646
0.015478
0.017678
0.017405
0.017473
0.017287
0.017196
0.017036
0.016889
0.016832
0.016664
0.016492
0.016300
0.016188
0.016430
0.016271
0.016140
0.016018
0.015939
0.015806
0.015671
0.015528
0.016659
0.016864
0.017335
0.017207
0.017129
0.017004
0.017408
0.017253
0.018439
0.018270
0.018225
0.018812
0.018686
0.018628
0.018484
0.018348
0.018565
0.018461
0.018364
0.018249
0.018129
0.017998
0.017894
0.017805
0.017730
0.017669
0.017556
0.017438
0.017314
0.017958
0.017816
0.017734
0.017675
0.017541
0.017654
0.017509
0.017379
0.017227
0.017075
0.017244
0.017090
0.016962
0.016818
0.016780
0.016653
0.016510
0.016471
0.016321
0.016379
0.016416
0.016286
0.016364
0.016222
0.016112
0.016134
0.016003
0.015883
0.015773
0.015668
0.015563
0.015658
0.015891
0.015785
0.015848
0.015758
0.015658
0.015636
0.015526
0.016037
0.017143
0.017122
0.017122
0.017072
0.018085
0.018015
0.018397
0.018370
0.018361
0.018401
0.018363
0.018323
0.018857
0.018766
0.018741
0.018837
0.018748
0.018670
0.018572
0.018520
0.018422
0.018320
0.018375
0.018315
0.018208
0.018148
0.018200
0.018412
0.018862
0.019190
0.019181
0.019157
0.019301
0.019278
0.019258
0.019232
0.019203
0.019168
0.019130
0.019094
0.019203
0.019161
0.019122
0.019074
0.019023
0.018975
0.018918
0.018857
0.018792
0.018725
0.018654
0.018583
0.018511
0.018479
0.018418
0.018357
0.018669
0.018880
0.018931
0.018962
0.019014
0.019042
0.019270
0.019518
0.019514
0.019498
0.019476
0.019449
0.019761
0.019774
0.019875
0.019913
0.019893
0.019874
0.019842
0.019804
0.019790
0.019884
0.019845
0.019808
0.020693
0.020627
0.020642
0.020599
0.020562
0.020517
0.020471
0.020754
0.020746
0.020733
0.020949
0.020853
0.020801
0.020708
0.020623
0.020552
0.020461
0.020358
0.020248
0.020200
0.020223
0.020115
0.020005
0.019887
0.019770
0.019650
0.019527
0.019463
0.019345
0.019219
0.019088
0.018966
0.018844
0.018709
0.018573
0.018434
0.018883
0.018732
0.018634
0.018494
0.018365
0.018235
0.018528
0.018378
0.018277
0.018138
0.018051
0.017914
0.018001
0.017965
0.018148
0.018041
0.017977
0.017862
0.017767
0.017646
0.017526
0.017398
0.017306
0.017172
0.017124
0.016978
0.016846
0.016724
0.016575
0.016423
0.016418
0.016262
0.016114
0.015958
0.015804
0.015740
0.015582
0.015431
0.015277
0.015377
0.015213
0.015073
0.014913
0.014757
0.014598
0.014542
0.014380
0.014227
0.014066
0.013961
0.014010
0.013873
0.013747
0.013656
0.013532
0.013407
0.013279
0.013158
0.013188
0.013077
0.012976
0.012862
0.012926
0.012809
0.012715
0.012736
0.013030
0.012946
0.012874
0.012786
0.012733
0.013084
0.013061
0.013019
0.013034
0.013021
0.013136
0.013048
0.012978
0.012927
0.012843
0.012773
0.012683
0.012615
0.012749
0.012826
0.012748
0.012664
0.012752
0.012830
0.012756
0.013131
0.013167
0.013117
0.013055
0.012987
0.012914
0.013085
0.012998
0.012938
0.013081
0.013279
0.013232
0.013167
0.013104
0.013033
0.013331
0.013248
0.013196
0.013114
0.013095
0.013073
0.013325
0.013230
0.013461
0.013697
0.013685
0.013646
0.013627
0.013577
0.013514
0.013448
0.013376
0.013375
0.013779
0.013694
0.013646
0.013562
0.013517
0.013429
0.013340
0.013243
0.013143
0.013184
0.013079
0.012983
0.012873
0.012884
0.012769
0.012666
0.012558
0.012443
0.012360
0.012260
0.012273
0.012406
0.012289
0.012186
0.012063
0.011944
0.011821
0.011696
0.011663
0.011807
0.011719
0.011611
0.011662
0.011764
0.011661
0.011658
0.012127
0.012014
0.011946
0.011876
0.011854
0.011927
0.011831
0.011745
0.011656
0.011635
0.011537
0.011439
0.011336
0.011303
0.011276
0.011185
0.011142
0.011102
0.011138
0.012978
0.012883
0.012973
0.012917
0.012896
0.012843
0.012789
0.012738
0.012671
0.012624
0.012544
0.012459
0.012380
0.012493
0.012375
0.012281
0.012213
0.012140
0.012041
0.011915
0.011784
0.011712
0.011567
0.011427
0.011277
0.011216
0.011074
0.010965
0.010809
0.010657
0.010501
0.010344
0.010227
0.010090
0.010002
0.009948
0.009789
0.009639
0.009528
0.009372
0.009220
0.009063
0.008908
0.008805
0.008666
0.008533
0.008387
0.008251
0.008169
0.008040
0.007971
0.007896
0.007893
0.007817
0.007746
0.007670
0.007594
0.007520
0.007476
0.007422
0.007346
0.007560
0.007488
0.007432
0.007364
0.007319
0.007582
0.007503
0.007463
0.007390
0.007345
0.007325
0.007298
0.007239
0.007176
0.007107
0.007037
0.006966
0.007444
0.007361
0.007326
0.007252
0.007186
0.007113
0.007039
0.006960
0.007157
0.007083
0.007031
0.006940
0.006873
0.006783
0.006825
0.006734
0.006647
0.006553
0.006458
0.006361
0.006260
0.006157
0.006102
0.005994
0.005976
0.005864
0.005761
0.005903
0.005819
0.009241
0.009108
0.009291
0.009229
0.009252
0.009223
0.009190
0.009142
0.009082
0.009091
0.009008
0.008938
0.009082
0.008992
0.008922
0.008850
0.008959
0.008835
0.008741
0.008613
0.008613
0.008472
0.008337
0.008411
0.008292
0.008152
0.007984
0.007827
0.007654
0.007487
0.007308
0.007123
0.006934
0.006971
0.006800
0.006624
0.006443
0.006259
0.006075
0.005972
0.005789
0.005609
0.005429
0.005476
0.005301
0.005149
0.004984
0.004982
0.004821
0.004702
0.004646
0.004669
0.004649
0.004601
0.004555
0.004507
0.004483
0.004443
0.004439
0.004420
0.004492
0.004525
0.004483
0.004451
0.004848
0.004778
0.004780
0.004727
0.004869
0.004976
0.004947
0.004924
0.004885
0.004851
0.004806
0.006381
0.006257
0.006342
0.006262
0.006242
0.006184
0.006127
0.006058
0.005984
0.005959
0.005874
0.005786
0.005722
0.006114
0.005989
0.005923
0.005804
0.005710
0.005611
0.005527
0.005464
0.005357
0.005248
0.005643
0.005527
0.005452
0.005350
0.005258
0.005160
0.005061
0.004986
0.004885
0.004787
0.004686
0.004587
0.004576
0.004533
0.004743
0.004654
0.004597
0.004514
0.004528
0.004473
0.004440
0.004407
0.004363
0.004318
0.004268
0.004217
0.004181
0.004165
0.004182
0.004133
0.004221
0.004166
0.004184
0.004131
0.004085
0.004145
0.004087
0.004041
0.003982
0.003926
0.003866
0.003852
0.003898
0.003831
0.003777
0.003976
0.003918
0.003898
0.003852
0.003802
0.003749
0.003696
0.003704
0.003656
0.003604
0.003825
0.003763
0.003955
0.004053
0.004032
0.004007
0.003969
0.003929
0.006199
0.006125
0.006261
0.006234
0.006262
0.006260
0.006254
0.006239
0.006215
0.006264
0.006561
0.006497
0.006509
0.006441
0.006426
0.006450
0.006490
0.006470
0.006397
0.006320
0.006245
0.006153
0.006056
0.005952
0.005844
0.005762
0.005863
0.006408
0.006347
0.006351
0.006278
0.006219
0.006147
0.006258
0.006242
0.006185
0.006148
0.006239
0.006182
0.006130
0.007195
0.007051
0.007086
0.006979
0.006924
0.006844
0.006770
0.006704
0.006685
0.006610
0.006576
0.006616
0.006582
0.006551
0.007218
0.007162
0.007170
0.007126
0.007093
0.007053
0.007021
0.007000
0.006968
0.006920
0.006881
0.006829
0.007096
0.007025
0.006995
0.006936
0.006922
0.006913
0.006871
0.006828
0.006781
0.006734
0.006821
0.006798
0.006781
0.006818
0.006797
0.006778
0.006839
0.006816
0.006849
0.006824
0.006820
0.006794
0.006769
0.006749
0.006742
0.006714
0.006685
0.006688
0.006655
0.006626
0.006610
0.006576
0.006544
0.006511
0.006603
0.006575
0.006559
0.006585
0.006582
0.006606
0.006657
0.006708
0.006732
0.006818
0.006808
0.006846
0.006835
0.006864
0.007079
0.007068
0.007075
0.007063
0.007183
0.007167
0.007193
0.007178
0.007239
0.007223
0.007212
0.007192
0.007172
0.007174
0.007151
0.007150
0.007125
0.007105
0.007527
0.007751
0.007758
0.007743
0.007724
0.007805
0.007814
0.007799
0.007877
0.007846
0.007822
0.007838
0.008000
0.007963
0.007942
0.007904
0.009694
0.009519
0.009634
0.009536
0.009504
0.009474
0.010096
0.009975
0.009959
0.009862
0.009820
0.009713
0.011694
0.011535
0.011584
0.011479
0.011467
0.011394
0.011443
0.011327
0.011210
0.011080
0.010998
0.010899
0.010757
0.010617
0.010476
0.010331
0.010241
0.011012
0.010882
0.010792
0.010710
0.010589
0.010523
0.010420
0.010392
0.010367
0.010415
0.010332
0.010261
0.010175
0.010899
0.010860
0.010834
0.010809
0.010769
0.010717
0.010670
0.010627
0.010564
0.010587
0.010579
0.010518
0.010456
0.010407
0.010342
0.010275
0.010283
0.010210
0.010165
0.010133
0.010060
0.009987
0.009923
0.010137
0.010241
0.010172
0.010140
0.010061
0.009989
0.009907
0.011117
0.011027
0.011045
0.010966
0.010983
0.011425
0.011384
0.011371
0.011326
0.011331
0.011280
0.011230
0.011247
0.011188
0.011168
0.011105
0.011041
0.010971
0.010963
0.010888
0.010951
0.010886
0.010825
0.010789
0.010810
0.010736
0.010670
0.010591
0.010519
0.010439
0.010380
0.010300
0.010219
0.010201
0.010207
0.011177
0.011118
0.011118
0.011092
0.011066
0.011109
0.011078
0.011044
0.011003
0.011129
0.011090
0.011047
0.011072
0.011030
0.011047
0.011801
0.011761
0.011776
0.011759
0.011736
0.011703
0.011666
0.011743
0.011700
0.011659
0.011606
0.011551
0.011490
0.011564
0.011493
0.011461
0.011388
0.011432
0.011359
0.011291
0.012252
0.012123
0.012146
0.012040
0.011989
0.011896
0.011811
0.011713
0.011609
0.011499
0.011426
0.011325
0.011217
0.011120
0.011244
0.012053
0.012296
0.012210
0.012183
0.012082
0.012358
0.012198
0.012066
0.011988
0.011960
0.011794
0.011623
0.011436
0.011303
0.011112
0.010971
0.010778
0.010747
0.010618
0.010887
0.010860
0.010697
0.010524
0.010335
0.010390
0.010188
0.010005
0.009871
0.009698
0.009569
0.009400
0.009253
0.009106
0.008957
0.008779
0.008599
0.008420
0.008407
0.008267
0.008106
0.007998
0.007830
0.007702
0.007591
0.007558
0.007437
0.007315
0.007269
0.007151
0.007023
0.006884
0.006757
0.006629
0.006494
0.006366
0.006244
0.006120
0.006098
0.005988
0.005879
0.005766
0.005652
0.005537
0.005424
0.005330
0.005473
0.005385
0.005392
0.005312
0.005261
0.005264
0.005220
0.005184
0.005108
0.005041
0.005042
0.004966
0.004895
0.004817
0.004793
0.004762
0.004733
0.004807
0.004736
0.004677
0.004624
0.004692
0.004677
0.004618
0.004633
0.004571
0.004716
0.004703
0.005082
0.004992
0.004971
0.004998
0.004949
0.004892
0.004819
0.004745
0.004666
0.004584
0.004499
0.004411
0.004320
0.004227
0.004135
0.004044
0.003951
0.003858
0.003767
0.003669
0.003628
0.003695
0.003604
0.003524
0.003556
0.003472
0.003708
0.003642
0.003590
0.003551
0.003482
0.003412
0.003386
0.003344
0.003282
0.003266
0.003189
0.003128
0.003066
0.003088
0.003079
0.003015
0.002990
0.002919
0.002854
0.002787
0.002715
0.002920
0.002853
0.002816
0.002755
0.002700
0.002642
0.002584
0.002559
0.002500
0.002480
0.002418
0.002841
0.002767
0.002740
0.002697
0.002668
0.002610
0.002618
0.002558
0.002508
0.002633
0.002587
0.002540
0.002481
0.002447
0.002388
0.002380
0.002473
0.002433
0.002385
0.002529
0.002461
0.002419
0.002353
0.002315
0.002251
0.002369
0.002312
0.002262
0.002206
0.002196
0.002158
0.002103
0.002045
0.002004
0.001954
0.002167
0.002117
0.002090
0.002030
0.001978
0.002050
0.001990
0.001945
0.001889
0.001839
0.001819
0.001799
0.001754
0.001698
0.001641
0.001583
0.001595
0.001627
0.001578
0.001533
0.001506
0.001458
0.001424
0.001653
0.001594
0.001600
0.001660
0.001615
0.001573
0.001861
0.001819
0.001808
0.001770
0.001740
0.001713
0.001678
0.001694
0.001658
0.001757
0.001717
0.001695
0.001655
0.001663
0.001690
0.001689
0.001731
0.001701
0.001673
0.001716
0.001696
0.001736
0.001703
0.001681
0.001651
0.001622
0.001599
0.001567
0.001571
0.001562
0.001647
0.001683
0.001656
0.001632
0.001600
0.001652
0.001616
0.001605
0.001569
0.001536
0.001499
0.001462
0.001422
0.001388
0.001377
0.001340
0.001306
0.001302
0.001267
0.001422
0.001382
0.001440
0.001523
0.001506
0.001484
0.001495
0.001471
0.001479
0.001454
0.001431
0.001439
0.001409
0.001397
0.001705
0.001670
0.001664
0.001673
0.001652
0.001642
0.001660
0.001690
0.001667
0.001650
0.001628
0.001612
0.001623
0.001600
0.001764
0.001749
0.001747
0.001901
0.001870
0.001904
0.001874
0.001850
0.001821
0.001808
0.001928
0.001899
0.001880
0.001850
0.001821
0.001803
0.001949
0.001986
0.002187
0.002178
0.002384
0.002413
0.002413
0.002402
0.002391
0.002378
0.002364
0.002346
0.002358
0.002408
0.002387
0.002369
0.002345
0.003070
0.003011
0.003042
0.003040
0.003026
0.003002
0.002976
0.002954
0.002925
0.002949
0.002908
0.002881
0.003383
0.003311
0.003304
0.003241
0.003193
0.003163
0.003103
0.003777
0.004345
0.004304
0.004415
0.004393
0.004340
0.004292
0.004368
0.004369
0.004293
0.004222
0.004135
0.004140
0.004120
0.004031
0.003999
0.003933
0.003846
0.003762
0.003668
0.003574
0.003476
0.003384
0.003301
0.003247
0.003339
0.003260
0.003189
0.003111
0.003055
0.003020
0.002952
0.002881
0.002806
0.002736
0.002677
0.002618
0.002564
0.002505
0.002936
0.002870
0.003112
0.003060
0.003065
0.003040
0.003147
0.003133
0.003122
0.003105
0.003085
0.003089
0.003136
0.003104
0.003108
0.003073
0.003041
0.003030
0.003003
0.002963
0.002922
0.003037
0.003005
0.002983
0.002955
0.002927
0.002896
0.002947
0.003058
0.003024
0.003003
0.003042
0.003009
0.003145
0.003112
0.003093
0.003060
0.003030
0.003011
0.002976
0.002941
0.002952
0.002913
0.002878
0.002863
0.002821
0.002841
0.002802
0.002770
0.002791
0.002781
0.003084
0.003062
0.003058
0.003364
0.003327
0.003381
0.003362
0.003341
0.003311
0.003280
0.003246
0.003230
0.003191
0.003281
0.003241
0.003232
0.003187
0.003145
0.003131
0.003085
0.003041
0.003323
0.003287
0.003264
0.003303
0.003266
0.003232
0.003194
0.003157
0.003115
0.003072
0.003028
0.002982
0.002977
0.002933
0.002889
0.002844
0.002909
0.002883
0.002848
0.002803
0.002803
0.002786
0.002747
0.002706
0.002671
0.002636
0.002603
0.002567
0.002820
0.002799
0.002793
0.002766
0.002743
0.002716
0.002892
0.002866
0.002857
0.002836
0.002816
0.002887
0.002862
0.002842
0.002815
0.002789
0.002761
0.002731
0.002752
0.002751
0.002722
0.002688
0.002690
0.002654
0.002622
0.002612
0.002719
0.002752
0.002730
0.002703
0.002691
0.002662
0.002632
0.002854
0.002824
0.002818
0.002791
0.002770
0.002745
0.002720
0.002696
0.002739
0.002717
0.002692
0.002697
0.002667
0.002755
0.002736
0.002820
0.002798
0.002789
0.002769
0.002751
0.002730
0.002708
0.002685
0.002870
0.002834
0.003096
0.003073
0.003070
0.003045
0.003095
0.003068
0.003047
0.003018
0.003006
0.003006
0.003051
0.003137
0.003230
0.003197
0.003170
0.003353
0.003339
0.003320
0.003349
0.003368
0.003370
0.003350
0.003330
0.003308
0.003284
0.003281
0.003416
0.003406
0.003392
0.003359
0.003330
0.003301
0.003379
0.003351
0.003335
0.003301
0.003269
0.003235
0.003201
0.003165
0.003159
0.003120
0.003085
0.003048
0.003011
0.003025
0.003043
0.003193
0.003158
0.003161
0.003127
0.003103
0.003071
0.003040
0.003008
0.003075
0.003037
0.003011
0.002971
0.002934
0.002911
0.002871
0.002832
0.002857
0.002818
0.002784
0.002748
0.002717
0.002676
0.002636
0.002648
0.002607
0.002569
0.002633
0.002774
0.002746
0.003266
0.003190
0.003203
0.003144
0.003110
0.003063
0.003018
0.003036
0.002998
0.002949
0.002896
0.002840
0.002880
0.002841
0.002790
0.002759
0.002703
0.002649
0.002591
0.002670
0.002606
0.002564
0.002562
0.002662
0.002611
0.002590
0.002539
0.002490
0.002439
0.002397
0.002352
0.002300
0.002314
0.002281
0.002237
0.002186
0.002151
0.002113
0.002074
0.002035
0.002006
0.001964
0.001922
0.001879
0.001838
0.001796
0.001755
0.001715
0.001673
0.001896
0.001848
0.001860
0.001820
0.001794
0.001757
0.001721
0.001841
0.001811
0.001785
0.001757
0.001744
0.001720
0.001702
0.001692
0.001671
0.001651
0.001699
0.001737
0.001725
0.001712
0.001707
0.001695
0.001720
0.001708
0.001701
0.001687
0.001675
0.001662
0.001649
0.001647
0.001631
0.001615
0.002729
0.002716
0.002782
0.002746
0.002746
0.002723
0.002836
0.002906
0.002970
0.003057
0.003246
0.003238
0.003265
0.003245
0.003314
0.003294
0.003271
0.003242
0.003317
0.003292
0.003274
0.003249
0.003225
0.003197
0.003166
0.003156
0.003126
0.003116
0.003077
0.003041
0.002997
0.002953
0.002988
0.003154
0.003104
0.003084
0.003037
0.003019
0.002976
0.002947
0.002939
0.002892
0.002854
0.002862
0.002878
0.003021
0.002986
0.002962
0.002928
0.002897
0.002865
0.002837
0.002809
0.002775
0.002745
0.002721
0.003019
0.002978
0.002979
0.002949
0.002950
0.002931
0.002941
0.003034
0.003011
0.002997
0.002973
0.002950
0.002937
0.002922
0.002900
0.002876
0.002866
0.002837
0.002810
0.002780
0.002750
0.002865
0.002847
0.002887
0.002950
0.003009
0.002981
0.002963
0.003009
0.003009
0.002988
0.002966
0.003010
0.002988
0.002967
0.002941
0.002959
0.002934
0.002908
0.002881
0.002852
0.002821
0.002812
0.002777
0.002744
0.002708
0.002731
0.002710
0.002685
0.002728
0.002746
0.002743
0.002709
0.002676
0.002897
0.002844
0.002872
0.003097
0.003056
0.003130
0.003085
0.003143
0.003112
0.003084
0.003073
0.003042
0.003002
0.002960
0.002935
0.002887
0.002839
0.002788
0.002735
0.002687
0.002631
0.002611
0.002550
0.002493
0.002431
0.002371
0.002309
0.002250
0.002189
0.002129
0.002220
0.002172
0.002287
0.002252
0.002326
0.002293
0.002271
0.002268
0.002251
0.002226
0.002221
0.003081
0.003025
0.003066
0.003023
0.003005
0.002973
0.002944
0.002909
0.002874
0.002831
0.002804
0.002767
0.002716
0.002727
0.002665
0.002624
0.002561
0.002500
0.002436
0.002371
0.002304
0.002238
0.002169
0.002100
0.002036
0.002171
0.002121
0.002077
0.002085
0.002070
0.002102
0.002075
0.002049
0.002433
0.002426
0.002448
0.002477
0.002463
0.002445
0.002426
0.002428
0.002960
0.002924
0.002945
0.002915
0.002944
0.002928
0.002944
0.002918
0.002894
0.002864
0.002833
0.002799
0.002789
0.002752
0.002714
0.002715
0.002673
0.002632
0.002587
0.002542
0.002496
0.002448
0.002399
0.002350
0.002300
0.002249
0.002198
0.002148
0.002098
0.002047
0.001997
0.001946
0.001903
0.001854
0.001843
0.001796
0.001753
0.001715
0.001757
0.001731
0.001701
0.001669
0.001656
0.001634
0.001612
0.001590
0.001569
0.001547
0.001524
0.001502
0.001480
0.001458
0.001437
0.001418
0.001400
0.001381
0.001377
0.001358
0.001340
0.001335
0.001320
0.001301
0.001443
0.001422
0.001417
0.001408
0.001393
0.001382
0.001368
0.001350
0.001370
0.001459
0.001441
0.001432
0.001415
0.001399
0.001393
0.001378
0.001363
0.001347
0.001418
0.001395
0.001386
0.001367
0.001351
0.001341
0.001324
0.001307
0.001290
0.001272
0.001253
0.001236
0.001217
0.001199
0.001180
0.001162
0.001143
0.001124
0.001125
0.001120
0.001103
0.001086
0.001079
0.001063
0.001047
0.001039
0.001027
0.001698
0.005097
0.004877
0.005143
0.005256
0.005245
0.005377
0.005315
0.005259
0.005181
0.005095
0.004996
0.004887
0.004775
0.004648
0.004538
0.004395
0.004250
0.004099
0.003943
0.003784
0.003624
0.004150
0.003953
0.003843
0.003701
0.003550
0.003393
0.003237
0.003081
0.002993
0.002964
0.002823
0.002737
0.002597
0.002464
0.002539
0.002425
0.002390
0.002340
0.002294
0.002246
0.002250
0.002290
0.002329
0.002287
0.002250
0.002211
0.002177
0.002196
0.002169
0.002136
0.002102
0.002066
0.002029
0.002025
0.001984
0.001948
0.001907
0.001868
0.001828
0.001813
0.001808
0.001776
0.001758
0.001741
0.001722
0.001722
0.001845
0.001820
0.001827
0.001820
0.001803
0.001830
0.001819
0.001826
0.001805
0.001788
0.003387
0.003282
0.003401
0.003318
0.003304
0.003256
0.003214
0.003162
0.003107
0.003045
0.003092
0.003014
0.002950
0.002879
0.002821
0.002818
0.002736
0.002657
0.002577
0.002492
0.002405
0.002375
0.002288
0.002203
0.002116
0.002982
0.002949
0.002995
0.002969
0.002961
0.002931
0.002900
0.002865
0.002829
0.002789
0.002747
0.002703
0.002695
0.002688
0.002772
0.002844
0.002801
0.002760
0.002709
0.002661
0.002614
0.002563
0.002510
0.002456
0.002401
0.002344
0.002301
0.002286
0.002223
0.002164
0.002099
0.002034
0.001983
0.001917
0.003418
0.003251
0.003342
0.004409
0.004333
0.004330
0.004253
0.004189
0.004118
0.004035
0.003945
0.003847
0.003743
0.003631
0.003631
0.003573
0.003480
0.003418
0.003314
0.003211
0.003182
0.003084
0.003000
0.002901
0.002803
0.002702
0.002630
0.002527
0.002426
0.002322
0.002218
0.002140
0.002051
0.001959
0.001863
0.001817
0.001725
0.001689
0.001669
0.001613
0.001599
0.001542
0.001539
0.001480
0.001473
0.001416
0.001366
0.001312
0.001259
0.001205
0.001177
0.001127
0.001080
0.001063
0.001048
0.001032
0.001099
0.001078
0.001085
0.001094
0.001083
0.001070
0.001072
0.001058
0.001045
0.001059
0.001048
0.001069
0.001057
0.001101
0.001094
0.001088
0.001081
0.001091
0.001082
0.001086
0.001089
0.001208
0.001195
0.001203
0.001195
0.001191
0.001186
0.001212
0.001204
0.001200
0.001191
0.001187
0.001182
0.001176
0.001165
0.001264
0.001247
0.001385
0.001367
0.001366
0.001353
0.004626
0.004971
0.005181
0.005214
0.005267
0.005302
0.005341
0.005358
0.005355
0.005344
0.005317
0.005279
0.005498
0.005429
0.005406
0.005351
0.005346
0.005253
0.005158
0.005050
0.004946
0.004823
0.004694
0.004558
0.004417
0.004833
0.004688
0.004685
0.004518
0.004389
0.004225
0.004091
0.003923
0.003758
0.003587
0.003436
0.003296
0.003122
0.002949
0.002774
0.002601
0.002427
0.002257
0.002098
0.001940
0.001970
0.001811
0.001677
0.001532
0.001426
0.001422
0.001914
0.001863
0.001880
0.001855
0.001824
0.001788
0.001753
0.001716
0.001677
0.001636
0.001668
0.001624
0.001593
0.001549
0.001506
0.001530
0.001499
0.001472
0.001478
0.004243
0.004076
0.004260
0.004515
0.004513
0.004509
0.004465
0.004414
0.004357
0.004283
0.004202
0.004110
0.004016
0.003908
0.003794
0.003673
0.003546
0.003415
0.003279
0.003140
0.003057
0.002947
0.003016
0.002878
0.002757
0.002946
0.002815
0.002711
0.002609
0.002496
0.002485
0.002409
0.002313
0.002226
0.002143
0.002049
0.001955
0.001863
0.001772
0.001694
0.001621
0.001558
0.001547
0.001535
0.003798
0.003716
0.003881
0.003855
0.003886
0.004032
0.004025
0.004031
0.004066
0.004059
0.004094
0.004106
0.004116
0.004120
0.004119
0.004379
0.004550
0.004566
0.004575
0.004568
0.004557
0.004569
0.004566
0.004544
0.004532
0.004501
0.004502
0.004506
0.004475
0.004695
0.004644
0.004622
0.004572
0.004527
0.004500
0.004444
0.004388
0.004352
0.004287
0.004222
0.004151
0.004079
0.004008
0.003932
0.003854
0.003774
0.003699
0.003616
0.003532
0.003447
0.003362
0.003291
0.003244
0.003162
0.003153
0.003333
0.003259
0.003197
0.003211
0.003158
0.003116
0.003063
0.003143
0.003096
0.003066
0.003066
0.003019
0.002979
0.003022
0.002978
0.002942
0.002905
0.002869
0.002863
0.002826
0.002815
0.002827
0.002792
0.002766
0.002751
0.002736
0.002722
0.002715
0.002706
0.002695
0.002686
0.002672
0.002658
0.002641
0.005908
0.005737
0.006239
0.006216
0.006262
0.006283
0.006280
0.006260
0.006227
0.006282
0.006220
0.006161
0.006117
0.006133
0.006046
0.005952
0.005849
0.005749
0.005647
0.005535
0.005412
0.005306
0.005180
0.005047
0.004989
0.004847
0.004838
0.004694
0.004563
0.004444
0.004308
0.004172
0.004036
0.003916
0.003783
0.003661
0.003532
0.003405
0.003465
0.003340
0.003235
0.003120
0.003083
0.003053
0.003030
0.002999
0.002967
0.002933
0.002923
0.002898
0.002865
0.002829
0.002792
0.002761
0.002723
0.002684
0.002644
0.002603
0.002580
0.002538
0.002577
0.002535
0.002498
0.002457
0.002446
0.002405
0.002374
0.002352
0.002311
0.002897
0.002855
0.002860
0.002821
0.002793
0.002758
0.002723
0.002685
0.002796
0.003297
0.003258
0.003270
0.003236
0.003243
0.003209
0.003631
0.003620
0.003623
0.003601
0.003780
0.003765
0.003751
0.003726
0.003951
0.004686
0.004725
0.004817
0.004799
0.004795
0.004774
0.004749
0.004727
0.004688
0.004648
0.004596
0.004571
0.004508
0.004554
0.004495
0.004428
0.004362
0.004283
0.004215
0.004668
0.004589
0.004794
0.004727
0.004728
0.004995
0.004913
0.004911
0.004837
0.004993
0.004925
0.004976
0.005007
0.005009
0.004951
0.005057
0.005000
0.004965
0.005550
0.005464
0.005445
0.005380
0.005785
0.005708
0.005858
0.005811
0.006052
0.006044
0.006021
0.006098
0.006048
0.006060
0.006030
0.005986
0.005925
0.006614
0.006786
0.006773
0.006774
0.006734
0.006701
0.006664
0.006636
0.006605
0.006553
0.006569
0.006556
0.006566
0.006634
0.007074
0.007016
0.006991
0.006940
0.006895
0.006847
0.006994
0.006946
0.006938
0.006897
0.006846
0.006790
0.006729
0.006711
0.006821
0.007120
0.007061
0.007051
0.006988
0.006939
0.006899
0.006836
0.006779
0.006706
0.006631
0.006552
0.006480
0.006509
0.006435
0.006401
0.006333
0.006265
0.006195
0.006147
0.006075
0.006007
0.005957
0.005882
0.005806
0.005738
0.005660
0.005581
0.005790
0.005728
0.006136
0.006197
0.006158
0.006086
0.006016
0.005950
0.005889
0.005830
0.005768
0.005703
0.005633
0.005561
0.005554
0.005483
0.005611
0.005525
0.005473
0.005385
0.005306
0.005221
0.005141
0.005087
0.005041
0.004952
0.004865
0.004777
0.004692
0.004623
0.004539
0.004456
0.004373
0.004296
0.004260
0.004178
0.004301
0.004213
0.004225
0.004149
0.004079
0.004064
0.003986
0.004329
0.004812
0.004751
0.004725
0.004663
0.004619
0.004585
0.004542
0.004495
0.004499
0.004573
0.004659
0.004606
0.004657
0.004595
0.004667
0.004673
0.004677
0.005924
0.005844
0.005903
0.005851
0.005864
0.005831
0.005799
0.005758
0.005920
0.005925
0.005938
0.005893
0.005844
0.005790
0.005731
0.005774
0.005790
0.005742
0.005687
0.005715
0.005656
0.005651
0.005592
0.005560
0.005497
0.005571
0.005525
0.005470
0.005408
0.005347
0.005283
0.005218
0.005153
0.005194
0.005132
0.005077
0.005015
0.004954
0.004891
0.004827
0.004813
0.004754
0.004722
0.005002
0.004949
0.004936
0.004894
0.004857
0.004843
0.004801
0.004759
0.004744
0.004698
0.004654
0.004631
0.004583
0.004711
0.004662
0.004623
0.004574
0.004528
0.004480
0.005312
0.005219
0.005236
0.005167
0.005124
0.005066
0.005032
0.005234
0.005156
0.005141
0.005066
0.005000
0.004927
0.004853
0.004775
0.004693
0.004743
0.004780
0.004734
0.004753
0.004664
0.004586
0.004502
0.004632
0.004874
0.004823
0.004774
0.004735
0.004678
0.004621
0.004642
0.004633
0.004579
0.004522
0.005187
0.005116
0.005500
0.005455
0.005443
0.005407
0.005373
0.005398
0.005363
0.005328
0.005292
0.005254
0.005572
0.005549
0.005537
0.005600
0.005574
0.005551
0.005680
0.005774
0.005746
0.005746
0.005710
0.005679
0.005644
0.005611
0.005894
0.005837
0.005855
0.005860
0.005819
0.005842
0.005794
0.005763
0.005938
0.005886
0.005851
0.005792
0.005736
0.005683
0.005617
0.005549
0.005476
0.005437
0.005359
0.005282
0.005199
0.005121
0.005074
0.004983
0.004894
0.004860
0.004764
0.004672
0.004580
0.004503
0.004424
0.004344
0.004262
0.004519
0.004723
0.004728
0.004670
0.004640
0.004579
0.004568
0.004505
0.004485
0.004431
0.004371
0.004307
0.004413
0.004344
0.004301
0.004233
0.004170
0.004104
0.004141
0.004693
0.004600
0.004671
0.004598
0.004549
0.004482
0.004451
0.004454
0.004387
0.004865
0.004766
0.004734
0.004648
0.004577
0.004549
0.004482
0.004400
0.004311
0.004220
0.004136
0.004191
0.004102
0.004097
0.004099
0.004042
0.004025
0.003972
0.003890
0.003804
0.003715
0.003629
0.003541
0.003489
0.003406
0.003362
0.003407
0.003438
0.003366
0.003304
0.003248
0.003177
0.003520
0.003606
0.003639
0.003597
0.003569
0.003531
0.003495
0.003498
0.003538
0.003502
0.003480
0.003455
0.003429
0.003399
0.003368
0.003350
0.003407
0.003367
0.003513
0.003473
0.003477
0.003437
0.003401
0.003360
0.003422
0.003390
0.003357
0.004060
0.004018
0.004093
0.004080
0.004235
0.004211
0.004187
0.004156
0.004137
0.004097
0.004056
0.004015
0.004149
0.004100
0.004061
0.004005
0.003992
0.003936
0.003885
0.003827
0.003782
0.003758
0.003729
0.003918
0.003859
0.003810
0.003748
0.003688
0.003684
0.003624
0.003565
0.003506
0.003447
0.003399
0.003341
0.003283
0.003316
0.003260
0.003210
0.003150
0.003094
0.003037
0.002993
0.003149
0.003112
0.003083
0.003046
0.003147
0.003843
0.003798
0.003871
0.003844
0.003832
0.003810
0.003790
0.003766
0.003770
0.003989
0.003972
0.004070
0.004059
0.004039
0.004007
0.003977
0.003943
0.003938
0.003902
0.003864
0.003825
0.003826
0.003784
0.003827
0.003792
0.003761
0.003841
0.003816
0.003782
0.003818
0.003771
0.003732
0.003683
0.003635
0.003608
0.003562
0.003515
0.003504
0.003888
0.003847
0.003982
0.003949
0.003962
0.003967
0.004501
0.004493
0.004524
0.004477
0.004448
0.004408
0.004453
0.004405
0.004361
0.004307
0.004259
0.004227
0.004168
0.004109
0.004131
0.004124
0.004066
0.004013
0.003955
0.003896
0.003835
0.003773
0.006019
0.005977
0.006168
0.006293
0.006288
0.006290
0.006261
0.006225
0.006183
0.006131
0.006073
0.006007
0.005947
0.005872
0.005931
0.005868
0.005790
0.005864
0.006049
0.005946
0.005872
0.005850
0.005749
0.005650
0.005540
0.005426
0.005305
0.005182
0.005054
0.005014
0.004879
0.004751
0.004624
0.004492
0.004660
0.004509
0.004391
0.004373
0.004238
0.004147
0.004013
0.003961
0.003869
0.003743
0.010241
0.010083
0.010458
0.010398
0.010434
0.010424
0.010457
0.010461
0.010443
0.010402
0.010339
0.010280
0.010178
0.010093
0.010060
0.009951
0.009796
0.009616
0.009424
0.009347
0.009142
0.008972
0.013296
0.013275
0.013471
0.013735
0.013822
0.013859
0.022199
0.021834
0.022496
0.022338
0.022420
0.022364
0.022296
0.022167
0.021998
0.021829
0.021575
0.021284
0.020999
0.021126
0.020882
0.022156
0.021875
0.021715
0.021519
0.021204
0.020870
0.020507
0.020159
0.019793
0.019384
0.019053
0.018770
0.018327
0.017877
0.017411
0.017043
0.016568
0.016116
0.015647
0.015377
0.014888
0.014417
0.013929
0.013445
0.013078
0.012597
0.012126
0.011749
0.011493
0.011213
0.010926
0.010633
0.010334
0.010029
0.009719
0.009404
0.009084
0.008761
0.008434
0.008157
0.007872
0.007544
0.007217
0.006887
0.011423
0.011202
0.011232
0.011065
0.010977
0.010964
0.011601
0.011587
0.011625
0.011627
0.011663
0.011779
0.011763
0.011752
0.011722
0.011876
0.011835
0.011926
0.011908
0.012325
0.012313
0.012316
0.012286
0.012345
0.012390
0.012421
0.012438
0.012438
0.012423
0.012392
0.012358
0.012349
0.012275
0.012254
0.012153
0.012044
0.011919
0.011782
0.012106
0.011963
0.011829
0.011628
0.011435
0.011222
0.011000
0.010767
0.013975
0.013908
0.013990
0.013963
0.013946
0.013927
0.013922
0.013869
0.013808
0.013734
0.013672
0.014002
0.013868
0.013789
0.013650
0.013518
0.013919
0.015122
0.015104
0.015183
0.015446
0.015432
0.015434
0.015518
0.015514
0.015493
0.015511
0.015476
0.015436
0.015392
0.015339
0.015276
0.015202
0.015117
0.016205
0.016569
0.016636
0.016718
0.016750
0.016845
0.016962
0.017050
0.017062
0.017077
0.017075
0.017068
0.017053
0.017029
0.016997
0.017083
0.017035
0.017063
0.017002
0.016947
0.017645
0.017661
0.017689
0.017972
0.017980
0.018022
0.018043
0.018057
0.018064
0.018066
0.018063
0.018055
0.018042
0.018024
0.018026
0.018015
0.017984
0.017949
0.017909
0.017894
0.017846
0.017933
0.017887
0.018189
0.018520
0.018494
0.018695
0.018665
0.018631
0.018561
0.018491
0.018667
0.018865
0.018834
0.018807
0.018769
0.018775
0.018778
0.018737
0.019187
0.019135
0.019106
0.019051
0.018995
0.018931
0.018884
0.018911
0.018880
0.018813
0.018746
0.018798
0.018730
0.018667
0.018592
0.018515
0.018434
0.018348
0.018257
0.018163
0.018088
0.018118
0.018029
0.017937
0.017841
0.017741
0.017641
0.017805
0.017720
0.017648
0.017636
0.017551
0.017469
0.017382
0.017302
0.017207
0.017109
0.017011
0.017486
0.017385
0.017324
0.017225
0.017133
0.017052
0.016946
0.016843
0.016726
0.016605
0.016485
0.016356
0.016237
0.016264
0.016288
0.016167
0.016034
0.016034
0.015966
0.015951
0.015810
0.015681
0.015533
0.015508
0.015360
0.015217
0.015062
0.014903
0.014746
0.014577
0.014404
0.014233
0.014061
0.014069
0.013870
0.013720
0.013515
0.013317
0.013108
0.012897
0.012681
0.012466
0.012507
0.012302
0.012209
0.012092
0.011994
0.011923
0.011719
0.011521
0.011311
0.011104
0.010928
0.010734
0.010795
0.010596
0.010415
0.010215
0.010305
0.010130
0.009972
0.009803
0.009977
0.009799
0.009670
0.009521
0.009397
0.009247
0.009097
0.008942
0.008784
0.008623
0.008628
0.008479
0.008390
0.008250
0.008376
0.008284
0.008179
0.008226
0.008114
0.008293
0.008203
0.008112
0.008018
0.007921
0.007822
0.007720
0.007723
0.007622
0.007628
0.007536
0.007641
0.007716
0.007668
0.007617
0.007574
0.007521
0.008216
0.008147
0.008553
0.008483
0.008492
0.008453
0.008428
0.008395
0.008362
0.008457
0.008461
0.008772
0.008752
0.008743
0.008735
0.008705
0.008720
0.008717
0.008677
0.008635
0.008588
0.008570
0.008519
0.008464
0.008406
0.008346
0.008283
0.008218
0.008180
0.008388
0.008306
0.008256
0.008178
0.008106
0.008029
0.007950
0.007873
0.007793
0.010622
0.010349
0.010687
0.010513
0.010487
0.010368
0.010264
0.010139
0.010030
0.010416
0.010264
0.010235
0.010160
0.010016
0.009999
0.010110
0.010342
0.010166
0.010152
0.010161
0.010006
0.009867
0.009706
0.009548
0.009397
0.009233
0.009067
0.009888
0.009898
0.009821
0.009701
0.009630
0.009552
0.009682
0.009591
0.009650
0.009659
0.009994
0.009897
0.009826
0.009871
0.010293
0.010211
0.010156
0.010097
0.010281
0.010204
0.010153
0.010068
0.009989
0.010108
0.010021
0.009944
0.009910
0.009811
0.009719
0.009753
0.009650
0.009604
0.009508
0.009406
0.009297
0.009217
0.009614
0.009493
0.009417
0.009352
0.009291
0.009233
0.009280
0.009256
0.009355
0.009398
0.009318
0.009258
0.009173
0.009127
0.009037
0.008949
0.008855
0.008762
0.008728
0.008638
0.008663
0.008573
0.008711
0.008654
0.008948
0.008896
0.008853
0.008806
0.008756
0.008702
0.008671
0.008610
0.008595
0.008529
0.008486
0.008416
0.008344
0.008269
0.008262
0.008206
0.008129
0.008044
0.007958
0.007870
0.007898
0.007803
0.007762
0.007668
0.007666
0.007575
0.007503
0.007416
0.007329
0.007239
0.007165
0.007070
0.006976
0.007011
0.006908
0.006831
0.006784
0.006790
0.006702
0.006644
0.006558
0.006479
0.006599
0.006714
0.006653
0.006808
0.006767
0.006721
0.006667
0.006613
0.006555
0.006578
0.006520
0.006470
0.006434
0.007337
0.007240
0.007261
0.007236
0.007195
0.007179
0.007135
0.007078
0.007013
0.006946
0.006877
0.006804
0.006859
0.006796
0.006792
0.006753
0.007082
0.007119
0.007080
0.007022
0.007017
0.007017
0.007013
0.006964
0.006912
0.007006
0.007112
0.007155
0.007167
0.007126
0.007081
0.007032
0.006983
0.006932
0.006937
0.006877
0.006822
0.006928
0.006863
0.006818
0.006762
0.007418
0.007395
0.007384
0.007328
0.007282
0.007270
0.007262
0.007204
0.007230
0.007282
0.007230
0.007171
0.007111
0.007055
0.007143
0.007072
0.007010
0.006936
0.006890
0.007067
0.007005
0.006942
0.006898
0.006830
0.006947
0.006868
0.007371
0.007330
0.007315
0.007358
0.007355
0.007313
0.007301
0.007252
0.007269
0.007266
0.007230
0.007181
0.007138
0.007087
0.007030
0.007139
0.007080
0.007027
0.006967
0.006928
0.006885
0.006831
0.006775
0.006741
0.006687
0.006625
0.006561
0.006495
0.006426
0.006370
0.006523
0.006477
0.006426
0.006472
0.006420
0.006371
0.006316
0.006279
0.006225
0.006236
0.006286
0.006235
0.006234
0.007944
0.007944
0.008003
0.008073
0.008103
0.008131
0.008151
0.008166
0.008275
0.008277
0.008292
0.008352
0.008359
0.008352
0.008338
0.008355
0.008331
0.008304
0.008270
0.008507
0.008456
0.008471
0.008415
0.008389
0.008500
0.008446
0.008396
0.008333
0.008273
0.008610
0.008539
0.008495
0.008550
0.008473
0.008412
0.008331
0.008264
0.008179
0.008108
0.008019
0.007929
0.007834
0.007743
0.007646
0.007550
0.007452
0.007351
0.007300
0.007264
0.007172
0.007087
0.007093
0.007114
0.007095
0.007021
0.006969
0.006889
0.006811
0.006729
0.006648
0.006585
0.006509
0.006473
0.006529
0.006588
0.007277
0.007175
0.007179
0.007133
0.007082
0.007068
0.007008
0.006945
0.006880
0.006811
0.006739
0.006670
0.006594
0.006516
0.006457
0.006381
0.006299
0.006216
0.006132
0.006067
0.005992
0.006162
0.006110
0.006068
0.006015
0.005962
0.006327
0.006333
0.006331
0.006293
0.006265
0.006264
0.006290
0.006265
0.006355
0.006899
0.006894
0.007148
0.007157
0.007169
0.007156
0.007144
0.007125
0.007127
0.007101
0.007073
0.007040
0.007003
0.006985
0.006941
0.006896
0.006847
0.006913
0.006859
0.006886
0.006840
0.006970
0.006918
0.006885
0.008148
0.008071
0.008157
0.008084
0.008052
0.008531
0.008573
0.008559
0.008524
0.008540
0.008498
0.008672
0.008622
0.008962
0.008907
0.008885
0.008872
0.009006
0.008995
0.008979
0.008956
0.008931
0.008902
0.008869
0.008865
0.008824
0.008785
0.008740
0.008696
0.008650
0.008603
0.008555
0.008506
0.008477
0.008425
0.008481
0.008468
0.008432
0.008389
0.008639
0.008581
0.008570
0.008554
0.008547
0.008577
0.008563
0.008624
0.008609
0.008645
0.008632
0.008668
0.008655
0.008647
0.008632
0.008616
0.008599
0.008581
0.008563
0.008547
0.008534
0.008538
0.008525
0.008511
0.008501
0.008485
0.009073
0.009128
0.009390
0.009395
0.009458
0.009471
0.009508
0.009522
0.009536
0.009546
0.009583
0.009589
0.009595
0.009658
0.009664
0.009894
0.009892
0.009910
0.009915
0.009917
0.009913
0.009908
0.009899
0.009974
0.010016
0.010050
0.010045
0.010037
0.010026
0.010012
0.009996
0.009978
0.009958
0.009935
0.009924
0.009898
0.009871
0.009842
0.009811
0.009779
0.009745
0.009709
0.009702
0.010543
0.010525
0.010591
0.010545
0.010562
0.010554
0.010721
0.010673
0.010646
0.010595
0.011022
0.010989
0.010987
0.010952
0.011040
0.011285
0.011241
0.011230
0.011183
0.011144
0.011216
0.011229
0.011193
0.011151
0.011107
0.011058
0.011007
0.011061
0.011010
0.010961
0.011199
0.011157
0.011171
0.011129
0.011206
0.011202
0.011170
0.011709
0.011651
0.011660
0.011595
0.011578
0.011522
0.011469
0.011430
0.011666
0.011599
0.011557
0.011511
0.011457
0.011397
0.011337
0.011282
0.011219
0.011738
0.011754
0.011733
0.011694
0.011653
0.011614
0.011567
0.011545
0.011494
0.011442
0.011389
0.011361
0.011375
0.011323
0.011268
0.011205
0.011143
0.011090
0.011024
0.011077
0.011026
0.010985
0.010934
0.010978
0.010927
0.011808
0.011734
0.011762
0.011715
0.012024
0.011975
0.011992
0.011956
0.011985
0.011957
0.011906
0.011849
0.011785
0.011752
0.011691
0.011623
0.011595
0.011509
0.011453
0.011363
0.011337
0.011247
0.011157
0.011063
0.011723
0.011627
0.011588
0.011502
0.011471
0.011392
0.011318
0.011238
0.011316
0.011229
0.011179
0.011095
0.011383
0.011411
0.011359
0.011381
0.011315
0.011285
0.011279
0.011227
0.011176
0.011121
0.011086
0.011033
0.010969
0.010945
0.010876
0.010809
0.010739
0.010678
0.010608
0.010535
0.010491
0.010740
0.010667
0.010778
0.010780
0.010732
0.011069
0.010990
0.010962
0.010889
0.010846
0.010781
0.010714
0.010642
0.010568
0.010567
0.010573
0.010500
0.010430
0.010728
0.010676
0.010634
0.010565
0.010512
0.010458
0.010388
0.010324
0.010250
0.010200
0.010134
0.010096
0.010037
0.009961
0.009885
0.009807
0.009726
0.009644
0.009561
0.009477
0.009392
0.009311
0.009309
0.009224
0.009147
0.009061
0.008975
0.009062
0.008972
0.008975
0.008890
0.009044
0.009029
0.008968
0.008930
0.008890
0.008810
0.008735
0.008695
0.008611
0.008531
0.008447
0.008809
0.008726
0.008756
0.008689
0.008626
0.008555
0.009373
0.009305
0.009321
0.009253
0.009205
0.009144
0.009088
0.009537
0.009456
0.009422
0.009334
0.009261
0.010906
0.010761
0.010802
0.010673
0.010594
0.010487
0.010374
0.010249
0.010318
0.010258
0.010141
0.010026
0.009879
0.009725
0.009573
0.009496
0.009345
0.009215
0.009072
0.008911
0.008750
0.008637
0.008471
0.008314
0.008146
0.007978
0.007812
0.007655
0.007497
0.007364
0.007206
0.007120
0.006957
0.006814
0.006656
0.006519
0.006366
0.006216
0.006293
0.006133
0.006014
0.005864
0.005773
0.005683
0.005599
0.005514
0.005431
0.005847
0.005750
0.005711
0.005641
0.005569
0.005492
0.005418
0.005336
0.005254
0.005529
0.005427
0.005378
0.005298
0.005226
0.005148
0.005069
0.004991
0.004907
0.004821
0.004732
0.004643
0.004629
0.004534
0.004451
0.004356
0.004267
0.005080
0.005062
0.005052
0.004940
0.004862
0.004771
0.004681
0.004581
0.004509
0.004405
0.004516
0.004432
0.004359
0.004275
0.004239
0.004166
0.004082
0.004014
0.003930
0.003854
0.004020
0.003932
0.003866
0.003803
0.003724
0.003643
0.003560
0.003523
0.003460
0.003398
0.003477
0.003425
0.003377
0.003324
0.003355
0.003329
0.003395
0.003349
0.003443
0.003392
0.003358
0.003312
0.003267
0.003219
0.003169
0.003117
0.003255
0.003198
0.003174
0.003117
0.003258
0.003191
0.003156
0.003092
0.003033
0.002969
0.002906
0.004402
0.004254
0.004327
0.004207
0.004156
0.004073
0.004081
0.004004
0.003926
0.003839
0.003749
0.003654
0.003557
0.003458
0.003356
0.003293
0.003193
0.003089
0.003105
0.003117
0.003019
0.003069
0.003004
0.002944
0.002850
0.002756
0.002662
0.002731
0.002643
0.002850
0.002769
0.002790
0.002705
0.002659
0.002585
0.002515
0.002475
0.002430
0.002404
0.002363
0.002323
0.002280
0.002240
0.002195
0.002148
0.002099
0.002052
0.002004
0.001970
0.001919
0.001870
0.001961
0.001925
0.001887
0.002515
0.002432
0.002483
0.002423
0.002396
0.002431
0.002391
0.002352
0.002309
0.002265
0.002220
0.002264
0.002222
0.002262
0.002224
0.002186
0.002149
0.002115
0.002152
0.002116
0.002084
0.002047
0.002010
0.001973
0.001935
0.001897
0.001858
0.001820
0.001782
0.001744
0.001712
0.001675
0.001638
0.001601
0.001565
0.001529
0.001512
0.001495
0.001475
0.001499
0.001477
0.001459
0.001437
0.001653
0.001619
0.001630
0.001606
0.001590
0.001569
0.001668
0.001637
0.001629
0.001600
0.001577
0.001652
0.001626
0.001612
0.001613
0.001591
0.001599
0.001575
0.002378
0.002312
0.002371
0.002330
0.002318
0.002289
0.002419
0.002429
0.002470
0.002564
0.002573
0.002579
0.002582
0.002578
0.002572
0.002569
0.002559
0.002700
0.002737
0.002734
0.002805
0.002796
0.002797
0.002786
0.002796
0.002782
0.002768
0.002749
0.002730
0.002712
0.002687
0.002676
0.002845
0.002806
0.002789
0.002834
0.002807
0.002784
0.002754
0.002725
0.002693
0.002675
0.002644
0.002624
0.002617
0.002579
0.002550
0.002508
0.002546
0.002541
0.002502
0.002459
0.002415
0.002370
0.002380
0.002378
0.002340
0.002297
0.002254
0.002230
0.002191
0.002151
0.002176
0.002692
0.002673
0.002675
0.002649
0.002726
0.003585
0.003531
0.003579
0.003519
0.003505
0.003460
0.003422
0.003471
0.003418
0.003384
0.003323
0.003263
0.003259
0.003194
0.003135
0.003068
0.003002
0.002934
0.002994
0.002925
0.002868
0.002809
0.002743
0.002690
0.002623
0.002589
0.002520
0.002454
0.002384
0.002326
0.002257
0.002235
0.002166
0.002104
0.002037
0.001982
0.001919
0.001862
0.002739
0.002640
0.002661
0.002603
0.002569
0.002525
0.002732
0.002680
0.002659
0.002615
0.002575
0.002654
0.002603
0.002637
0.002585
0.002538
0.002700
0.002641
0.002600
0.002540
0.002518
0.002481
0.002421
0.002386
0.002350
0.002358
0.002287
0.002224
0.002373
0.002304
0.002255
0.002188
0.002133
0.002066
0.001999
0.001929
0.001860
0.001791
0.001722
0.001652
0.001581
0.001510
0.001437
0.001364
0.001307
0.001357
0.001286
0.001227
0.001194
0.001148
0.001103
0.001059
0.001016
0.000973
0.000932
0.000891
0.000855
0.000871
0.000831
0.003480
0.003409
0.003587
0.003588
0.003629
0.003648
0.004196
0.004158
0.004199
0.004164
0.004144
0.004106
0.004067
0.004018
0.004087
0.004015
0.004363
0.004269
0.004268
0.004179
0.004102
0.004049
0.003959
0.003856
0.003744
0.003627
0.003536
0.003409
0.003283
0.003152
0.003019
0.002884
0.002746
0.002608
0.002468
0.002329
0.002297
0.002156
0.002027
0.002023
0.001891
0.001768
0.001640
0.001685
0.001575
0.001470
0.001358
0.001289
0.001188
0.001128
0.001101
0.001243
0.001223
0.001210
0.001191
0.001229
0.001210
0.001196
0.001199
0.001179
0.001162
0.001155
0.001263
0.001244
0.001431
0.001406
0.001418
0.001399
0.001388
0.001370
0.001352
0.001331
0.001309
0.001714
0.002241
0.002233
0.002255
0.002238
0.002223
0.002252
0.002228
0.002200
0.002200
0.002163
0.002130
0.002103
0.002060
0.002020
0.001972
0.001922
0.001869
0.001835
0.001779
0.002081
0.002036
0.002164
0.002132
0.003696
0.003642
0.003736
0.003718
0.003826
0.003881
0.003898
0.003910
0.003914
0.003916
0.003915
0.003958
0.004055
0.004042
0.004159
0.004137
0.004124
0.004098
0.004076
0.004143
0.004103
0.004098
0.004057
0.004015
0.003966
0.003929
0.004096
0.004087
0.004049
0.004000
0.003947
0.003891
0.003856
0.003795
0.003735
0.003672
0.003607
0.003606
0.003532
0.003469
0.003395
0.003469
0.010313
0.009945
0.010429
0.010250
0.010279
0.010208
0.010141
0.010041
0.009969
0.009863
0.009734
0.009584
0.009416
0.009230
0.009027
0.008809
0.008576
0.008337
0.009292
0.009068
0.008888
0.008618
0.010151
0.010567
0.013879
0.013597
0.013625
0.013320
0.013098
0.012817
0.012555
0.012437
0.012099
0.011760
0.011429
0.011047
0.010654
0.010684
0.010274
0.009878
0.009523
0.009097
0.008669
0.008297
0.007971
0.007688
0.007394
0.007095
0.007236
0.006949
0.006679
0.006393
0.006136
0.005870
0.005665
0.005379
0.005134
0.004882
0.004608
0.004338
0.004071
0.003979
0.003769
0.003560
0.003441
0.003269
0.003165
0.003080
0.003006
0.002917
0.002828
0.002735
0.002642
0.002615
0.002710
0.002938
0.002882
0.002802
0.002718
0.002635
0.002561
0.002611
0.002531
0.002464
0.002384
0.002521
0.002439
0.002376
0.002296
0.002219
0.002160
0.002087
0.002023
0.002016
0.001965
0.001917
0.001867
0.001822
0.001773
0.001754
0.001712
0.001678
0.001642
0.001606
0.001579
0.001546
0.001519
0.001507
0.001479
0.001456
0.001502
0.001486
0.001464
0.001452
0.001436
0.001421
0.001436
0.001419
0.001403
0.001395
0.001376
0.001357
0.001830
0.001800
0.001816
0.001797
0.001802
0.001785
0.002076
0.002040
0.002057
0.002082
0.002102
0.002078
0.002055
0.002056
0.002207
0.002178
0.002164
0.002138
0.002111
0.002081
0.002047
0.002010
0.001970
0.001930
0.001885
0.001838
0.001869
0.001875
0.002231
0.002164
0.002143
0.002094
0.002043
0.001987
0.001928
0.001867
0.001804
0.001739
0.001673
0.001604
0.001546
0.001474
0.001454
0.001382
0.001320
0.001249
0.001181
0.001115
0.001522
0.001480
0.001483
0.001459
0.001470
0.001448
0.001431
0.001408
0.001386
0.001361
0.001650
0.001645
0.001969
0.001990
0.001990
0.001976
0.002421
0.004123
0.004063
0.004172
0.004126
0.004176
0.004242
0.004216
0.004695
0.004607
0.004599
0.004551
0.004477
0.004389
0.004292
0.004185
0.004071
0.003949
0.003820
0.003758
0.003895
0.003875
0.003829
0.004219
0.004069
0.003969
0.003826
0.003693
0.003564
0.003421
0.003277
0.003171
0.003037
0.002893
0.002767
0.003032
0.003015
0.002921
0.002798
0.002855
0.002733
0.002626
0.002517
0.002453
0.002417
0.002376
0.002360
0.002359
0.002333
0.002295
0.002345
0.002306
0.002269
0.002225
0.002181
0.002169
0.002123
0.002077
0.002028
0.001977
0.001927
0.001873
0.001818
0.001816
0.001763
0.001715
0.001665
0.001679
0.001813
0.001753
0.001735
0.001680
0.001634
0.001776
0.002037
0.002035
0.002010
0.001996
0.002030
0.002013
0.002016
0.002000
0.001986
0.002091
0.002073
0.002064
0.002047
0.002039
0.002139
0.002124
0.002112
0.002302
0.002274
0.002278
0.002257
0.002266
0.002244
0.002392
0.002356
0.002345
0.002313
0.002286
0.002254
0.002221
0.002258
0.002222
0.002320
0.002305
0.002306
0.002273
0.002280
0.002244
0.002210
0.002171
0.002187
0.002157
0.002119
0.002101
0.002061
0.002202
0.002147
0.002122
0.002071
0.002030
0.001984
0.001981
0.001937
0.001895
0.001849
0.001836
0.001791
0.001746
0.001700
0.001659
0.001621
0.001583
0.001547
0.001509
0.001471
0.001534
0.001492
0.001459
0.002040
0.001981
0.001988
0.001971
0.001943
0.001909
0.001874
0.001839
0.001820
0.001779
0.001738
0.001870
0.001819
0.001842
0.001871
0.001844
0.001809
0.001817
0.001768
0.001777
0.001882
0.001885
0.001910
0.001875
0.001884
0.001847
0.001818
0.001888
0.001852
0.002004
0.002011
0.002001
0.001976
0.001963
0.001939
0.001916
0.001892
0.001884
0.001860
0.001838
0.002152
0.002115
0.002158
0.002182
0.002167
0.002229
0.002466
0.002433
0.002451
0.002422
0.002403
0.002375
0.002365
0.002372
0.002515
0.002483
0.002467
0.002435
0.002404
0.002432
0.002431
0.002399
0.002373
0.002360
