0.026264
0.026089
0.025814
0.025530
0.025232
0.024928
0.024633
0.024329
0.024673
0.024446
0.024599
0.024576
0.024374
0.024296
0.024161
0.024019
0.023867
0.023720
0.023634
0.023485
0.023630
0.023470
0.023377
0.023224
0.023215
0.023060
0.022920
0.022765
0.022621
0.022596
0.022481
0.022458
0.022343
0.022358
0.022421
0.022378
0.022291
0.022309
0.022258
0.022173
0.022134
0.022378
0.022291
0.022423
0.022336
0.022267
0.022191
0.022274
0.022277
0.022294
0.022347
0.022299
0.022277
0.022227
0.022180
0.022123
0.022126
0.022230
0.022179
0.022135
0.022215
0.022162
0.022201
0.022216
0.022211
0.022150
0.022090
0.026522
0.026252
0.026573
0.026423
0.026708
0.027562
0.027465
0.027548
0.027429
0.027634
0.027532
0.027405
0.027246
0.027072
0.026882
0.026678
0.026607
0.026536
0.026324
0.026191
0.026011
0.025781
0.025541
0.025292
0.025037
0.024777
0.024514
0.024999
0.024854
0.024670
0.024444
0.024332
0.025044
0.024993
0.024840
0.024653
0.024468
0.024276
0.024237
0.024045
0.023991
0.023827
0.025815
0.025736
0.025810
0.025692
0.025621
0.025721
0.025733
0.025622
0.025521
0.025385
0.025241
0.025085
0.024923
0.024846
0.025531
0.025366
0.025238
0.025541
0.025397
0.025731
0.025627
0.026057
0.025934
0.025847
0.025764
0.026205
0.026021
0.025925
0.025852
0.025729
0.025561
0.025875
0.025789
0.025660
0.025522
0.025387
0.025364
0.025459
0.025309
0.025218
0.025110
0.024994
0.024979
0.024882
0.024807
0.024704
0.024601
0.024493
0.024383
0.024268
0.024168
0.024049
0.023932
0.023869
0.023788
0.023696
0.023573
0.023553
0.023535
0.023423
0.023313
0.023197
0.023098
0.023633
0.023532
0.023511
0.023477
0.023481
0.023973
0.023890
0.023845
0.023799
0.023728
0.023645
0.023563
0.023523
0.023432
0.023369
0.023272
0.023275
0.023252
0.023232
0.023146
0.023056
0.022965
0.022957
0.022865
0.022777
0.022735
0.022876
0.022784
0.022876
0.022800
0.022716
0.022831
0.022734
0.022650
0.022551
0.022453
0.022351
0.022267
0.022165
0.022061
0.021952
0.022390
0.022267
0.022193
0.022224
0.022134
0.022032
0.021918
0.021800
0.021676
0.021548
0.021415
0.021375
0.021285
0.021765
0.021633
0.021548
0.021421
0.021307
0.021184
0.021094
0.020963
0.020829
0.020786
0.020648
0.020508
0.020362
0.020213
0.020157
0.019996
0.019844
0.019698
0.019534
0.019448
0.019274
0.019107
0.019365
0.019457
0.019319
0.019151
0.019998
0.019781
0.019682
0.019527
0.019360
0.019258
0.019133
0.019290
0.019088
0.018906
0.018695
0.018486
0.018267
0.018764
0.018549
0.018431
0.018327
0.018192
0.018004
0.017795
0.017583
0.017411
0.017272
0.017110
0.017582
0.017573
0.017421
0.017313
0.017132
0.016945
0.016755
0.016794
0.016646
0.016559
0.016781
0.016693
0.016557
0.016405
0.016311
0.016294
0.016139
0.016002
0.015874
0.015720
0.015650
0.015522
0.015443
0.015298
0.015161
0.015018
0.028636
0.027817
0.028734
0.028344
0.028361
0.028171
0.027990
0.027918
0.027619
0.027294
0.026961
0.026550
0.027076
0.026704
0.026325
0.025843
0.025358
0.024838
0.024577
0.023995
0.023446
0.023035
0.022651
0.022063
0.021474
0.020873
0.020280
0.019674
0.019553
0.018969
0.018512
0.017905
0.017337
0.016756
0.016192
0.015631
0.015083
0.014660
0.014170
0.013671
0.013828
0.013503
0.013429
0.013315
0.013211
0.013314
0.024352
0.023435
0.024369
0.023843
0.024019
0.023801
0.023615
0.024652
0.027423
0.027217
0.027348
0.027172
0.027169
0.027004
0.026834
0.026636
0.026408
0.026362
0.026299
0.026223
0.026175
0.026160
0.026194
0.026061
0.025929
0.025862
0.025819
0.025688
0.025597
0.025527
0.026924
0.026703
0.026637
0.026541
0.026369
0.026182
0.025979
0.025809
0.025589
0.025363
0.025123
0.025153
0.024926
0.024691
0.024448
0.024211
0.023955
0.023715
0.023449
0.023318
0.024146
0.024399
0.025295
0.025101
0.024986
0.024806
0.024619
0.024720
0.024482
0.024280
0.024291
0.024149
0.023915
0.023673
0.023420
0.023160
0.022938
0.022661
0.022383
0.022389
0.022084
0.021982
0.021710
0.021547
0.021304
0.021043
0.020838
0.020570
0.020295
0.020337
0.020121
0.019863
0.019671
0.019460
0.019245
0.019194
0.019080
0.018992
0.019529
0.019450
0.019390
0.019361
0.019286
0.019240
0.019157
0.019074
0.019049
0.018958
0.018866
0.018774
0.018680
0.022606
0.022394
0.022699
0.022792
0.022828
0.022778
0.024886
0.024709
0.024822
0.024733
0.024641
0.025257
0.025185
0.025115
0.025070
0.024950
0.024843
0.024684
0.024562
0.025673
0.025762
0.025672
0.025473
0.025284
0.025528
0.025423
0.025466
0.025216
0.025014
0.024767
0.024522
0.024263
0.024037
0.023767
0.023551
0.023450
0.023184
0.023028
0.022738
0.022551
0.022259
0.022156
0.022082
0.021820
0.021605
0.021330
0.027677
0.027234
0.027604
0.027398
0.027627
0.027460
0.027318
0.027173
0.026962
0.026721
0.026457
0.026168
0.025859
0.025605
0.025263
0.025050
0.024916
0.024804
0.024440
0.024108
0.023749
0.023638
0.023744
0.023372
0.023064
0.022710
0.022361
0.022091
0.022918
0.022564
0.022346
0.021947
0.021817
0.022224
0.021878
0.021607
0.021267
0.021506
0.021477
0.022403
0.022159
0.021980
0.021870
0.024898
0.024722
0.024858
0.024687
0.024599
0.024457
0.024302
0.024348
0.024154
0.025712
0.025479
0.025377
0.025147
0.027565
0.027232
0.027172
0.027228
0.026950
0.026652
0.026313
0.025973
0.025590
0.025525
0.025092
0.024785
0.024335
0.023884
0.023412
0.022928
0.022434
0.021945
0.021436
0.020921
0.020480
0.020227
0.019716
0.019221
0.018714
0.018217
0.017725
0.017320
0.016913
0.016514
0.016146
0.015832
0.015495
0.015210
0.014871
0.015937
0.015543
0.015321
0.016329
0.017852
0.017766
0.018559
0.018346
0.018292
0.018098
0.018031
0.017955
0.017794
0.017664
0.017534
0.017331
0.017143
0.020176
0.019825
0.019837
0.019537
0.019362
0.019138
0.019325
0.019112
0.018853
0.018575
0.018392
0.018077
0.017763
0.017499
0.017195
0.017002
0.016681
0.016707
0.016386
0.016070
0.015854
0.015484
0.015136
0.014883
0.014513
0.014174
0.013824
0.013474
0.013121
0.013143
0.013535
0.013225
0.012957
0.012635
0.012328
0.012022
0.012288
0.012072
0.012144
0.011882
0.012193
0.011960
0.011846
0.011688
0.011536
0.011436
0.011280
0.011600
0.011452
0.011358
0.011300
0.011222
0.012261
0.012157
0.012106
0.011981
0.011873
0.011751
0.011644
0.011848
0.011920
0.011805
0.011655
0.011504
0.013772
0.013421
0.013469
0.013198
0.013032
0.012813
0.012914
0.012717
0.012958
0.012713
0.012510
0.012315
0.013332
0.013135
0.012985
0.012772
0.012667
0.012445
0.012499
0.012415
0.012191
0.011969
0.011736
0.011513
0.011280
0.011070
0.010830
0.010637
0.010826
0.010856
0.010715
0.010497
0.010496
0.010411
0.010275
0.010146
0.010028
0.009892
0.009892
0.009854
0.010086
0.010013
0.010384
0.010325
0.010251
0.010401
0.010286
0.010204
0.010086
0.010020
0.009905
0.009793
0.009672
0.009589
0.009494
0.009465
0.009361
0.009387
0.009325
0.009194
0.009063
0.009063
0.008929
0.008802
0.010112
0.010157
0.010149
0.010133
0.010034
0.010283
0.010137
0.010277
0.010152
0.010051
0.009940
0.009815
0.009683
0.009544
0.009425
0.009274
0.009124
0.008970
0.008817
0.009652
0.009526
0.009466
0.009383
0.009282
0.009353
0.009296
0.009460
0.009451
0.009558
0.009452
0.009350
0.009249
0.009528
0.009430
0.009360
0.009316
0.009237
0.009235
0.009147
0.009375
0.009449
0.009473
0.009766
0.009709
0.009687
0.009659
0.009610
0.009658
0.009617
0.009561
0.009919
0.009829
0.009799
0.009734
0.009981
0.009891
0.009830
0.009906
0.010023
0.010066
0.009987
0.009904
0.009927
0.010007
0.009924
0.009906
0.009807
0.009806
0.010519
0.010414
0.010374
0.010257
0.010158
0.010146
0.010029
0.009924
0.010112
0.010047
0.009970
0.009865
0.009772
0.009660
0.010162
0.010142
0.010348
0.010229
0.011613
0.011455
0.011487
0.011346
0.023396
0.022636
0.023529
0.022908
0.022865
0.022514
0.022210
0.021816
0.021393
0.021447
0.020936
0.020430
0.019874
0.021696
0.021245
0.020893
0.020433
0.020059
0.019577
0.019130
0.018624
0.018566
0.018426
0.017929
0.017442
0.017045
0.016914
0.016387
0.016392
0.016223
0.015772
0.015318
0.014867
0.018116
0.017517
0.017383
0.016894
0.016524
0.016104
0.015743
0.016182
0.016094
0.016037
0.016285
0.016186
0.016197
0.016142
0.016031
0.016072
0.015922
0.015791
0.015876
0.015831
0.016003
0.016433
0.016527
0.016549
0.016716
0.016577
0.016835
0.016692
0.016626
0.016478
0.016332
0.016290
0.016484
0.016582
0.016518
0.016442
0.016378
0.016315
0.016220
0.016118
0.016097
0.015987
0.015949
0.015890
0.015809
0.015787
0.015657
0.015536
0.015555
0.015492
0.015358
0.015249
0.015132
0.015161
0.015025
0.014898
0.014753
0.014605
0.014450
0.014341
0.014178
0.014058
0.014234
0.014058
0.014034
0.013866
0.013775
0.014039
0.013910
0.013984
0.013922
0.013809
0.013685
0.013597
0.013512
0.018197
0.017738
0.018015
0.020240
0.020253
0.020217
0.020231
0.020117
0.020141
0.019990
0.020057
0.019862
0.019682
0.019460
0.019534
0.019306
0.019350
0.019226
0.019079
0.018827
0.018987
0.019014
0.018764
0.018505
0.018228
0.018058
0.017888
0.017697
0.017408
0.017242
0.016941
0.016883
0.020770
0.020302
0.020345
0.020181
0.019948
0.019954
0.019805
0.019648
0.020609
0.020387
0.020252
0.019986
0.019741
0.019532
0.019243
0.019046
0.018742
0.018444
0.018103
0.017764
0.017407
0.017096
0.016771
0.016463
0.016085
0.015707
0.015785
0.015383
0.018527
0.018215
0.018166
0.017878
0.017904
0.017646
0.017571
0.017336
0.017078
0.017398
0.017140
0.017784
0.017506
0.017311
0.017148
0.016972
0.016779
0.016835
0.016568
0.016374
0.016073
0.015833
0.015525
0.015254
0.014935
0.014768
0.014502
0.014216
0.014023
0.013731
0.013440
0.013512
0.013195
0.013076
0.012776
0.014033
0.013885
0.014681
0.014563
0.014648
0.014595
0.014541
0.014539
0.014483
0.014353
0.017662
0.017532
0.018659
0.018602
0.018728
0.018666
0.018624
0.018548
0.018461
0.018464
0.018588
0.018530
0.018403
0.018295
0.018918
0.018794
0.018738
0.018993
0.020178
0.020097
0.020071
0.019988
0.019892
0.019960
0.019932
0.019918
0.019829
0.019731
0.019691
0.019605
0.019623
0.019497
0.019482
0.019737
0.020164
0.020046
0.019959
0.019848
0.019888
0.019781
0.019675
0.019937
0.019854
0.019870
0.019804
0.019741
0.019840
0.019749
0.019729
0.019644
0.019706
0.019600
0.019515
0.019476
0.020077
0.020010
0.019964
0.019886
0.019846
0.019758
0.020490
0.020395
0.021123
0.022483
0.022760
0.022866
0.022853
0.022849
0.022894
0.023010
0.023043
0.023017
0.022986
0.022934
0.022882
0.022895
0.023140
0.023204
0.023142
0.023421
0.023349
0.023337
0.023709
0.023618
0.023717
0.023624
0.025954
0.025733
0.025890
0.025807
0.025764
0.025644
0.025524
0.025420
0.046550
0.045391
0.046900
0.046486
0.046554
0.046326
0.046266
0.045988
0.045809
0.045285
0.044720
0.044055
0.043346
0.042638
0.041812
0.041387
0.040500
0.039616
0.038798
0.047762
0.047099
0.047251
0.047187
0.047796
0.048835
0.048412
0.048121
0.047612
0.047063
0.047304
0.046887
0.046320
0.050802
0.050477
0.050547
0.050315
0.050128
0.049849
0.049578
0.049250
0.049029
0.048643
0.048214
0.047754
0.047265
0.046747
0.046199
0.045621
0.045053
0.044896
0.044286
0.043718
0.043289
0.042572
0.041863
0.041108
0.040394
0.039632
0.039017
0.038781
0.039886
0.038989
0.038566
0.040354
0.039701
0.040045
0.039410
0.038873
0.043219
0.042833
0.042637
0.042259
0.043967
0.043532
0.043359
0.042952
0.042691
0.042281
0.041963
0.042586
0.042168
0.041945
0.041506
0.041088
0.040627
0.040164
0.039684
0.039177
0.038663
0.039199
0.038619
0.038138
0.037755
0.037226
0.038253
0.037726
0.037328
0.036842
0.036385
0.035879
0.035347
0.034808
0.034369
0.033851
0.033439
0.033729
0.033200
0.032745
0.032198
0.031737
0.031225
0.030672
0.030163
0.029599
0.029410
0.028842
0.028499
0.027947
0.027396
0.026902
0.030474
0.029920
0.029710
0.029222
0.028985
0.028768
0.030115
0.029823
0.029917
0.029819
0.029658
0.029488
0.029827
0.029883
0.029725
0.029751
0.029815
0.033759
0.033545
0.033706
0.033611
0.034764
0.034602
0.034614
0.034695
0.034686
0.034586
0.034548
0.034352
0.034137
0.034049
0.033822
0.033596
0.033790
0.033493
0.033238
0.033584
0.033238
0.032970
0.033269
0.032968
0.032664
0.032337
0.031984
0.031622
0.031244
0.030858
0.030769
0.030351
0.030017
0.029601
0.029186
0.028951
0.028521
0.028114
0.028005
0.027655
0.027413
0.027048
0.026691
0.026313
0.025939
0.025561
0.025273
0.024889
0.024528
0.024222
0.023973
0.023730
0.025136
0.024875
0.024892
0.024672
0.024524
0.024319
0.024121
0.023913
0.023705
0.023493
0.023949
0.023692
0.023921
0.023652
0.023450
0.023208
0.022965
0.023522
0.023411
0.023263
0.023189
0.023079
0.023076
0.022930
0.022807
0.022654
0.022638
0.022625
0.022470
0.022314
0.022148
0.021980
0.021835
0.021664
0.021505
0.021354
0.021217
0.021066
0.020976
0.020831
0.021168
0.021027
0.020941
0.020994
0.020880
0.020780
0.020719
0.020598
0.020671
0.021166
0.021021
0.020948
0.020856
0.022203
0.022285
0.022292
0.022311
0.022356
0.022522
0.022536
0.022546
0.022552
0.022543
0.022527
0.022531
0.022629
0.022711
0.022694
0.024125
0.024229
0.024307
0.024256
0.024291
0.026290
0.026321
0.026458
0.026371
0.026325
0.026510
0.026441
0.026351
0.026247
0.026127
0.025999
0.026030
0.026289
0.026133
0.025989
0.027252
0.027161
0.027151
0.027094
0.027703
0.027777
0.028896
0.028844
0.028949
0.028900
0.029294
0.029233
0.029211
0.029132
0.029052
0.029055
0.030066
0.029977
0.029967
0.029871
0.029792
0.030362
0.030286
0.030251
0.030168
0.030086
0.030396
0.030552
0.031498
0.031467
0.031469
0.031515
0.031662
0.031624
0.031644
0.031574
0.031503
0.031416
0.031551
0.032535
0.032543
0.033002
0.032927
0.032864
0.032770
0.032660
0.032570
0.032446
0.032513
0.032446
0.033726
0.033934
0.034259
0.034217
0.034178
0.034202
0.034137
0.034131
0.034044
0.033951
0.034030
0.033918
0.033808
0.033726
0.033674
0.033662
0.033516
0.033440
0.033309
0.033158
0.033002
0.033045
0.032888
0.032736
0.032673
0.032593
0.032538
0.032478
0.032304
0.033865
0.033934
0.033860
0.033673
0.033484
0.033586
0.033443
0.033388
0.033218
0.033223
0.033578
0.033563
0.033426
0.033275
0.033204
0.033060
0.035028
0.034810
0.034780
0.034710
0.034546
0.036594
0.036473
0.036445
0.036651
0.036664
0.036552
0.036433
0.036294
0.036216
0.036297
0.036142
0.036028
0.035908
0.035705
0.035621
0.035595
0.035399
0.035679
0.035465
0.035835
0.035669
0.035528
0.035383
0.035216
0.035086
0.035354
0.035167
0.035007
0.034866
0.034709
0.034503
0.034301
0.034158
0.033938
0.033710
0.033787
0.033546
0.033484
0.033373
0.033166
0.085677
0.081257
0.086041
0.083551
0.083519
0.082390
0.081776
0.080496
0.079158
0.077625
0.087929
0.085710
0.085492
0.083970
0.082590
0.081002
0.079394
0.077750
0.079433
0.077635
0.076281
0.074991
0.074614
0.073173
0.071618
0.070001
0.068418
0.066839
0.065293
0.063771
0.062344
0.060898
0.059501
0.058148
0.056878
0.056239
0.056759
0.056919
0.057230
0.057366
0.057560
0.057673
0.057796
0.057887
0.057975
0.058059
0.058105
0.058161
0.058182
0.058222
0.058218
0.058203
0.058205
0.058161
0.058154
0.058086
0.058009
0.057927
0.057823
0.057709
0.057582
0.058287
0.058154
0.058085
0.058181
0.058022
0.058545
0.058565
0.058799
0.058626
0.060316
0.060213
0.060158
0.060061
0.059952
0.059898
0.060097
0.059992
0.059890
0.059848
0.059737
0.059774
0.059727
0.059739
0.060285
0.060165
0.060086
0.059983
0.059863
0.059747
0.059681
0.059544
0.059604
0.059467
0.059323
0.059157
0.058976
0.058841
0.058656
0.058656
0.058462
0.058299
0.058097
0.057892
0.057683
0.057470
0.057450
0.057426
0.057478
0.057515
0.057307
0.057096
0.057000
0.056786
0.056556
0.056312
0.056067
0.056199
0.056644
0.056411
0.056416
0.056200
0.056209
0.056060
0.055860
0.055643
0.055421
0.055193
0.055084
0.055405
0.055198
0.055041
0.054910
0.054701
0.054491
0.054270
0.054073
0.053957
0.053719
0.053503
0.053270
0.053068
0.052864
0.052623
0.052376
0.052121
0.051860
0.053220
0.052941
0.052829
0.052584
0.052378
0.052539
0.052943
0.052908
0.052922
0.052903
0.052802
0.052575
0.052502
0.052262
0.052025
0.051842
0.051654
0.051623
0.051389
0.051119
0.051426
0.051106
0.050854
0.050538
0.050554
0.050224
0.049965
0.049634
0.049373
0.049032
0.048693
0.048347
0.048011
0.048528
0.048263
0.047979
0.047694
0.047395
0.047147
0.046846
0.046682
0.046382
0.046229
0.046058
0.045815
0.045558
0.045290
0.045087
0.075241
0.073739
0.075993
0.075274
0.077066
0.077239
0.077513
0.077599
0.077612
0.077517
0.077326
0.077182
0.078758
0.078534
0.078659
0.078346
0.077984
0.077521
0.077270
0.076708
0.076129
0.075904
0.075553
0.074960
0.074362
0.073652
0.072922
0.072162
0.071526
0.070752
0.070022
0.069236
0.068432
0.068181
0.067547
0.066785
0.066198
0.065407
0.064699
0.063903
0.063665
0.063134
0.062742
0.062132
0.061838
0.061241
0.060621
0.060292
0.060374
0.059804
0.059691
0.059514
0.059332
0.060285
0.060076
0.060186
0.060024
0.059822
0.059632
0.059570
0.059292
0.059007
0.058893
0.058603
0.058266
0.057946
0.061680
0.061513
0.061707
0.061569
0.061455
0.061303
0.061138
0.061734
0.061585
0.062054
0.061813
0.061771
0.061515
0.061715
0.061451
0.063151
0.062845
0.063077
0.062787
0.062566
0.062265
0.061964
0.061813
0.063682
0.063815
0.063619
0.063411
0.063142
0.062865
0.062556
0.062228
0.062254
0.061893
0.061516
0.061108
0.060772
0.060322
0.060799
0.060456
0.060067
0.059803
0.059407
0.059064
0.058606
0.058471
0.058594
0.058110
0.057672
0.057307
0.056993
0.056506
0.056168
0.057278
0.057106
0.056856
0.056477
0.056049
0.055670
0.055215
0.054746
0.054740
0.054244
0.053819
0.053853
0.053334
0.053026
0.052481
0.052239
0.052025
0.053366
0.052834
0.052431
0.052788
0.052222
0.051779
0.051361
0.050842
0.050347
0.050879
0.050780
0.050361
0.049886
0.049396
0.048922
0.048542
0.048017
0.051004
0.050140
0.049873
0.049138
0.048547
0.047869
0.047277
0.046720
0.046180
0.045675
0.045915
0.045418
0.045579
0.045072
0.044663
0.044176
0.043776
0.043278
0.042815
0.042318
0.041814
0.042056
0.041922
0.041522
0.041086
0.040632
0.040203
0.039731
0.039360
0.038926
0.038488
0.038516
0.038107
0.042317
0.042157
0.042087
0.042246
0.042389
0.042137
0.041849
0.042848
0.042659
0.042642
0.042522
0.043108
0.042950
0.043182
0.043087
0.042979
0.042864
0.042706
0.042745
0.042493
0.042824
0.043951
0.043704
0.043532
0.043288
0.043015
0.043018
0.042799
0.042510
0.042212
0.042030
0.042221
0.041893
0.041566
0.041230
0.041282
0.040908
0.040966
0.040604
0.040222
0.039794
0.039355
0.038896
0.038468
0.037997
0.037514
0.038534
0.038211
0.037832
0.037505
0.037118
0.037056
0.036704
0.036387
0.036205
0.035932
0.035540
0.035154
0.034739
0.034501
0.034094
0.046051
0.044888
0.045509
0.044584
0.044210
0.043590
0.043275
0.042597
0.042752
0.041974
0.041367
0.040582
0.039924
0.039124
0.038319
0.037560
0.037351
0.037701
0.037027
0.036294
0.035495
0.034730
0.033915
0.033183
0.032355
0.031525
0.030688
0.029886
0.029139
0.028648
0.027844
0.027060
0.026377
0.025592
0.024827
0.024104
0.023853
0.023813
0.023385
0.022960
0.022518
0.022075
0.021638
0.021514
0.021080
0.020694
0.020431
0.020181
0.020175
0.019814
0.019499
0.020071
0.019686
0.019431
0.019108
0.019260
0.018908
0.018664
0.018361
0.018079
0.017779
0.017479
0.017174
0.016867
0.016549
0.016297
0.015973
0.015688
0.015397
0.015110
0.015006
0.014721
0.014453
0.014175
0.014077
0.014173
0.013971
0.014141
0.013948
0.014282
0.014009
0.013819
0.013570
0.013412
0.013194
0.013000
0.012787
0.012643
0.012465
0.012516
0.012631
0.012490
0.012371
0.012468
0.012327
0.012199
0.012109
0.012092
0.017690
0.017332
0.017719
0.017828
0.018567
0.018524
0.018672
0.019053
0.018982
0.019046
0.019041
0.019306
0.019496
0.019371
0.019236
0.019368
0.019503
0.019331
0.019129
0.018905
0.018904
0.018664
0.018422
0.018386
0.018167
0.017941
0.017675
0.017375
0.017060
0.016769
0.016450
0.016129
0.015804
0.015510
0.015169
0.015378
0.015069
0.016297
0.015912
0.015714
0.015375
0.015144
0.014818
0.014508
0.014183
0.013857
0.013525
0.013376
0.013033
0.012905
0.012584
0.012374
0.012123
0.013127
0.012985
0.012901
0.012775
0.012681
0.012668
0.012539
0.012423
0.012842
0.012722
0.012658
0.012567
0.012498
0.012365
0.012312
0.012330
0.012222
0.012099
0.011963
0.012060
0.011919
0.011806
0.011859
0.011856
0.011727
0.011609
0.011571
0.011477
0.011381
0.011312
0.011334
0.011421
0.011397
0.011319
0.011279
0.011197
0.011119
0.011088
0.011025
0.010923
0.010812
0.010784
0.010675
0.011142
0.011004
0.010960
0.011031
0.010929
0.010941
0.012394
0.012219
0.012252
0.012193
0.012426
0.012329
0.012263
0.012241
0.012178
0.012158
0.012850
0.012953
0.012890
0.020138
0.019801
0.020380
0.020149
0.020149
0.020074
0.019950
0.020206
0.020028
0.019863
0.019644
0.019585
0.019332
0.019060
0.018774
0.018471
0.018147
0.017809
0.017460
0.017101
0.016784
0.016410
0.016388
0.015998
0.015695
0.015314
0.014946
0.014569
0.014198
0.013936
0.013606
0.013283
0.012955
0.012830
0.012518
0.012313
0.012019
0.011739
0.011458
0.011580
0.011724
0.011597
0.011520
0.011514
0.011493
0.011475
0.011470
0.011602
0.011690
0.011706
0.013122
0.012998
0.013097
0.013033
0.013015
0.013033
0.013224
0.013187
0.013145
0.013086
0.013211
0.013221
0.013710
0.014012
0.014136
0.014123
0.014099
0.014143
0.014269
0.014450
0.014418
0.014551
0.014494
0.014471
0.014418
0.014675
0.014578
0.014524
0.014422
0.014327
0.014319
0.014278
0.015128
0.015162
0.015107
0.015011
0.014902
0.014791
0.014678
0.015213
0.015114
0.015071
0.015000
0.014895
0.014784
0.014665
0.014540
0.014594
0.014511
0.014402
0.014854
0.014727
0.014640
0.014512
0.014395
0.014266
0.014140
0.014012
0.014149
0.014019
0.014175
0.014069
0.014018
0.013919
0.014942
0.014850
0.014823
0.014746
0.014759
0.014656
0.014624
0.014645
0.014543
0.016892
0.016660
0.016730
0.016573
0.016695
0.016609
0.017746
0.017586
0.017542
0.017403
0.017302
0.017150
0.018275
0.018236
0.018233
0.018162
0.018078
0.018102
0.017973
0.017837
0.017689
0.017536
0.018005
0.017803
0.017675
0.017819
0.018109
0.018402
0.018332
0.018291
0.018105
0.017923
0.017807
0.017605
0.017620
0.017545
0.017339
0.017235
0.017021
0.016896
0.016674
0.016454
0.016275
0.016097
0.015911
0.015722
0.015633
0.015435
0.015242
0.015042
0.014896
0.014703
0.014496
0.014452
0.014829
0.014742
0.014624
0.014464
0.014313
0.015305
0.015055
0.015074
0.015861
0.015656
0.015555
0.015524
0.015429
0.016621
0.016705
0.016625
0.016401
0.016203
0.015976
0.015744
0.015496
0.015631
0.022472
0.021766
0.022669
0.022166
0.022059
0.021715
0.021413
0.021071
0.020774
0.020368
0.019950
0.019555
0.019164
0.020462
0.019903
0.019551
0.019024
0.019209
0.018689
0.018276
0.017790
0.018846
0.018550
0.018278
0.017957
0.019281
0.018872
0.019511
0.019110
0.019027
0.018662
0.018368
0.018015
0.017700
0.018077
0.017850
0.017529
0.017646
0.017355
0.017805
0.018272
0.018077
0.017978
0.017865
0.017739
0.017657
0.017602
0.017469
0.017287
0.017100
0.016955
0.017385
0.017216
0.017102
0.017138
0.017037
0.017257
0.017139
0.017027
0.016893
0.016751
0.016645
0.016658
0.016530
0.016408
0.016278
0.016441
0.016285
0.016163
0.015998
0.015834
0.015658
0.015474
0.015506
0.015356
0.015173
0.014978
0.014784
0.014579
0.014367
0.014353
0.014203
0.014028
0.014254
0.014065
0.013883
0.014156
0.014305
0.014193
0.014061
0.016481
0.016120
0.016181
0.016077
0.015920
0.015720
0.015516
0.015301
0.015115
0.014996
0.014745
0.014500
0.014477
0.014208
0.013979
0.013703
0.013439
0.013247
0.014040
0.013676
0.013476
0.013140
0.012992
0.012738
0.013127
0.012793
0.012659
0.012375
0.012215
0.012011
0.012471
0.012185
0.011998
0.012415
0.012218
0.012112
0.015417
0.015695
0.016516
0.016366
0.016411
0.016319
0.016251
0.016150
0.016058
0.015974
0.016150
0.016035
0.015909
0.015769
0.016687
0.016471
0.016410
0.016217
0.016064
0.016789
0.016675
0.016553
0.016422
0.016673
0.016532
0.016958
0.016783
0.016674
0.016886
0.019130
0.019286
0.019345
0.019316
0.019543
0.019512
0.019484
0.019429
0.019383
0.019309
0.019802
0.019687
0.019734
0.019605
0.019498
0.019388
0.019251
0.019152
0.019020
0.018867
0.018691
0.018910
0.018905
0.018758
0.018583
0.018390
0.019691
0.019631
0.019582
0.020254
0.020233
0.020338
0.020252
0.020214
0.020133
0.020708
0.020600
0.020540
0.020428
0.020352
0.020233
0.020124
0.019992
0.019857
0.020995
0.020860
0.021271
0.021189
0.021140
0.021879
0.022187
0.022188
0.022253
0.022195
0.022165
0.022203
0.022215
0.022140
0.022053
0.021963
0.021866
0.021762
0.021651
0.021536
0.021414
0.021287
0.021331
0.021203
0.021225
0.021258
0.021225
0.021125
0.021015
0.020907
0.020897
0.020983
0.020950
0.020829
0.020793
0.020882
0.020996
0.020900
0.020831
0.020778
0.020704
0.020617
0.020528
0.020465
0.020720
0.020662
0.020606
0.020513
0.020427
0.020335
0.020242
0.020188
0.020283
0.020241
0.020333
0.020551
0.020489
0.020426
0.020346
0.020268
0.020206
0.020405
0.020679
0.020850
0.020871
0.020833
0.020799
0.020969
0.020929
0.020905
0.021182
0.021337
0.021380
0.022317
0.022313
0.022360
0.022376
0.022506
0.022522
0.022821
0.022822
0.022858
0.022922
0.022925
0.022926
0.022932
0.023006
0.022995
0.023153
0.023229
0.023217
0.023237
0.023254
0.023241
0.023434
0.023426
0.023530
0.023522
0.023509
0.023487
0.023461
0.023432
0.023430
0.023399
0.023523
0.023525
0.023498
0.023459
0.023460
0.023490
0.023476
0.023717
0.023964
0.024204
0.024229
0.024194
0.024338
0.024331
0.024286
0.024399
0.024329
0.024274
0.024197
0.024318
0.024240
0.024265
0.024189
0.024114
0.024028
0.023939
0.023891
0.023794
0.023825
0.023736
0.023827
0.023731
0.023831
0.023880
0.023795
0.023758
0.023691
0.023603
0.023562
0.023469
0.023377
0.023280
0.023183
0.023086
0.023106
0.023073
0.022980
0.022886
0.022849
0.022786
0.022690
0.023955
0.023935
0.023944
0.024754
0.024636
0.024755
0.024902
0.024860
0.024820
0.024752
0.024678
0.024596
0.024505
0.024407
0.024303
0.024192
0.024085
0.024013
0.023885
0.023795
0.024065
0.024045
0.023950
0.023849
0.023740
0.023633
0.023601
0.023485
0.023504
0.023379
0.023269
0.023143
0.023018
0.022889
0.022759
0.022668
0.022539
0.023910
0.023752
0.023726
0.023614
0.023546
0.023447
0.023345
0.023235
0.023255
0.023136
0.023074
0.023026
0.022905
0.022811
0.022675
0.022540
0.022507
0.022382
0.022258
0.022136
0.022088
0.021949
0.021813
0.021767
0.021624
0.021486
0.021339
0.021365
0.021256
0.021130
0.020995
0.020856
0.020734
0.020594
0.020472
0.020423
0.020287
0.020157
0.020032
0.019908
0.019893
0.019830
0.019756
0.019633
0.019512
0.019450
0.019331
0.019215
0.019145
0.019042
0.019060
0.018994
0.018929
0.018863
0.018805
0.018773
0.018864
0.018797
0.019196
0.019127
0.019218
0.019166
0.019263
0.019331
0.019374
0.019488
0.019455
0.019417
0.019369
0.019400
0.019485
0.019738
0.019731
0.019717
0.019678
0.019635
0.019586
0.019534
0.019545
0.019520
0.019466
0.019405
0.019351
0.019282
0.019231
0.019336
0.019366
0.019441
0.019375
0.019310
0.019239
0.019171
0.019118
0.019052
0.019103
0.019098
0.019121
0.019043
0.018968
0.018884
0.018798
0.018709
0.018616
0.018520
0.018496
0.018402
0.018333
0.018261
0.018172
0.018084
0.018330
0.018233
0.018535
0.018594
0.018541
0.018559
0.018478
0.018401
0.018313
0.018225
0.018218
0.018566
0.018477
0.018409
0.018352
0.018678
0.018746
0.018681
0.018617
0.018543
0.018517
0.018434
0.018464
0.018380
0.018301
0.018215
0.018129
0.018042
0.017971
0.018104
0.018025
0.018016
0.018016
0.017950
0.017907
0.017836
0.017767
0.017696
0.017623
0.017572
0.017533
0.017499
0.017629
0.017682
0.017824
0.045627
0.044348
0.046549
0.046065
0.046427
0.046394
0.046400
0.046272
0.046072
0.045717
0.045283
0.044760
0.044163
0.043496
0.042764
0.041971
0.043350
0.042460
0.041768
0.040892
0.040068
0.039127
0.038197
0.037208
0.036204
0.035195
0.034165
0.033183
0.032158
0.031343
0.030298
0.029275
0.028289
0.027268
0.026391
0.025414
0.024482
0.023514
0.023368
0.022403
0.021590
0.020797
0.019977
0.019825
0.019711
0.019570
0.020191
0.020024
0.019969
0.019805
0.019660
0.019590
0.019433
0.019272
0.019176
0.019004
0.018837
0.018660
0.018709
0.018514
0.018381
0.018192
0.018016
0.017902
0.017801
0.017695
0.017585
0.017506
0.017396
0.017281
0.017167
0.017243
0.017130
0.017143
0.017334
0.017229
0.017136
0.017027
0.016932
0.016989
0.016897
0.017051
0.017466
0.017479
0.017432
0.017460
0.017360
0.017267
0.017167
0.017068
0.016964
0.016858
0.016749
0.016639
0.016530
0.016433
0.016352
0.016268
0.016183
0.016095
0.016008
0.015922
0.016299
0.016206
0.016236
0.016203
0.016134
0.016071
0.015994
0.015920
0.015957
0.015884
0.015859
0.015780
0.015709
0.015667
0.015764
0.015689
0.016238
0.016168
0.016164
0.016162
0.016118
0.016072
0.016027
0.015983
0.015935
0.015884
0.015829
0.015774
0.015717
0.015657
0.015595
0.015590
0.015591
0.015525
0.015459
0.015723
0.015639
0.015599
0.015521
0.015477
0.015434
0.015365
0.015304
0.015269
0.015204
0.015138
0.015070
0.015003
0.014933
0.014861
0.014788
0.014960
0.014873
0.015005
0.014930
0.014872
0.014812
0.022443
0.022024
0.022609
0.022438
0.022476
0.022416
0.022427
0.022324
0.022204
0.022061
0.021897
0.022058
0.021844
0.021643
0.021393
0.021139
0.020864
0.020665
0.020540
0.020232
0.020558
0.020202
0.020073
0.019729
0.019408
0.019068
0.018727
0.018435
0.018087
0.018863
0.018517
0.018254
0.017946
0.017786
0.017470
0.017168
0.016856
0.016551
0.016255
0.015954
0.015658
0.015528
0.015428
0.015327
0.015416
0.015318
0.019125
0.019040
0.019266
0.019232
0.019295
0.019327
0.019324
0.019303
0.019422
0.019370
0.019324
0.019399
0.019416
0.019328
0.019230
0.019113
0.018999
0.018876
0.018742
0.018598
0.018537
0.018382
0.018293
0.018140
0.017973
0.018298
0.018092
0.017943
0.017800
0.017658
0.017458
0.017256
0.017046
0.016832
0.016613
0.016390
0.016163
0.015934
0.015754
0.015541
0.015439
0.015211
0.015016
0.014791
0.014731
0.014510
0.014310
0.014121
0.013934
0.013865
0.013789
0.013773
0.013659
0.013550
0.013438
0.013327
0.013316
0.013201
0.013650
0.013661
0.013659
0.013611
0.013735
0.013695
0.013652
0.013671
0.013632
0.013588
0.013541
0.013510
0.013454
0.013397
0.013373
0.013438
0.013405
0.017890
0.017720
0.018032
0.017941
0.017952
0.017991
0.017940
0.017929
0.017905
0.017809
0.017714
0.017582
0.017523
0.017358
0.017193
0.017010
0.016822
0.016623
0.016452
0.016289
0.016111
0.015906
0.015686
0.015461
0.015241
0.015034
0.014831
0.014626
0.014430
0.014221
0.016590
0.018610
0.018603
0.018605
0.018550
0.018530
0.018500
0.018451
0.018394
0.018326
0.018477
0.018518
0.018440
0.018416
0.018316
0.018234
0.018124
0.018011
0.017890
0.017764
0.017634
0.022781
0.022641
0.023940
0.023835
0.023884
0.023836
0.023788
0.023736
0.023650
0.023586
0.023477
0.023406
0.023286
0.023174
0.023035
0.022919
0.024121
0.025469
0.025491
0.025498
0.025426
0.025641
0.025557
0.025496
0.025368
0.025820
0.025843
0.025775
0.025707
0.025677
0.025571
0.025470
0.025381
0.027917
0.027732
0.027972
0.027824
0.027831
0.027704
0.027585
0.027436
0.027297
0.027123
0.026929
0.026763
0.026536
0.026298
0.026042
0.025772
0.025487
0.025228
0.024917
0.024764
0.024438
0.024111
0.027856
0.027620
0.027601
0.027406
0.027226
0.027016
0.026804
0.026571
0.026315
0.026045
0.025767
0.025465
0.025193
0.024873
0.024551
0.024320
0.023979
0.023632
0.023266
0.023078
0.037430
0.037054
0.037877
0.037331
0.037201
0.036840
0.037993
0.037638
0.037333
0.036896
0.036409
0.036638
0.036070
0.035497
0.036093
0.035457
0.034878
0.034233
0.033540
0.032849
0.032097
0.031365
0.033163
0.032177
0.031603
0.030708
0.030290
0.029749
0.029031
0.028300
0.027558
0.028523
0.027908
0.028131
0.027384
0.026753
0.026087
0.025409
0.024736
0.024044
0.023354
0.024343
0.023907
0.023748
0.023516
0.023660
0.023526
0.025846
0.025616
0.025634
0.025610
0.025433
0.025244
0.025031
0.024791
0.026270
0.026033
0.025946
0.025699
0.026250
0.026174
0.026006
0.025823
0.025618
0.025399
0.025164
0.026053
0.025795
0.025619
0.025375
0.025155
0.024884
0.024607
0.024383
0.024125
0.023864
0.023674
0.023392
0.023405
0.023164
0.022881
0.022579
0.022321
0.022025
0.021726
0.021414
0.021101
0.020809
0.020516
0.020181
0.019844
0.019500
0.019396
0.019125
0.018853
0.018527
0.018233
0.020639
0.020324
0.020280
0.020002
0.019776
0.019580
0.019314
0.019057
0.018765
0.018963
0.018719
0.018520
0.018284
0.018407
0.018194
0.018077
0.017912
0.017722
0.017518
0.017277
0.017030
0.017133
0.016912
0.016959
0.016746
0.018130
0.018011
0.018002
0.018053
0.017998
0.017929
0.017852
0.018385
0.018259
0.018248
0.018122
0.018009
0.017902
0.017765
0.018117
0.018115
0.018052
0.018039
0.017955
0.017873
0.017778
0.017679
0.017809
0.017744
0.017694
0.017604
0.017516
0.017453
0.017394
0.017282
0.017166
0.017042
0.016960
0.016847
0.016712
0.016613
0.016565
0.016415
0.016269
0.016158
0.016004
0.015864
0.015700
0.015655
0.015490
0.015331
0.015162
0.015049
0.014888
0.014746
0.014664
0.014712
0.014620
0.014541
0.014495
0.015014
0.014971
0.014925
0.014841
0.014760
0.014681
0.015376
0.015272
0.015234
0.016464
0.016400
0.016382
0.016321
0.016375
0.016306
0.016239
0.020459
0.020339
0.020591
0.020919
0.020865
0.020819
0.020739
0.020650
0.020534
0.020398
0.020240
0.033217
0.032837
0.033617
0.033477
0.034404
0.034468
0.038833
0.038690
0.038911
0.038759
0.039103
0.038946
0.038837
0.038547
0.038205
0.038890
0.038442
0.039574
0.041093
0.040810
0.040451
0.040037
0.039680
0.039900
0.053433
0.053926
0.054654
0.054719
0.054839
0.055345
0.055331
0.055253
0.055094
0.054880
0.054607
0.055471
0.055179
0.055701
0.055353
0.055041
0.054624
0.054206
0.053922
0.053464
0.053035
0.052555
0.052041
0.051491
0.050953
0.050422
0.049790
0.049139
0.048542
0.047844
0.048759
0.048024
0.048581
0.047783
0.047108
0.046328
0.045557
0.044763
0.044027
0.043247
0.042560
0.041753
0.040949
0.040094
0.039240
0.038374
0.037504
0.036654
0.035902
0.035034
0.034284
0.033750
0.034225
0.033717
0.033314
0.032823
0.032494
0.033090
0.049944
0.054325
0.055055
0.055181
0.056459
0.056474
0.056453
0.056797
0.058087
0.058511
0.058957
0.059290
0.059864
0.060153
0.060475
0.060934
0.061185
0.061412
0.061632
0.061825
0.062674
0.062923
0.063126
0.063481
0.064924
0.065046
0.065458
0.065559
0.065684
0.065799
0.065856
0.066048
0.066085
0.066149
0.066101
0.066036
0.065940
0.065822
0.065680
0.065515
0.065356
0.068335
0.068057
0.068051
0.067808
0.067672
0.067801
0.067655
0.069322
0.069164
0.069048
0.069092
0.069662
0.069538
0.069379
0.069539
0.069324
0.072801
0.072735
0.072930
0.072878
0.072865
0.075303
0.076303
0.076799
0.076792
0.077334
0.077256
0.077195
0.077073
0.076960
0.076780
0.076574
0.076457
0.076202
0.077284
0.077292
0.077268
0.076960
0.076655
0.076306
0.075940
0.075545
0.075579
0.075135
0.074765
0.074294
0.073834
0.073457
0.073076
0.077518
0.077100
0.077083
0.076733
0.076477
0.077320
0.077010
0.076872
0.076659
0.076442
0.076108
0.075755
0.075408
0.075010
0.074646
0.074316
0.073956
0.073561
0.073355
0.072937
0.072524
0.072862
0.072561
0.072177
0.072293
0.071914
0.071595
0.071691
0.071734
0.071400
0.071105
0.072246
0.071850
0.071613
0.071236
0.070928
0.070562
0.070235
0.070603
0.070405
0.070065
0.069814
0.071653
0.071178
0.071246
0.070803
0.070521
0.070107
0.070144
0.072286
0.071944
0.071759
0.071656
0.071355
0.071346
0.071187
0.071070
0.070728
0.070481
0.070118
0.069747
0.069346
0.069168
0.069061
0.068677
0.068263
0.067825
0.067390
0.067586
0.067081
0.066732
0.066339
0.067908
0.067584
0.067390
0.067220
0.067025
0.066884
0.066686
0.066389
0.066116
0.065790
0.065460
0.065191
0.064976
0.064688
0.064395
0.064088
0.063818
0.063489
0.063159
0.062815
0.062477
0.062158
0.061894
0.061518
0.064479
0.063928
0.065439
0.064897
0.064739
0.064349
0.064034
0.065352
0.065522
0.065254
0.064868
0.064911
0.064695
0.064350
0.064003
0.063655
0.063276
0.063193
0.062810
0.062443
0.062039
0.061631
0.061211
0.060925
0.060598
0.060551
0.060247
0.059838
0.059450
0.059171
0.058715
0.058287
0.058930
0.058472
0.058122
0.057775
0.057530
0.057153
0.056800
0.060089
0.059651
0.059695
0.059288
0.059267
0.058931
0.058753
0.058419
0.058411
0.058667
0.058363
0.058080
0.057781
0.057490
0.057185
0.056967
0.056752
0.056655
0.056357
0.056094
0.055793
0.055485
0.055161
0.054847
0.054504
0.054155
0.053800
0.053447
0.053132
0.052775
0.052629
0.052280
0.051952
0.051608
0.051259
0.050903
0.050653
0.050286
0.049946
0.049603
0.049257
0.048905
0.048873
0.048552
0.048256
0.047944
0.047751
0.047597
0.047304
0.047019
0.046719
0.046423
0.046121
0.045844
0.045582
0.045315
0.045043
0.044920
0.044673
0.044430
0.044656
0.044483
0.044587
0.044322
0.044110
0.043863
0.043683
0.043627
0.043635
0.043442
0.043315
0.043093
0.045362
0.047848
0.047719
0.047755
0.047500
0.047454
0.047323
0.047151
0.047345
0.047051
0.046926
0.047022
0.046727
0.047070
0.046767
0.047002
0.046673
0.046392
0.046321
0.046141
0.045830
0.045873
0.045526
0.045201
0.044835
0.045489
0.045175
0.044993
0.044711
0.044402
0.044403
0.044084
0.043997
0.043782
0.043571
0.043393
0.043118
0.042818
0.042505
0.042185
0.041875
0.041653
0.043556
0.043214
0.043087
0.042843
0.042757
0.042890
0.043523
0.043467
0.043288
0.043105
0.043644
0.043788
0.044314
0.044262
0.044562
0.045241
0.045111
0.045039
0.044884
0.044735
0.044560
0.044375
0.045189
0.044889
0.044778
0.044516
0.044277
0.044020
0.043736
0.044175
0.043885
0.043639
0.043341
0.043454
0.044128
0.045046
0.044851
0.044679
0.044628
0.072145
0.071505
0.073368
0.073311
0.074180
0.074413
0.077337
0.078046
0.081279
0.081797
0.082542
0.082920
0.083452
0.083761
0.084010
0.084189
0.084367
0.084520
0.084462
0.084748
0.084667
0.084459
0.084149
0.083773
0.083335
0.083814
0.083226
0.082684
0.082002
0.081411
0.080638
0.079829
0.079129
0.078234
0.078882
0.079441
0.078650
0.077834
0.077009
0.076081
0.078287
0.077227
0.076441
0.075329
0.074463
0.073485
0.072393
0.071313
0.070224
0.069116
0.068016
0.066954
0.066434
0.065171
0.064096
0.064345
0.064243
0.063382
0.062507
0.061573
0.060640
0.059704
0.058777
0.059824
0.058849
0.058072
0.057286
0.056800
0.056442
0.055911
0.055566
0.055408
0.054895
0.054362
0.053820
0.055826
0.055487
0.056191
0.058759
0.058337
0.058246
0.057786
0.057542
0.057372
0.057263
0.057275
0.057063
0.056847
0.057084
0.056898
0.057341
0.057086
0.056910
0.056632
0.056666
0.056354
0.056053
0.055818
0.055501
0.055143
0.054812
0.054416
0.054806
0.054807
0.054480
0.057686
0.057512
0.058903
0.061481
0.061562
0.061578
0.061878
0.061848
0.064416
0.064368
0.064780
0.064821
0.065052
0.065036
0.065016
0.064947
0.064995
0.064875
0.064744
0.064571
0.064378
0.064156
0.063911
0.063700
0.065786
0.066282
0.066234
0.065989
0.065783
0.065526
0.065252
0.064958
0.064640
0.064294
0.063955
0.064810
0.064578
0.064772
0.064867
0.064558
0.065142
0.064821
0.065142
0.065379
0.065116
0.064899
0.064593
0.064382
0.064157
0.063844
0.063560
0.063605
0.063268
0.062928
0.062567
0.062195
0.061851
0.062530
0.062134
0.061820
0.062653
0.062387
0.062091
0.062005
0.061697
0.061528
0.062004
0.061676
0.061408
0.061205
0.061415
0.061117
0.060841
0.060892
0.060746
0.062015
0.061819
0.061675
0.061483
0.061300
0.061109
0.060893
0.060666
0.060454
0.060237
0.060137
0.059895
0.059758
0.059638
0.059374
0.059109
0.058825
0.058532
0.058420
0.058133
0.057827
0.057513
0.057372
0.057051
0.056885
0.056819
0.056519
0.056214
0.055901
0.055698
0.055397
0.055214
0.054943
0.054651
0.055115
0.054798
0.054541
0.054224
0.053918
0.053735
0.053426
0.053134
0.053345
0.054060
0.053923
0.054038
0.053831
0.053625
0.053406
0.053374
0.053790
0.053573
0.053410
0.053171
0.052950
0.052844
0.052622
0.054200
0.054035
0.054051
0.053882
0.053736
0.053569
0.053538
0.053347
0.053590
0.053408
0.053350
0.055016
0.054930
0.055056
0.054924
0.054822
0.054685
0.054542
0.054384
0.054226
0.054065
0.054016
0.053908
0.054373
0.055010
0.054845
0.054721
0.054599
0.054468
0.054273
0.054078
0.053868
0.053645
0.053636
0.053716
0.053515
0.053266
0.052995
0.053094
0.052864
0.052612
0.052345
0.052063
0.051772
0.051689
0.051619
0.051488
0.051189
0.050901
0.050596
0.050287
0.050450
0.050324
0.050359
0.050253
0.050013
0.049759
0.050128
0.050035
0.049849
0.049622
0.049351
0.049076
0.048819
0.048526
0.048234
0.047933
0.047708
0.047450
0.047127
0.046800
0.046723
0.046413
0.046258
0.045951
0.045687
0.045375
0.045631
0.046934
0.046712
0.046526
0.046353
0.046152
0.046106
0.045837
0.045566
0.045427
0.045326
0.045045
0.045850
0.045711
0.045580
0.045437
0.045214
0.045042
0.045176
0.044936
0.044714
0.044471
0.044224
0.043964
0.043732
0.043457
0.043201
0.042950
0.042655
0.042638
0.042348
0.042249
0.041937
0.042144
0.041812
0.041921
0.041571
0.041277
0.041598
0.041250
0.041643
0.041306
0.041148
0.040822
0.040521
0.040293
0.039979
0.039650
0.039314
0.039334
0.039565
0.039345
0.039052
0.038813
0.038554
0.038291
0.038047
0.038301
0.038022
0.037823
0.037821
0.037761
0.037587
0.037379
0.038249
0.038093
0.038532
0.038333
0.038204
0.038035
0.037876
0.039623
0.039758
0.039771
0.039603
0.039630
0.039480
0.039875
0.039729
0.039636
0.039488
0.039343
0.039184
0.039021
0.038882
0.038697
0.038501
0.038334
0.038125
0.038045
0.038213
0.038097
0.037892
0.037663
0.037444
0.037208
0.036971
0.036954
0.036967
0.036866
0.036641
0.036407
0.036272
0.036030
0.036295
0.036234
0.036274
0.036029
0.035802
0.035947
0.035713
0.036184
0.035925
0.035992
0.035753
0.037830
0.037877
0.037788
0.041656
0.041105
0.041199
0.042213
0.041977
0.041794
0.041513
0.041266
0.040996
0.041418
0.042524
0.042337
0.042042
0.041788
0.042603
0.042271
0.043472
0.043272
0.043079
0.042917
0.042694
0.043088
0.042894
0.042705
0.042547
0.042311
0.042124
0.041869
0.041617
0.042415
0.042210
0.042030
0.041867
0.042247
0.042066
0.041956
0.041789
0.041762
0.041578
0.041676
0.041479
0.041371
0.041325
0.041401
0.041495
0.041634
0.041579
0.042212
0.042076
0.042004
0.041873
0.041750
0.041617
0.041515
0.041406
0.041293
0.041350
0.047578
0.047513
0.047924
0.047921
0.048110
0.048174
0.048372
0.048392
0.048594
0.048600
0.048726
0.048668
0.048652
0.048920
0.048934
0.049623
0.049616
0.050417
0.050342
0.050309
0.051305
0.051173
0.051140
0.050997
0.051308
0.051165
0.051031
0.050880
0.050705
0.050516
0.050359
0.050164
0.049958
0.049776
0.049561
0.049335
0.049218
0.048973
0.048763
0.048530
0.048302
0.048161
0.047923
0.047810
0.047569
0.047798
0.047546
0.047873
0.047734
0.047689
0.047902
0.047804
0.047783
0.047679
0.047574
0.047469
0.047402
0.047463
0.060469
0.059607
0.060724
0.060226
0.061127
0.061416
0.061906
0.062216
0.062495
0.062877
0.063105
0.063368
0.063606
0.063786
0.064221
0.064381
0.064766
0.064889
0.065086
0.065183
0.065304
0.065382
0.065475
0.065523
0.065554
0.065575
0.065583
0.066378
0.066347
0.066390
0.066357
0.066533
0.066594
0.066631
0.066590
0.066589
0.066515
0.066573
0.066512
0.066421
0.066396
0.066822
0.066674
0.066676
0.066510
0.066353
0.066187
0.066041
0.065845
0.065817
0.065614
0.065645
0.065453
0.065315
0.065070
0.064826
0.065381
0.065173
0.065285
0.065014
0.064741
0.064423
0.064099
0.063771
0.063464
0.063089
0.062706
0.062303
0.061889
0.061461
0.061022
0.060573
0.060818
0.060512
0.060150
0.059896
0.059476
0.059318
0.059065
0.058652
0.058240
0.057820
0.057400
0.057118
0.056697
0.060178
0.066070
0.065783
0.065940
0.065518
0.065678
0.065313
0.064927
0.064484
0.064011
0.064076
0.063705
0.063257
0.063966
0.063625
0.063173
0.062675
0.062151
0.061605
0.061109
0.060517
0.059913
0.059286
0.058851
0.058253
0.057610
0.058735
0.058719
0.058335
0.058061
0.057642
0.057219
0.056823
0.056561
0.056127
0.056396
0.056103
0.055828
0.055989
0.056142
0.055784
0.055539
0.056495
0.056271
0.056248
0.056096
0.055981
0.055845
0.056190
0.056031
0.058210
0.058021
0.058028
0.058433
0.058340
0.058251
0.058127
0.058225
0.058076
0.057935
0.057779
0.057605
0.058027
0.057908
0.057844
0.057798
0.057750
0.057608
0.057477
0.058487
0.058636
0.058610
0.058501
0.058654
0.058529
0.058740
0.058650
0.058615
0.058508
0.058405
0.058399
0.058368
0.058301
0.058218
0.058159
0.058034
0.057985
0.057840
0.057947
0.057883
0.057792
0.057660
0.057522
0.057374
0.057475
0.058045
0.057926
0.057814
0.057768
0.057639
0.057504
0.057357
0.057945
0.057782
0.057702
0.057536
0.057645
0.057508
0.057403
0.057251
0.057152
0.056985
0.056859
0.056686
0.056975
0.056789
0.057093
0.056984
0.057618
0.057431
0.057327
0.057154
0.056994
0.056823
0.056667
0.056492
0.056313
0.056126
0.055937
0.056154
0.056450
0.056251
0.056111
0.055900
0.055767
0.055556
0.055620
0.055395
0.055324
0.055090
0.054869
0.054629
0.055473
0.081879
0.080409
0.082245
0.081529
0.081755
0.081446
0.081165
0.080736
0.080320
0.079722
0.079214
0.078585
0.077781
0.076913
0.079763
0.079347
0.078883
0.078299
0.077703
0.077064
0.076613
0.075984
0.075286
0.074622
0.073886
0.073169
0.072986
0.072421
0.072021
0.071296
0.070570
0.069841
0.069169
0.068475
0.068508
0.068202
0.067636
0.067059
0.066453
0.065830
0.065210
0.064596
0.064042
0.063509
0.063009
0.063439
0.063986
0.064731
0.064841
0.064878
0.064930
0.065484
0.065445
0.065480
0.065430
0.065744
0.066214
0.066815
0.067143
0.067134
0.067132
0.067095
0.067082
0.067020
0.067545
0.067542
0.067718
0.067624
0.067693
0.067581
0.067556
0.068229
0.068437
0.068396
0.068636
0.069218
0.069110
0.069065
0.068940
0.068825
0.068681
0.068778
0.068619
0.068465
0.068283
0.069117
0.068950
0.068911
0.068736
0.068564
0.068447
0.068230
0.068009
0.067772
0.067570
0.067768
0.068385
0.068216
0.068102
0.067914
0.067779
0.067569
0.067598
0.067350
0.067148
0.066894
0.067152
0.066875
0.066630
0.066340
0.066063
0.065751
0.065738
0.065695
0.065514
0.065425
0.065109
0.065072
0.064952
0.064637
0.064318
0.064508
0.064450
0.064590
0.065273
0.064990
0.064918
0.064621
0.064356
0.064053
0.064536
0.064291
0.064054
0.063792
0.063521
0.063244
0.062964
0.063230
0.062922
0.062676
0.062338
0.062251
0.061943
0.061682
0.061357
0.061057
0.060750
0.060651
0.060324
0.060019
0.059791
0.059462
0.059782
0.059499
0.059207
0.059041
0.058751
0.058479
0.058376
0.058213
0.057966
0.057686
0.058382
0.058432
0.058465
0.058236
0.058436
0.058241
0.058081
0.057911
0.057732
0.058143
0.057929
0.057979
0.057859
0.057766
0.058210
0.058225
0.058095
0.057955
0.057918
0.057760
0.057613
0.057443
0.057268
0.057216
0.057095
0.056919
0.056747
0.056577
0.056440
0.056234
0.056969
0.056760
0.056621
0.056804
0.056646
0.056472
0.056894
0.057560
0.057402
0.057545
0.057365
0.057480
0.057300
0.057143
0.056954
0.057187
0.058907
0.058660
0.058655
0.058440
0.058462
0.058384
0.058196
0.058152
0.057938
0.057721
0.057508
0.057263
0.057015
0.056978
0.056730
0.056498
0.056242
0.056005
0.055861
0.055907
0.055816
0.055833
0.055618
0.055588
0.055358
0.055208
0.055187
0.055079
0.055322
0.055454
0.055272
0.055089
0.054888
0.054675
0.054465
0.054294
0.054083
0.053869
0.054949
0.054832
0.055423
0.055297
0.055897
0.055776
0.055703
0.056260
0.056164
0.056321
0.056216
0.056339
0.056277
0.056206
0.056620
0.056501
0.056434
0.056420
0.056444
0.056306
0.056170
0.056015
0.055853
0.055703
0.055567
0.055390
0.055338
0.055145
0.055006
0.055109
0.054912
0.054734
0.054650
0.055130
0.054982
0.054821
0.054657
0.054485
0.054528
0.054343
0.054730
0.055094
0.055302
0.055372
0.055248
0.055361
0.055222
0.055574
0.055405
0.055361
0.055207
0.055054
0.054904
0.054789
0.054860
0.055833
0.055817
0.056118
0.056243
0.056106
0.055964
0.055817
0.055648
0.055487
0.055605
0.055433
0.055260
0.055066
0.054875
0.054713
0.054533
0.054479
0.054364
0.054172
0.055055
0.054775
0.055008
0.054954
0.054787
0.054599
0.054485
0.054307
0.054219
0.054021
0.053887
0.053713
0.053515
0.053313
0.053106
0.052938
0.052892
0.052699
0.052521
0.052344
0.052156
0.052733
0.052544
0.052439
0.052381
0.052432
0.052313
0.052190
0.052062
0.051920
0.051793
0.051642
0.051513
0.051487
0.051355
0.058841
0.058711
0.059269
0.059179
0.059240
0.059216
0.059347
0.059388
0.060512
0.060589
0.060763
0.060882
0.060915
0.060918
0.061214
0.061296
0.061266
0.061228
0.061188
0.061084
0.061229
0.061069
0.060931
0.060742
0.060820
0.060617
0.060561
0.060386
0.060156
0.059903
0.059758
0.059479
0.059194
0.058890
0.058743
0.058522
0.058251
0.057928
0.057607
0.057271
0.056932
0.056702
0.056387
0.056042
0.055691
0.055332
0.054968
0.054598
0.054223
0.053844
0.053464
0.053087
0.052853
0.052469
0.052099
0.051714
0.051330
0.050943
0.050554
0.051567
0.065778
0.064793
0.065738
0.065143
0.065072
0.064830
0.064593
0.064373
0.064139
0.063983
0.063741
0.063259
0.062769
0.062201
0.061605
0.061210
0.060546
0.068812
0.067762
0.067827
0.067029
0.066458
0.065763
0.065094
0.064517
0.063794
0.062967
0.062202
0.061596
0.060697
0.059949
0.059031
0.058109
0.057636
0.056676
0.055752
0.055028
0.054080
0.053153
0.052216
0.051291
0.050623
0.050063
0.049511
0.049297
0.048748
0.048367
0.048193
0.047710
0.047260
0.047042
0.046694
0.046245
0.045923
0.045552
0.045127
0.044745
0.044332
0.044261
0.044081
0.044202
0.044884
0.044806
0.044770
0.044705
0.044795
0.044768
0.044855
0.044709
0.044577
0.044427
0.044328
0.044168
0.044026
0.044135
0.043997
0.043944
0.043788
0.043634
0.043467
0.043495
0.043353
0.043254
0.043088
0.042930
0.042812
0.042682
0.044715
0.044503
0.044591
0.044841
0.044740
0.044630
0.044490
0.044569
0.044427
0.044284
0.044209
0.044047
0.043884
0.043883
0.043741
0.044167
0.043972
0.043847
0.043659
0.043504
0.043319
0.043137
0.042960
0.042763
0.042551
0.042333
0.042108
0.041997
0.041816
0.041621
0.041398
0.041187
0.041243
0.041139
0.041420
0.041236
0.041090
0.041229
0.041279
0.041115
0.040950
0.040768
0.040704
0.040716
0.043320
0.043022
0.043053
0.042825
0.042686
0.042537
0.042412
0.042485
0.042326
0.042300
0.042266
0.042105
0.041937
0.041757
0.043021
0.042778
0.043078
0.042866
0.042719
0.042530
0.042342
0.042191
0.042033
0.041945
0.041754
0.041535
0.041330
0.041164
0.040931
0.040725
0.040559
0.040400
0.040168
0.039934
0.039694
0.039492
0.039252
0.039082
0.038954
0.038719
0.038499
0.038270
0.038118
0.037959
0.037798
0.037639
0.037529
0.037360
0.037198
0.037046
0.036881
0.036757
0.036591
0.036468
0.036307
0.036150
0.036138
0.036012
0.035894
0.035772
0.035645
0.035565
0.035491
0.035362
0.035231
0.035096
0.034959
0.034938
0.034800
0.034713
0.034681
0.034575
0.034455
0.034321
0.034186
0.034048
0.033920
0.033890
0.033894
0.033814
0.033688
0.033560
0.033455
0.039656
0.039260
0.039679
0.039446
0.039553
0.039411
0.039286
0.039116
0.038930
0.038732
0.038504
0.038282
0.038351
0.038061
0.037787
0.037473
0.037252
0.036951
0.036653
0.036468
0.036389
0.036025
0.035732
0.035356
0.035000
0.034631
0.034258
0.033872
0.033483
0.033311
0.032927
0.032558
0.032184
0.031806
0.031626
0.031265
0.030914
0.030567
0.030228
0.029983
0.036156
0.035743
0.035940
0.035664
0.035549
0.036363
0.036169
0.036037
0.035827
0.035631
0.035408
0.035173
0.034943
0.034689
0.034499
0.034226
0.033948
0.033655
0.033358
0.040597
0.039914
0.040174
0.043500
0.043350
0.043422
0.043223
0.043063
0.042834
0.042597
0.042303
0.041977
0.041660
0.041288
0.040876
0.040433
0.039966
0.039477
0.039036
0.039234
0.038692
0.038295
0.037789
0.037243
0.036750
0.036220
0.035649
0.035071
0.034486
0.033922
0.033344
0.032758
0.032312
0.032415
0.031995
0.031490
0.030967
0.030459
0.029946
0.029664
0.029405
0.029005
0.028709
0.028407
0.028192
0.027890
0.027586
0.027276
0.027164
0.026858
0.026559
0.026810
0.026495
0.026228
0.028389
0.028081
0.028026
0.027809
0.027625
0.027434
0.027293
0.027076
0.026856
0.026649
0.026464
0.026417
0.026219
0.026023
0.025828
0.025713
0.025833
0.025665
0.025579
0.025410
0.025426
0.025234
0.025060
0.025060
0.025280
0.025240
0.025407
0.025580
0.025396
0.025425
0.025232
0.025046
0.024998
0.024792
0.024594
0.024377
0.024160
0.023935
0.023836
0.023598
0.023370
0.023159
0.022915
0.022693
0.022445
0.022202
0.021960
0.021865
0.021635
0.021443
0.021284
0.021125
0.020964
0.020997
0.020947
0.020890
0.021478
0.021360
0.021279
0.021121
0.020986
0.020837
0.020692
0.020542
0.020392
0.020237
0.020358
0.020224
0.020486
0.020383
0.020299
0.020183
0.020181
0.020063
0.019953
0.020207
0.020100
0.020015
0.019914
0.019832
0.019733
0.019660
0.019619
0.019516
0.019418
0.019410
0.019313
0.019312
0.019270
0.019190
0.019105
0.019746
0.019657
0.019621
0.019564
0.020236
0.020200
0.020248
0.020193
0.020149
0.020199
0.021744
0.021732
0.021795
0.022118
0.022121
0.022114
0.022154
0.022105
0.022051
0.022368
0.022266
0.022357
0.022254
0.022169
0.022058
0.021960
0.021882
0.021785
0.021659
0.021510
0.021421
0.021264
0.021147
0.020972
0.020797
0.021041
0.020867
0.020706
0.020501
0.020307
0.020103
0.020054
0.020054
0.020192
0.020005
0.019834
0.019641
0.019498
0.019305
0.019370
0.019182
0.019013
0.022564
0.022235
0.022465
0.022256
0.022164
0.022013
0.021865
0.021729
0.021588
0.021508
0.021748
0.021558
0.021610
0.021471
0.021416
0.021248
0.021091
0.020876
0.020909
0.020740
0.020522
0.020330
0.020088
0.019841
0.019586
0.019331
0.019068
0.018833
0.018561
0.018351
0.018135
0.017873
0.017636
0.017422
0.017296
0.017560
0.017365
0.017161
0.016937
0.016736
0.016809
0.016599
0.016507
0.016431
0.018085
0.017837
0.017866
0.017671
0.017554
0.017665
0.017730
0.017629
0.017585
0.017998
0.017843
0.017740
0.017586
0.017519
0.018068
0.017938
0.017924
0.017879
0.017953
0.017831
0.017712
0.017599
0.017544
0.019182
0.018960
0.019560
0.019349
0.019429
0.019485
0.019462
0.021919
0.021570
0.021640
0.021339
0.021776
0.021494
0.022298
0.022092
0.021965
0.021765
0.021603
0.021414
0.021435
0.021250
0.021056
0.020853
0.020647
0.020714
0.021075
0.020875
0.020682
0.020982
0.020851
0.020684
0.020489
0.020292
0.020166
0.019957
0.019785
0.019570
0.019783
0.019865
0.020437
0.020228
0.020174
0.019972
0.021487
0.021497
0.021709
0.021733
0.021735
0.021701
0.021930
0.021916
0.022309
0.022554
0.022604
0.022613
0.022733
0.022689
0.022650
0.022590
0.022551
0.022483
0.022404
0.022428
0.022601
0.022563
0.022490
0.023351
0.023259
0.023234
0.023191
0.023113
0.023151
0.023417
0.023345
0.023431
0.023497
0.023430
0.023350
0.023422
0.023344
0.023258
0.023466
0.023396
0.023437
0.023613
0.023547
0.023579
0.023509
0.023619
0.023542
0.023465
0.023566
0.023478
0.023394
0.023298
0.023265
0.023199
0.023092
0.022995
0.022894
0.022794
0.022692
0.022586
0.022478
0.022367
0.022255
0.022141
0.022057
0.021945
0.021831
0.021965
0.021842
0.034237
0.033154
0.034101
0.033626
0.033962
0.033659
0.033492
0.033199
0.032853
0.032494
0.032066
0.031624
0.031210
0.030795
0.030274
0.029737
0.029182
0.028640
0.028059
0.027672
0.027235
0.029365
0.028942
0.028603
0.028203
0.027798
0.027666
0.027297
0.029348
0.028961
0.028763
0.028499
0.028261
0.027945
0.027839
0.027534
0.027241
0.027270
0.027939
0.027826
0.027967
0.027731
0.027556
0.027428
0.027946
0.027852
0.027793
0.027734
0.027679
0.027570
0.027521
0.027395
0.027714
0.029254
0.029127
0.029200
0.029035
0.028909
0.028905
0.028823
0.028809
0.028644
0.028477
0.028291
0.028155
0.027951
0.028360
0.028145
0.027995
0.028531
0.028374
0.029671
0.029442
0.029482
0.029287
0.029147
0.029118
0.028930
0.029079
0.028969
0.028787
0.028633
0.028471
0.028475
0.028290
0.028112
0.027945
0.027751
0.027538
0.027316
0.027221
0.026989
0.027240
0.027202
0.027034
0.027057
0.027044
0.026865
0.026754
0.026617
0.026439
0.026323
0.026185
0.026179
0.025973
0.025788
0.025709
0.025775
0.025566
0.025481
0.025276
0.025190
0.025034
0.024898
0.024799
0.024764
0.025171
0.024999
0.024856
0.024685
0.024546
0.024376
0.024206
0.024078
0.024163
0.024010
0.023939
0.023778
0.023669
0.023553
0.023502
0.023375
0.023412
0.023289
0.023191
0.023061
0.022997
0.022864
0.022753
0.022666
0.022543
0.022425
0.022447
0.022543
0.022445
0.022722
0.022623
0.022532
0.022409
0.022296
0.022191
0.022077
0.021957
0.021848
0.021720
0.021589
0.021455
0.021316
0.021172
0.021026
0.020880
0.020817
0.021150
0.021030
0.020981
0.020931
0.020872
0.020876
0.021027
0.020913
0.020798
0.020663
0.020744
0.020614
0.020713
0.020573
0.020456
0.020316
0.020317
0.020181
0.020060
0.019922
0.020338
0.020232
0.020138
0.020120
0.020026
0.019933
0.019840
0.019745
0.019738
0.019657
0.019563
0.019463
0.020661
0.020556
0.020610
0.020493
0.020407
0.020451
0.021171
0.021095
0.021054
0.020974
0.020902
0.020835
0.020750
0.020663
0.020626
0.020527
0.020633
0.020527
0.020510
0.020408
0.020312
0.020207
0.021603
0.021520
0.021524
0.021436
0.021425
0.021482
0.021389
0.021293
0.021306
0.022192
0.022079
0.022042
0.021968
0.021874
0.021824
0.021708
0.021585
0.021472
0.021327
0.021182
0.021067
0.021446
0.021357
0.021466
0.021367
0.021272
0.021283
0.021217
0.021213
0.021106
0.021062
0.021432
0.021468
0.021396
0.021302
0.021246
0.021344
0.021248
0.021160
0.021057
0.020957
0.020847
0.020741
0.020658
0.020611
0.020699
0.020621
0.020529
0.020521
0.020432
0.020393
0.020320
0.020262
0.020176
0.020154
0.020059
0.019970
0.019877
0.019783
0.019685
0.019593
0.019543
0.019445
0.019345
0.019231
0.019114
0.018992
0.019077
0.019059
0.018955
0.018836
0.018717
0.018625
0.018502
0.018378
0.018251
0.018121
0.018094
0.018185
0.018101
0.018034
0.017901
0.017897
0.017772
0.018514
0.018382
0.018372
0.018252
0.018347
0.018235
0.018141
0.018087
0.018230
0.018102
0.018007
0.017961
0.017858
0.017744
0.018331
0.018191
0.018112
0.018032
0.017913
0.017790
0.017689
0.017555
0.017446
0.017302
0.017254
0.017107
0.017028
0.016890
0.017709
0.017510
0.017448
0.017271
0.017465
0.017582
0.017460
0.017546
0.017420
0.017288
0.017135
0.017084
0.016949
0.016807
0.016718
0.016973
0.016802
0.016663
0.016580
0.016416
0.016244
0.016063
0.015877
0.016398
0.016246
0.016387
0.016334
0.016220
0.016085
0.016018
0.015910
0.016199
0.016050
0.016071
0.015923
0.015838
0.015696
0.015555
0.015408
0.015258
0.015102
0.014965
0.014797
0.014626
0.014469
0.014286
0.014250
0.014766
0.014561
0.014440
0.014258
0.014110
0.013948
0.013759
0.013730
0.013608
0.013420
0.013945
0.013854
0.014434
0.014283
0.014270
0.014276
0.014207
0.014148
0.014009
0.014038
0.013941
0.013811
0.014593
0.014381
0.014306
0.014432
0.014338
0.015822
0.020014
0.019792
0.020247
0.019984
0.020228
0.020099
0.019986
0.020361
0.020243
0.020082
0.019904
0.019710
0.019506
0.020082
0.020279
0.020285
0.020094
0.019890
0.019678
0.019443
0.019195
0.019108
0.019119
0.018874
0.018679
0.018465
0.018314
0.018063
0.017810
0.017664
0.017392
0.017127
0.016847
0.016656
0.016361
0.016724
0.016782
0.016527
0.016309
0.016055
0.015918
0.015738
0.015577
0.019298
0.020122
0.021153
0.021105
0.021164
0.021280
0.021473
0.021448
0.021471
0.021857
0.021773
0.021764
0.021692
0.021730
0.021675
0.021614
0.021557
0.021652
0.021568
0.021527
0.021740
0.021718
0.021678
0.021597
0.021919
0.022323
0.022220
0.022159
0.022112
0.021997
0.021949
0.021814
0.022220
0.022459
0.022396
0.022292
0.022157
0.022586
0.022490
0.022597
0.022533
0.025896
0.025769
0.025900
0.025807
0.026328
0.026311
0.026306
0.026694
0.026709
0.027063
0.027069
0.027517
0.027927
0.028130
0.028211
0.028213
0.028996
0.028886
0.029932
0.029847
0.029839
0.029764
0.030670
0.033653
0.035521
0.036087
0.036086
0.036115
0.036165
0.036130
0.036087
0.036012
0.035978
0.036091
0.035992
0.035831
0.037008
0.037024
0.037144
0.036973
0.036824
0.038367
0.038176
0.038367
0.038205
0.038063
0.037887
0.037713
0.037665
0.037447
0.037238
0.037711
0.037772
0.039712
0.039351
0.039506
0.039191
0.038975
0.038694
0.038656
0.039157
0.039035
0.039675
0.039587
0.039487
0.039336
0.039222
0.039092
0.039569
0.039463
0.039962
0.039984
0.039904
0.039848
0.039857
0.039743
0.039679
0.040419
0.040306
0.040260
0.040320
0.040224
0.040121
0.039996
0.039922
0.039773
0.039839
0.039680
0.039560
0.039420
0.039249
0.039077
0.040694
0.040493
0.040661
0.040488
0.040535
0.040383
0.040233
0.040059
0.039875
0.039915
0.039778
0.039954
0.040104
0.039971
0.039852
0.039827
0.039638
0.039441
0.039598
0.039414
0.039472
0.039686
0.039489
0.039554
0.039337
0.039167
0.039117
0.039274
0.039085
0.039024
0.038910
0.038820
0.039012
0.039535
0.042670
0.042520
0.042552
0.042386
0.042326
0.042175
0.042034
0.041855
0.041658
0.041462
0.041629
0.041454
0.041270
0.041277
0.041328
0.041193
0.041287
0.041096
0.040921
0.040723
0.040698
0.040707
0.040565
0.040773
0.040829
0.040752
0.040754
0.040703
0.040573
0.040412
0.042234
0.042238
0.042540
0.043735
0.043819
0.043879
0.044103
0.044087
0.044292
0.044413
0.044677
0.044725
0.044937
0.044913
0.044877
0.044877
0.044935
0.046251
0.046185
0.046269
0.046981
0.057907
0.057560
0.058540
0.058450
0.058911
0.058916
0.058917
0.059123
0.059103
0.059147
0.059082
0.058815
0.058596
0.058442
0.058397
0.057982
0.058037
0.058001
0.057637
0.057197
0.056742
0.057077
0.056654
0.056229
0.055777
0.055652
0.055296
0.055002
0.054545
0.054587
0.054493
0.054338
0.054144
0.053808
0.053837
0.053475
0.053139
0.052771
0.052411
0.052048
0.051706
0.051553
0.051508
0.051608
0.051521
0.051421
0.051333
0.052045
0.051879
0.051821
0.051661
0.051519
0.051357
0.051219
0.051211
0.051047
0.050978
0.050793
0.050620
0.050737
0.050561
0.050389
0.050201
0.050032
0.049865
0.050486
0.050286
0.050163
0.049966
0.049834
0.049978
0.049884
0.050446
0.050648
0.050550
0.050667
0.050703
0.050689
0.050579
0.050460
0.050331
0.050203
0.050173
0.050048
0.050193
0.050064
0.050043
0.049902
0.050117
0.049994
0.050108
0.049985
0.049979
0.050042
0.050229
0.050112
0.050007
0.049877
0.049745
0.049601
0.049615
0.049460
0.049311
0.049299
0.049661
0.049894
0.050190
0.051693
0.051476
0.051728
0.051545
0.051835
0.051922
0.051845
0.051714
0.051681
0.051718
0.051549
0.051398
0.051366
0.051420
0.051303
0.051201
0.051020
0.050836
0.051112
0.050932
0.050845
0.050672
0.050552
0.050388
0.050226
0.050054
0.049937
0.049752
0.049571
0.049485
0.049326
0.049153
0.049197
0.049028
0.048857
0.048668
0.048714
0.048675
0.048530
0.048374
0.049264
0.049226
0.049190
0.049214
0.049133
0.049019
0.048915
0.048998
0.048943
0.049079
0.048970
0.048871
0.048762
0.048922
0.048784
0.049070
0.049003
0.048966
0.049025
0.049001
0.048967
0.048903
0.048963
0.048901
0.049065
0.048968
0.049186
0.049180
0.049106
0.049024
0.048931
0.048828
0.048713
0.048689
0.048689
0.048896
0.049362
0.049239
0.049312
0.049319
0.049213
0.049750
0.049733
0.049670
0.049596
0.049629
0.049511
0.049410
0.049300
0.049164
0.049316
0.049171
0.049037
0.048929
0.049297
0.049774
0.049637
0.049591
0.049456
0.049561
0.049394
0.049224
0.049066
0.049087
0.048956
0.048771
0.048559
0.048342
0.048187
0.048110
0.047879
0.047780
0.048009
0.047830
0.047633
0.047405
0.047184
0.046958
0.046729
0.046494
0.046592
0.046429
0.046218
0.045992
0.045797
0.045568
0.045743
0.046542
0.046502
0.046342
0.046168
0.046367
0.046184
0.046027
0.045863
0.045715
0.045812
0.045625
0.045457
0.045270
0.045871
0.045698
0.045622
0.045454
0.045509
0.045360
0.045220
0.045125
0.044997
0.045059
0.044901
0.044766
0.044628
0.044659
0.044499
0.044347
0.044287
0.044136
0.043971
0.043803
0.043637
0.043711
0.043558
0.043435
0.043260
0.043107
0.042943
0.042804
0.042640
0.042787
0.043171
0.043022
0.043207
0.043076
0.042963
0.042839
0.042741
0.042633
0.043044
0.042946
0.042864
0.042765
0.042823
0.042817
0.042872
0.042855
0.042758
0.042661
0.042586
0.042492
0.042378
0.042316
0.042309
0.042213
0.042101
0.041972
0.041847
0.041749
0.042038
0.041902
0.041836
0.041871
0.041732
0.041624
0.041480
0.041336
0.041901
0.041759
0.041664
0.041520
0.041386
0.047358
0.047067
0.047356
0.047242
0.047241
0.047195
0.048584
0.048667
0.048895
0.049723
0.049903
0.050074
0.050268
0.050402
0.050705
0.050812
0.050915
0.051011
0.051074
0.052786
0.052957
0.053222
0.053567
0.053999
0.054163
0.054510
0.054715
0.054845
0.055220
0.055408
0.055495
0.055837
0.055871
0.056450
0.056512
0.056899
0.056949
0.056952
0.056888
0.056978
0.058696
0.058703
0.058889
0.059031
0.059028
0.059055
0.059017
0.058990
0.059136
0.059087
0.059163
0.059177
0.059646
0.059597
0.059517
0.059774
0.059708
0.059565
0.059414
0.059399
0.059187
0.058984
0.058814
0.058807
0.058637
0.058397
0.058134
0.057880
0.057742
0.057609
0.057363
0.057158
0.056846
0.056558
0.056357
0.056022
0.055684
0.055332
0.055010
0.054661
0.054297
0.054287
0.053976
0.053744
0.053545
0.053158
0.052819
0.052404
0.052291
0.052183
0.051916
0.051509
0.051271
0.050923
0.050636
0.050415
0.050011
0.049596
0.049201
0.048805
0.048402
0.049463
0.049257
0.048980
0.048590
0.048209
0.047781
0.047351
0.046903
0.046446
0.045978
0.046007
0.045538
0.045114
0.044741
0.044321
0.043864
0.043448
0.043127
0.042657
0.042381
0.041912
0.041840
0.041446
0.041002
0.040610
0.040276
0.039813
0.039355
0.038899
0.038457
0.038000
0.037610
0.037154
0.036701
0.036333
0.035879
0.035426
0.035114
0.034708
0.034327
0.034090
0.033975
0.033811
0.033707
0.033542
0.033470
0.033303
0.033522
0.033610
0.033829
0.033819
0.033722
0.033607
0.033503
0.033549
0.033574
0.033546
0.033444
0.033352
0.033359
0.033345
0.033235
0.033150
0.033031
0.032909
0.032783
0.032653
0.032728
0.032836
0.032696
0.032573
0.032421
0.032274
0.032138
0.032320
0.032158
0.032273
0.032105
0.031976
0.034594
0.034225
0.034295
0.034245
0.034082
0.034422
0.034282
0.034719
0.034553
0.034445
0.034477
0.034299
0.034685
0.034477
0.034313
0.034112
0.034437
0.034237
0.034134
0.033917
0.040073
0.039555
0.039904
0.039550
0.039393
0.039126
0.038858
0.038926
0.038603
0.038479
0.038127
0.037810
0.040185
0.040059
0.041727
0.042541
0.042641
0.042918
0.043308
0.043636
0.043699
0.043764
0.043805
0.043824
0.043820
0.043799
0.043918
0.043962
0.043941
0.043901
0.044045
0.044065
0.044007
0.043935
0.044095
0.044239
0.044145
0.044398
0.044314
0.044235
0.044382
0.044731
0.044830
0.044895
0.044853
0.044738
0.044681
0.047824
0.047803
0.047994
0.048035
0.048099
0.048178
0.048390
0.048360
0.048341
0.048414
0.049120
0.049004
0.049202
0.049093
0.049069
0.049034
0.049264
0.049126
0.049058
0.049100
0.049017
0.048856
0.048687
0.049199
0.049851
0.049914
0.049974
0.049883
0.049817
0.049708
0.049706
0.049621
0.049519
0.049377
0.049332
0.049283
0.049240
0.049279
0.049294
0.049188
0.049501
0.049349
0.049264
0.049218
0.049242
0.049244
0.049135
0.051178
0.051156
0.051230
0.051214
0.051421
0.051392
0.051529
0.051495
0.051479
0.051513
0.051712
0.051841
0.054628
0.054759
0.054912
0.057423
0.057461
0.057902
0.058043
0.058148
0.058206
0.058391
0.058481
0.058529
0.058811
0.058813
0.058917
0.059073
0.059124
0.059182
0.059155
0.059120
0.059183
0.059490
0.059485
0.059517
0.059830
0.059837
0.059825
0.059836
0.059807
0.060840
0.060935
0.061696
0.061966
0.062036
0.062109
0.062290
0.062337
0.062380
0.062464
0.062494
0.062530
0.062584
0.062812
0.062855
0.062900
0.062916
0.062918
0.063052
0.063029
0.063020
0.062988
0.063326
0.063334
0.063309
0.063275
0.063232
0.063202
0.063237
0.063193
0.063154
0.063080
0.063001
0.062912
0.064004
0.063884
0.063901
0.063793
0.063822
0.063750
0.063830
0.063755
0.064222
0.064067
0.064434
0.064581
0.064517
0.064414
0.065027
0.064969
0.065627
0.065984
0.066179
0.066163
0.066163
0.066111
0.066189
0.066139
0.066079
0.066091
0.066092
0.066021
0.065997
0.066646
0.066649
0.066643
0.066544
0.066462
0.066420
0.066315
0.066418
0.066302
0.066192
0.066157
0.066015
0.065919
0.065799
0.065647
0.065685
0.065503
0.065632
0.067674
0.067601
0.068167
0.068151
0.068309
0.068805
0.068779
0.068786
0.068795
0.068990
0.069145
0.069154
0.069095
0.069024
0.068939
0.068846
0.069167
0.069084
0.068989
0.068844
0.068871
0.068929
0.068784
0.069554
0.069629
0.069531
0.069471
0.069411
0.069310
0.069170
0.069017
0.068871
0.068722
0.068622
0.068471
0.068391
0.068194
0.068018
0.067843
0.067629
0.067436
0.067208
0.067140
0.067058
0.067301
0.067499
0.067484
0.067441
0.067980
0.068613
0.068479
0.068407
0.068259
0.068128
0.067975
0.067817
0.067649
0.068692
0.068482
0.068625
0.068480
0.068481
0.068456
0.068430
0.068316
0.068194
0.069425
0.069437
0.069355
0.069288
0.069218
0.069190
0.070203
0.070029
0.069976
0.069830
0.069704
0.069599
0.069603
0.069412
0.069426
0.069465
0.069383
0.069205
0.069094
0.068922
0.068754
0.068547
0.069232
0.069310
0.069157
0.069006
0.068812
0.068674
0.068661
0.068812
0.068582
0.068389
0.069675
0.069637
0.069714
0.069562
0.069432
0.069528
0.069446
0.069340
0.069191
0.068991
0.068779
0.068557
0.069267
0.069037
0.069113
0.068867
0.068884
0.068652
0.068453
0.068220
0.068041
0.067809
0.067606
0.067429
0.067192
0.066977
0.067757
0.067520
0.067341
0.067319
0.067244
0.067195
0.067737
0.067750
0.067614
0.068664
0.069089
0.068977
0.068862
0.068807
0.068768
0.069432
0.069303
0.069587
0.069418
0.069270
0.069123
0.068982
0.069044
0.068910
0.069073
0.068994
0.069081
0.068932
0.068776
0.068589
0.068394
0.068399
0.068378
0.068356
0.068205
0.068024
0.067828
0.067615
0.067415
0.067217
0.067000
0.066880
0.066648
0.066418
0.066174
0.066064
0.065810
0.065561
0.065299
0.065034
0.064934
0.064751
0.064505
0.064301
0.064129
0.064574
0.064399
0.064252
0.064044
0.063942
0.063873
0.065803
0.065521
0.065505
0.065581
0.065456
0.065343
0.065325
0.065156
0.065002
0.064836
0.064655
0.064775
0.064579
0.064413
0.064221
0.064039
0.063905
0.063700
0.063741
0.063585
0.063395
0.063183
0.063572
0.063535
0.063514
0.063436
0.063272
0.063100
0.063080
0.063328
0.063120
0.063001
0.062926
0.062736
0.062728
0.062958
0.062744
0.062639
0.062609
0.062538
0.062345
0.062763
0.063072
0.062906
0.062747
0.062551
0.062358
0.062148
0.061934
0.061757
0.061640
0.061429
0.062802
0.062502
0.062401
0.062136
0.061915
0.061695
0.061520
0.061250
0.061279
0.061001
0.060888
0.060596
0.060303
0.060140
0.059891
0.059869
0.059548
0.059235
0.058905
0.058581
0.058916
0.058756
0.058505
0.058960
0.058695
0.060453
0.060248
0.060396
0.060188
0.059922
0.059765
0.059498
0.059182
0.058900
0.058873
0.058639
0.058356
0.058141
0.057921
0.057642
0.057322
0.057258
0.056977
0.056858
0.056578
0.056250
0.056173
0.056081
0.055760
0.055820
0.055794
0.055502
0.055269
0.054963
0.054793
0.054482
0.054832
0.054769
0.054532
0.054275
0.054026
0.053804
0.053716
0.053488
0.053320
0.053119
0.052967
0.052737
0.052501
0.052258
0.052096
0.051975
0.051780
0.051550
0.051349
0.051105
0.050863
0.050692
0.050451
0.050233
0.050090
0.050158
0.049943
0.049732
0.049511
0.049402
0.049178
0.048960
0.048731
0.048505
0.048277
0.048047
0.047827
0.047594
0.047405
0.047201
0.046964
0.046850
0.046669
0.046459
0.046571
0.046426
0.046279
0.046076
0.045864
0.046153
0.045923
0.045737
0.045680
0.045474
0.045401
0.045190
0.044992
0.044856
0.044852
0.044674
0.044478
0.044288
0.044283
0.044321
0.044386
0.044235
0.044277
0.044123
0.044085
0.044092
0.043938
0.043791
0.043637
0.043470
0.043711
0.043652
0.043546
0.043389
0.043265
0.043324
0.043226
0.043098
0.043054
0.042921
0.042783
0.042727
0.042573
0.042426
0.042893
0.042909
0.042784
0.042659
0.042619
0.042628
0.042630
0.042500
0.042370
0.042221
0.042085
0.041945
0.041800
0.041649
0.041527
0.041438
0.041888
0.041703
0.041581
0.041473
0.041439
0.041344
0.041176
0.041029
0.040933
0.040848
0.040676
0.040504
0.040513
0.040326
0.040288
0.040290
0.040115
0.040104
0.039928
0.039852
0.039676
0.039507
0.039430
0.039250
0.039076
0.038895
0.039525
0.039357
0.039274
0.039138
0.039031
0.038923
0.039453
0.039278
0.039207
0.039038
0.038895
0.038758
0.038660
0.038502
0.038463
0.038772
0.038592
0.038459
0.038279
0.038112
0.038012
0.037964
0.037890
0.037718
0.037681
0.038073
0.037987
0.037894
0.037731
0.037644
0.038002
0.037827
0.037713
0.037541
0.037537
0.037550
0.037402
0.037248
0.037077
0.036905
0.036730
0.036552
0.036781
0.036598
0.036457
0.036378
0.036343
0.036176
0.036240
0.036457
0.036393
0.036295
0.036292
0.036169
0.036144
0.036013
0.035890
0.035763
0.035640
0.035593
0.035469
0.035570
0.035432
0.035320
0.035337
0.035272
0.035154
0.035020
0.034892
0.034802
0.034665
0.034528
0.034618
0.034476
0.034346
0.034364
0.034361
0.034227
0.034127
0.034202
0.034057
0.033997
0.033849
0.033740
0.033688
0.033783
0.033706
0.033585
0.033505
0.033371
0.033234
0.033146
0.033148
0.033340
0.033400
0.033320
0.033602
0.033542
0.033490
0.033366
0.033253
0.033182
0.033159
0.033246
0.033099
0.033218
0.033066
0.033004
0.032859
0.032721
0.032578
0.032433
0.032280
0.032123
0.031966
0.032059
0.031988
0.031849
0.031704
0.031555
0.031401
0.031242
0.031258
0.031155
0.031099
0.030929
0.031011
0.030876
0.031063
0.030882
0.030847
0.030674
0.030553
0.030438
0.030277
0.030141
0.030440
0.030261
0.030118
0.029941
0.029944
0.029777
0.029780
0.029599
0.029436
0.029251
0.029067
0.028968
0.028781
0.028907
0.029098
0.029276
0.029159
0.029019
0.028850
0.028956
0.028948
0.028864
0.028722
0.028726
0.028587
0.028441
0.028384
0.028226
0.028096
0.028068
0.027918
0.027781
0.027659
0.027491
0.027363
0.027301
0.027135
0.027181
0.026986
0.026850
0.026653
0.026509
0.026334
0.026176
0.025975
0.025776
0.025567
0.025353
0.025133
0.025109
0.024946
0.024750
0.024755
0.024581
0.024397
0.024183
0.023987
0.023772
0.023568
0.023532
0.023314
0.023413
0.023207
0.023012
0.022900
0.022741
0.022546
0.022356
0.022162
0.022202
0.022107
0.021931
0.021751
0.021711
0.022656
0.022625
0.022518
0.022346
0.022208
0.022048
0.022012
0.021948
0.021791
0.021636
0.021458
0.021281
0.021259
0.021096
0.020931
0.021432
0.021281
0.021156
0.020986
0.020825
0.020700
0.020555
0.020484
0.020392
0.020229
0.020058
0.019884
0.019715
0.019539
0.019371
0.019188
0.019105
0.019062
0.018873
0.018700
0.018537
0.018420
0.018480
0.018470
0.018310
0.018404
0.018223
0.018088
0.017920
0.018310
0.018186
0.018128
0.017999
0.018520
0.018380
0.018372
0.018245
0.018139
0.018025
0.017899
0.018242
0.018119
0.018205
0.018064
0.017952
0.017938
0.018308
0.018217
0.018175
0.018072
0.017941
0.018401
0.018251
0.018146
0.017996
0.017852
0.017893
0.017864
0.017973
0.017852
0.017828
0.017672
0.017524
0.017359
0.017240
0.017658
0.017699
0.017572
0.017435
0.017331
0.017182
0.017122
0.017050
0.016894
0.016732
0.016630
0.016627
0.016472
0.016365
0.016462
0.016286
0.016289
0.016115
0.016014
0.015841
0.015676
0.015511
0.015359
0.015176
0.014990
0.014798
0.014602
0.014402
0.014198
0.014017
0.013813
0.013631
0.013478
0.013371
0.013215
0.013183
0.013028
0.014024
0.014146
0.014142
0.014014
0.014071
0.013987
0.013883
0.013790
0.014193
0.014070
0.014070
0.014043
0.013946
0.014436
0.014339
0.014261
0.014192
0.014137
0.014289
0.014196
0.014171
0.014158
0.014138
0.014035
0.013936
0.013862
0.013793
0.013694
0.013587
0.013546
0.013465
0.013349
0.013240
0.013113
0.013029
0.012922
0.012799
0.012664
0.012603
0.012507
0.012404
0.012325
0.012181
0.012037
0.011886
0.011788
0.011669
0.011515
0.011356
0.011288
0.011124
0.010996
0.010933
0.010775
0.010788
0.010864
0.010756
0.010839
0.010689
0.010743
0.010603
0.010515
0.010387
0.010292
0.010297
0.010186
0.016098
0.015538
0.015932
0.015568
0.015503
0.015591
0.015390
0.015187
0.015003
0.014783
0.014595
0.014610
0.014322
0.014183
0.013882
0.015908
0.015934
0.015879
0.016016
0.016024
0.016041
0.015936
0.015829
0.015701
0.015649
0.017665
0.017428
0.017537
0.017353
0.019672
0.019341
0.019341
0.019280
0.019074
0.018971
0.018708
0.018433
0.018189
0.017875
0.017562
0.017222
0.016874
0.016516
0.016222
0.015851
0.015513
0.015141
0.014773
0.014395
0.014016
0.013676
0.013301
0.013009
0.012644
0.012278
0.011913
0.013156
0.012860
0.012630
0.012492
0.012231
0.012027
0.011827
0.011679
0.011493
0.011341
0.011317
0.011233
0.011156
0.012214
0.012285
0.012321
0.012294
0.012271
0.012241
0.012339
0.012366
0.012339
0.012297
0.012500
0.012437
0.012449
0.012379
0.014032
0.013969
0.014084
0.013937
0.013864
0.013869
0.013768
0.013669
0.016631
0.016349
0.016440
0.016250
0.016278
0.016096
0.015933
0.015732
0.015607
0.015381
0.015218
0.014968
0.015936
0.015617
0.015445
0.015147
0.015218
0.014976
0.014750
0.014501
0.014327
0.014074
0.013820
0.013733
0.014070
0.013818
0.013606
0.013351
0.013237
0.013106
0.012934
0.012807
0.012691
0.012559
0.012394
0.012251
0.012074
0.011965
0.011794
0.011673
0.011506
0.012296
0.012244
0.012352
0.012273
0.012242
0.012169
0.012204
0.012133
0.012066
0.012015
0.011982
0.011902
0.011889
0.012193
0.013294
0.013389
0.013428
0.013381
0.013342
0.013670
0.013639
0.013617
0.013580
0.013539
0.013506
0.013477
0.013545
0.014214
0.014117
0.014216
0.014887
0.014773
0.014741
0.014624
0.014531
0.014413
0.014305
0.014223
0.014116
0.013980
0.014018
0.013887
0.013753
0.013613
0.013737
0.013638
0.014137
0.013956
0.013892
0.013727
0.013723
0.013642
0.013590
0.013482
0.013361
0.013250
0.013201
0.013114
0.013021
0.012924
0.012825
0.012723
0.012641
0.012535
0.012428
0.012318
0.012334
0.012225
0.012123
0.012111
0.012017
0.011992
0.011937
0.012282
0.012166
0.012116
0.012009
0.011918
0.011817
0.011776
0.011726
0.013530
0.013798
0.013850
0.013792
0.013765
0.013846
0.013809
0.013787
0.013749
0.013707
0.013684
0.013630
0.013571
0.013580
0.013708
0.013817
0.015028
0.014917
0.015053
0.015045
0.015033
0.014978
0.014918
0.015056
0.014975
0.014923
0.014835
0.014834
0.014771
0.014685
0.014594
0.014495
0.014546
0.015052
0.018606
0.018264
0.018472
0.018557
0.018463
0.018386
0.018282
0.018125
0.017967
0.017786
0.017578
0.017359
0.017233
0.016991
0.016834
0.016582
0.016337
0.016080
0.015822
0.015560
0.015301
0.015041
0.014962
0.014724
0.014516
0.014303
0.014093
0.013904
0.013705
0.013560
0.013418
0.013235
0.013283
0.013115
0.013205
0.013087
0.013098
0.013077
0.013048
0.013040
0.012994
0.012996
0.012944
0.012893
0.012921
0.013030
0.013020
0.028579
0.027824
0.030040
0.030652
0.031113
0.031119
0.031212
0.031101
0.030949
0.030960
0.036623
0.036620
0.037765
0.037945
0.038829
0.038855
0.039013
0.038966
0.038894
0.038749
0.038553
0.038314
0.038009
0.037654
0.037249
0.036798
0.036367
0.035871
0.035402
0.034806
0.034203
0.033703
0.033030
0.032393
0.031723
0.030964
0.030182
0.029411
0.028587
0.027748
0.026891
0.026696
0.025875
0.025246
0.024439
0.023633
0.023283
0.022501
0.021728
0.020954
0.020340
0.019588
0.018918
0.018186
0.017579
0.019146
0.018440
0.017892
0.017229
0.016669
0.016421
0.016450
0.016100
0.015794
0.015482
0.015317
0.015293
0.015149
0.015039
0.014874
0.014725
0.014739
0.014555
0.014986
0.014943
0.014819
0.014641
0.014460
0.014270
0.014075
0.014029
0.013827
0.013689
0.013487
0.013289
0.013094
0.013336
0.013121
0.012944
0.012743
0.012540
0.012333
0.012123
0.011917
0.011703
0.011490
0.011302
0.011109
0.010956
0.010831
0.010678
0.010878
0.010772
0.010672
0.010526
0.010423
0.010327
0.010264
0.010198
0.011639
0.011510
0.011499
0.011603
0.011520
0.011453
0.011695
0.011591
0.011524
0.011411
0.011437
0.011321
0.011264
0.011904
0.011820
0.011906
0.011932
0.011892
0.011813
0.011728
0.011636
0.011538
0.011494
0.011390
0.011299
0.011681
0.012236
0.012193
0.012216
0.012208
0.012174
0.012122
0.012427
0.012490
0.012436
0.012415
0.012367
0.012285
0.012524
0.012442
0.012415
0.012329
0.012247
0.012224
0.012146
0.012193
0.012126
0.012088
0.012015
0.011941
0.011925
0.011864
0.011798
0.011811
0.011741
0.011675
0.011628
0.011561
0.011571
0.011558
0.011483
0.011428
0.011388
0.011728
0.011924
0.011894
0.011823
0.012229
0.012140
0.012221
0.012133
0.012127
0.012056
0.011993
0.011926
0.011891
0.012126
0.012189
0.012541
0.012511
0.012462
0.012423
0.012373
0.012316
0.012378
0.012299
0.016843
0.016691
0.017105
0.017039
0.017062
0.017030
0.016991
0.016970
0.016965
0.017037
0.017217
0.017229
0.017164
0.017024
0.016879
0.016716
0.016539
0.016668
0.016447
0.018288
0.018335
0.018334
0.018292
0.018294
0.018227
0.018169
0.018087
0.017996
0.017901
0.017845
0.017781
0.017732
0.017592
0.017442
0.017336
0.017183
0.017020
0.016848
0.016743
0.016668
0.018027
0.018025
0.018035
0.017940
0.018146
0.018047
0.017975
0.017892
0.019378
0.019330
0.019417
0.019373
0.019389
0.019660
0.019633
0.019688
0.019714
0.019669
0.020364
0.020296
0.020829
0.020820
0.020956
0.021179
0.021216
0.021628
0.021675
0.021834
0.021864
0.022021
0.022057
0.022092
0.022165
0.022215
0.022221
0.022269
0.022271
0.022278
0.022318
0.022306
0.022265
0.022218
0.022153
0.022804
0.022801
0.022817
0.022809
0.022799
0.022781
0.022759
0.022740
0.022741
0.022701
0.023442
0.023419
0.023424
0.023376
0.023339
0.023425
0.023373
0.023377
0.023456
0.023399
0.023437
0.023360
0.023758
0.023666
0.023632
0.023538
0.023528
0.023438
0.024712
0.024728
0.024764
0.024909
0.024907
0.024920
0.024908
0.024893
0.025292
0.025288
0.025296
0.025286
0.025292
0.025358
0.025892
0.025895
0.025919
0.025918
0.026353
0.026378
0.026419
0.026607
0.026599
0.026605
0.026589
0.026575
0.026550
0.026745
0.026929
0.027023
0.026989
0.027029
0.027097
0.027756
0.027689
0.027708
0.027670
0.027644
0.027634
0.027638
0.027563
0.027600
0.027523
0.027433
0.027342
0.027230
0.027233
0.027123
0.027112
0.026986
0.027080
0.026930
0.027169
0.027030
0.026904
0.026801
0.026639
0.026766
0.026813
0.026670
0.026874
0.026714
0.026677
0.026625
0.026536
0.026579
0.026811
0.026718
0.027305
0.027192
0.027110
0.027001
0.026915
0.026769
0.026618
0.026454
0.026324
0.026204
0.026057
0.025946
0.025931
0.025796
0.025879
0.025694
0.025536
0.025342
0.026026
0.025888
0.025855
0.025686
0.025574
0.025437
0.025262
0.025154
0.024965
0.025138
0.024964
0.024781
0.024574
0.024383
0.024287
0.024167
0.023939
0.023785
0.023544
0.023807
0.024455
0.024355
0.024166
0.024014
0.023825
0.023632
0.023399
0.023251
0.023071
0.022857
0.022670
0.022451
0.022304
0.022074
0.022047
0.021817
0.021626
0.021624
0.021563
0.021368
0.021270
0.021058
0.021146
0.021029
0.020976
0.020906
0.022407
0.022449
0.022371
0.022195
0.022033
0.022000
0.021898
0.021694
0.022488
0.022581
0.022443
0.022251
0.022107
0.022008
0.021928
0.021714
0.021794
0.023435
0.023313
0.023247
0.023092
0.022971
0.022782
0.022590
0.022379
0.022220
0.022075
0.021872
0.021964
0.021777
0.021580
0.021576
0.021446
0.021464
0.021630
0.021602
0.021401
0.021204
0.020984
0.020945
0.020766
0.020722
0.020527
0.020352
0.020164
0.019977
0.019774
0.020131
0.019925
0.019764
0.019630
0.019610
0.019467
0.019263
0.019053
0.018978
0.018960
0.018825
0.018623
0.018481
0.018449
0.018231
0.018006
0.017898
0.017670
0.017431
0.017187
0.016924
0.016653
0.016374
0.016121
0.015889
0.015610
0.015372
0.015578
0.015300
0.015079
0.014875
0.014661
0.014400
0.014138
0.013867
0.013593
0.013612
0.013760
0.013482
0.013275
0.013050
0.012799
0.012653
0.012460
0.012229
0.011963
0.011992
0.011727
0.011497
0.011309
0.011090
0.010855
0.010672
0.010617
0.011041
0.010892
0.010740
0.010610
0.010434
0.010295
0.010189
0.010039
0.010293
0.010092
0.010010
0.009962
0.009954
0.009811
0.011217
0.011054
0.011020
0.010959
0.010846
0.010746
0.010842
0.010887
0.010936
0.010836
0.010737
0.010624
0.010545
0.010522
0.010455
0.010330
0.010210
0.010086
0.010028
0.009914
0.009799
0.009677
0.009605
0.009474
0.009451
0.009332
0.009196
0.009063
0.009015
0.009092
0.008958
0.008831
0.008708
0.008797
0.008654
0.008604
0.008508
0.008389
0.008267
0.008653
0.008524
0.008439
0.008388
0.008279
0.008254
0.008150
0.008095
0.008092
0.007987
0.007888
0.007824
0.007714
0.007606
0.007523
0.007478
0.007379
0.007770
0.008039
0.007952
0.007902
0.007937
0.008449
0.008347
0.008416
0.008405
0.008337
0.008425
0.008452
0.008401
0.008304
0.008206
0.008307
0.008213
0.008171
0.008066
0.007968
0.007859
0.007749
0.007636
0.007643
0.007596
0.007486
0.007385
0.007278
0.007162
0.007120
0.007008
0.008454
0.008617
0.008634
0.008491
0.008499
0.008379
0.008272
0.008135
0.008034
0.007903
0.007804
0.007766
0.007793
0.007717
0.007652
0.007871
0.007738
0.007649
0.007564
0.007551
0.007520
0.007397
0.007276
0.007145
0.007026
0.007014
0.006885
0.006845
0.006843
0.006723
0.006643
0.006731
0.006667
0.006569
0.006463
0.007726
0.007624
0.007666
0.007577
0.007520
0.007443
0.007369
0.007295
0.007260
0.007194
0.007184
0.007363
0.007272
0.007206
0.007297
0.007337
0.007265
0.007183
0.007135
0.007545
0.007439
0.007390
0.007314
0.007259
0.007167
0.007938
0.007839
0.007886
0.007967
0.007905
0.007879
0.007823
0.007753
0.007921
0.007919
0.007860
0.007801
0.007901
0.007985
0.007957
0.007911
0.007838
0.007769
0.007715
0.007636
0.007556
0.007489
0.007402
0.007313
0.007238
0.007426
0.007316
0.007243
0.007143
0.007062
0.006963
0.007074
0.006968
0.008290
0.008411
0.008455
0.008364
0.008325
0.008284
0.008262
0.008172
0.008185
0.008087
0.008407
0.008267
0.008204
0.008178
0.008121
0.008160
0.008071
0.007959
0.007850
0.007731
0.007618
0.007485
0.007413
0.007349
0.007222
0.007088
0.006949
0.006809
0.006743
0.006641
0.006508
0.006370
0.006467
0.006480
0.006355
0.006238
0.006230
0.006193
0.006093
0.006091
0.005980
0.005982
0.005881
0.005883
0.005814
0.005755
0.005707
0.005652
0.005604
0.005590
0.005542
0.006485
0.006385
0.006441
0.006365
0.006323
0.006263
0.006289
0.006219
0.006209
0.006194
0.006162
0.006128
0.006078
0.006007
0.006019
0.005938
0.005878
0.005793
0.005776
0.005837
0.006071
0.006007
0.005986
0.005941
0.005870
0.005796
0.005916
0.005833
0.005771
0.005688
0.005651
0.005569
0.005490
0.005442
0.005359
0.005276
0.005282
0.005195
0.005224
0.005133
0.005058
0.005026
0.004966
0.004937
0.004875
0.004855
0.004788
0.004727
0.004745
0.004800
0.004757
0.004695
0.004632
0.004670
0.004632
0.004682
0.004673
0.004616
0.004598
0.004544
0.004482
0.004437
0.004550
0.004494
0.004466
0.005614
0.005510
0.005572
0.005494
0.005528
0.005469
0.005441
0.005941
0.005892
0.005893
0.005845
0.006443
0.006372
0.006374
0.009820
0.009815
0.010128
0.010023
0.010313
0.010510
0.010471
0.010586
0.010494
0.010663
0.010696
0.010585
0.010560
0.010702
0.010549
0.010407
0.010284
0.010113
0.010143
0.009954
0.009769
0.009598
0.009387
0.009213
0.008992
0.008857
0.008706
0.008687
0.008477
0.008266
0.008123
0.007955
0.007786
0.007572
0.007364
0.007214
0.008329
0.008160
0.008112
0.007958
0.007871
0.007765
0.007809
0.007813
0.007765
0.007712
0.007698
0.007659
0.007616
0.007701
0.007673
0.007636
0.007693
0.007649
0.007607
0.007560
0.007548
0.007515
0.007469
0.007449
0.007439
0.007586
0.007631
0.007623
0.007599
0.007571
0.007541
0.007510
0.007477
0.007443
0.007477
0.007445
0.007417
0.007435
0.007403
0.007524
0.007486
0.007469
0.007461
0.007950
0.007911
0.007922
0.007998
0.007974
0.007961
0.007932
0.007934
0.007898
0.008022
0.008203
0.008197
0.008167
0.008205
0.008294
0.008315
0.008283
0.008239
0.008193
0.008141
0.008087
0.008028
0.007967
0.007902
0.007838
0.007776
0.007707
0.007637
0.007638
0.007681
0.007637
0.007574
0.007954
0.008087
0.008065
0.008028
0.007974
0.008027
0.007970
0.007940
0.007879
0.007842
0.007810
0.007764
0.007695
0.007627
0.007572
0.007501
0.007429
0.007355
0.007299
0.007262
0.007185
0.007115
0.007066
0.007246
0.008208
0.008150
0.008144
0.008084
0.008037
0.007984
0.007965
0.007910
0.007847
0.007779
0.007785
0.007753
0.007728
0.007657
0.007590
0.007516
0.007503
0.007459
0.007399
0.007326
0.007796
0.007720
0.007693
0.007723
0.008384
0.008367
0.008408
0.008399
0.008431
0.008472
0.008496
0.008489
0.008514
0.008505
0.008497
0.008493
0.008615
0.008593
0.008697
0.008684
0.008678
0.008665
0.008653
0.008665
0.008652
0.008647
0.008646
0.008651
0.008633
0.008614
0.008614
0.008599
0.008576
0.008550
0.008551
0.008680
0.008692
0.008671
0.008647
0.011209
0.011083
0.011281
0.011164
0.011207
0.011144
0.011147
0.011153
0.011091
0.011098
0.011018
0.010949
0.010865
0.010787
0.010696
0.010601
0.010502
0.010398
0.010296
0.010435
0.010330
0.010242
0.010130
0.010084
0.010040
0.009937
0.009962
0.009897
0.009813
0.012283
0.012261
0.012360
0.012330
0.012510
0.012507
0.012500
0.012792
0.012756
0.012749
0.012716
0.012706
0.012654
0.012955
0.012952
0.024849
0.023930
0.024930
0.024625
0.024696
0.024473
0.024287
0.024016
0.023717
0.023370
0.026091
0.026563
0.026618
0.026619
0.026905
0.026841
0.027238
0.027324
0.027332
0.027279
0.027285
0.027299
0.027311
0.027216
0.027377
0.027215
0.027071
0.026881
0.026682
0.026561
0.026807
0.026791
0.026621
0.026398
0.026170
0.025975
0.025917
0.025644
0.025481
0.025189
0.024965
0.024644
0.024321
0.023978
0.023627
0.023260
0.022915
0.022522
0.022129
0.021943
0.021527
0.021111
0.020769
0.020325
0.019896
0.019465
0.019080
0.018672
0.020941
0.020809
0.021418
0.021141
0.021281
0.021085
0.021387
0.021162
0.020994
0.020944
0.020748
0.020590
0.020440
0.020240
0.020037
0.020977
0.020915
0.020858
0.020765
0.020674
0.021531
0.021423
0.021415
0.021321
0.021251
0.021175
0.021180
0.021094
0.021003
0.021213
0.021097
0.021037
0.020919
0.020809
0.020689
0.020576
0.020447
0.020508
0.020380
0.020405
0.020283
0.020176
0.020148
0.020026
0.019941
0.019813
0.019802
0.019677
0.019560
0.019501
0.019591
0.019472
0.019408
0.019364
0.019455
0.019478
0.019444
0.019306
0.019294
0.019206
0.020365
0.020194
0.020173
0.020366
0.020269
0.020176
0.020093
0.019994
0.019869
0.019739
0.019607
0.019516
0.020049
0.020221
0.020124
0.020008
0.019891
0.019751
0.019604
0.019447
0.019289
0.019163
0.019195
0.019088
0.018941
0.018944
0.018772
0.018764
0.018591
0.018612
0.018561
0.018400
0.018250
0.018141
0.017975
0.017859
0.017692
0.017561
0.017708
0.017576
0.017525
0.017420
0.017337
0.017254
0.018143
0.018171
0.018218
0.018122
0.018464
0.018435
0.018549
0.019398
0.019372
0.019415
0.019621
0.019936
0.019918
0.019907
0.019877
0.019902
0.019910
0.019896
0.019966
0.020042
0.020361
0.020363
0.020369
0.020736
0.020859
0.021069
0.021109
0.021130
0.021141
0.021145
0.021161
0.021532
0.022058
0.022250
0.022292
0.022595
0.022671
0.022738
0.022777
0.023123
0.023169
0.023345
0.024409
0.024368
0.054015
0.052689
0.055131
0.054679
0.055137
0.055207
0.055212
0.055058
0.054843
0.054569
0.054116
0.053566
0.053002
0.052285
0.051499
0.050638
0.049766
0.048788
0.047766
0.046768
0.045714
0.044572
0.043455
0.042270
0.041061
0.039861
0.038756
0.044517
0.042957
0.042504
0.041158
0.040052
0.039014
0.037926
0.036800
0.035647
0.034766
0.033640
0.032518
0.031397
0.030362
0.029353
0.028692
0.028367
0.028087
0.027727
0.027362
0.026988
0.026766
0.026380
0.025999
0.025601
0.025289
0.024981
0.024745
0.024363
0.024072
0.023677
0.023292
0.023401
0.023033
0.022702
0.022348
0.022004
0.021661
0.021321
0.020985
0.020652
0.020350
0.020201
0.020050
0.019896
0.019795
0.019787
0.019627
0.019476
0.019993
0.019820
0.019743
0.019574
0.019502
0.019933
0.033174
0.032804
0.033708
0.034018
0.034249
0.035973
0.036246
0.036688
0.036913
0.037130
0.037289
0.037404
0.037568
0.037614
0.037617
0.037578
0.037576
0.037459
0.037511
0.037628
0.037420
0.037188
0.036925
0.039196
0.039159
0.039208
0.039173
0.039218
0.039131
0.039196
0.039084
0.038983
0.038844
0.039160
0.039154
0.039007
0.038832
0.038771
0.038887
0.038685
0.038480
0.039470
0.039157
0.038979
0.038693
0.038403
0.038360
0.038183
0.037850
0.037496
0.037117
0.036721
0.039112
0.038961
0.039792
0.039633
0.039516
0.039387
0.039245
0.039078
0.038901
0.038719
0.038527
0.039431
0.039299
0.039216
0.039031
0.039135
0.039028
0.038970
0.038787
0.038658
0.038595
0.038452
0.039111
0.039090
0.039015
0.039099
0.038979
0.038872
0.038736
0.038591
0.038464
0.038318
0.038135
0.037943
0.038333
0.038088
0.037913
0.037762
0.037527
0.037283
0.037261
0.037350
0.037220
0.036936
0.036738
0.036427
0.036668
0.036653
0.036382
0.036105
0.035832
0.035594
0.035547
0.035357
0.035632
0.035346
0.037825
0.037622
0.037781
0.037610
0.037525
0.037404
0.037255
0.037138
0.037007
0.036821
0.036726
0.036511
0.036523
0.037091
0.036930
0.036945
0.036765
0.036597
0.036477
0.036406
0.036209
0.036086
0.035859
0.035638
0.035402
0.035223
0.035439
0.035200
0.034974
0.034721
0.036859
0.036735
0.037720
0.037798
0.037876
0.037987
0.038112
0.038210
0.038214
0.038202
0.038394
0.038361
0.038317
0.038252
0.038172
0.038073
0.038161
0.038317
0.038223
0.038138
0.038640
0.038551
0.038500
0.038523
0.038437
0.038353
0.038288
0.038205
0.038080
0.037960
0.037812
0.039593
0.039363
0.039703
0.039494
0.039365
0.039171
0.038982
0.039275
0.039104
0.038918
0.038711
0.038479
0.038325
0.038049
0.038113
0.037870
0.037583
0.037261
0.037005
0.036828
0.036482
0.036185
0.035866
0.035760
0.035445
0.035124
0.034787
0.034520
0.034179
0.033817
0.033640
0.033675
0.033321
0.036057
0.035682
0.035614
0.035283
0.035026
0.034730
0.034489
0.034151
0.033903
0.035507
0.035294
0.035161
0.034962
0.034870
0.034627
0.034468
0.034568
0.034295
0.034401
0.034166
0.033944
0.033786
0.033561
0.033309
0.033050
0.032773
0.032509
0.032213
0.032085
0.031842
0.031767
0.031499
0.031399
0.031124
0.030859
0.030586
0.030306
0.030020
0.029994
0.029721
0.029524
0.030102
0.029846
0.029744
0.029654
0.030892
0.030645
0.030611
