0.417479
0.399204
0.389643
0.399322
0.378982
0.363666
0.342961
0.324243
0.304484
0.285214
0.265466
0.245871
0.226230
0.206761
0.195686
0.175810
0.159009
0.141468
0.124855
0.108548
0.106112
0.092919
0.121874
0.108974
0.102129
0.092045
0.084909
0.077468
0.072579
0.070275
0.067929
0.065435
0.062875
0.060221
0.057533
0.054857
0.052134
0.049370
0.046578
0.043768
0.040949
0.038130
0.035321
0.032530
0.029763
0.027030
0.024352
0.021869
0.682540
0.605822
0.664924
0.616485
0.612738
0.587650
0.570631
0.547729
0.525367
0.500881
0.476050
0.450719
0.451471
0.421975
0.398828
0.408440
0.378169
0.354628
0.325738
0.299454
0.272558
0.246605
0.221011
0.201407
0.176535
0.153816
0.130929
0.109484
0.088796
0.069259
0.060495
0.041668
0.037445
0.033904
0.038808
0.078799
0.072110
0.111407
0.101573
0.102276
0.095556
0.456176
0.399453
0.433871
0.394331
0.388564
0.388513
0.370980
0.353985
0.334713
0.315572
0.295910
0.276237
0.309396
0.404729
0.377149
0.364263
0.336735
0.315447
0.291987
0.269920
0.247606
0.225860
0.204496
0.684983
0.609122
0.648543
0.594812
0.589085
0.555442
0.534362
0.510856
0.488590
0.464303
0.439923
0.414780
0.389527
0.364035
0.338566
0.313176
0.288038
0.263241
0.239203
0.216371
0.194089
0.252832
15.184938
0.215598
0.194406
0.177988
0.159992
0.143458
3.861675
0.111395
0.096291
0.081888
0.218921
0.210245
0.217775
0.222463
0.221057
0.219056
0.216076
0.212869
0.222601
0.216988
0.213670
0.207820
0.202516
0.196486
0.190334
0.183832
0.177139
0.173426
0.166494
0.159755
0.152638
0.146842
0.141035
0.135105
0.129041
0.122890
0.116654
0.110365
0.109977
0.102783
0.097076
0.090200
0.083922
0.077432
0.071152
0.064889
0.189933
0.170955
0.190018
0.174321
0.169888
0.159672
0.276354
0.253702
0.259319
0.266655
0.259324
0.251113
0.241493
0.231541
0.221101
0.210301
0.199236
0.188307
0.176829
0.165300
0.153715
0.142276
0.130926
0.119709
0.108671
0.365371
0.316672
0.334844
0.299363
0.288991
0.266541
0.250200
0.230688
0.215308
0.199327
0.183916
0.168426
0.153228
0.138441
0.126559
0.114987
0.103670
0.092648
0.082284
0.071942
0.062092
0.052959
0.044435
0.131907
0.122259
0.122625
0.116150
0.152334
0.155087
0.152296
0.154027
0.153120
0.153386
0.239679
0.229679
0.237135
0.230493
0.229524
0.225697
0.222770
0.218979
0.215157
0.210973
0.206624
0.202068
0.197367
0.192533
0.187599
0.182592
0.177529
0.172431
0.167318
0.317279
0.298857
0.307971
0.295347
0.291426
0.283334
0.276683
0.268815
0.261017
0.252753
0.269239
0.257889
0.251509
0.242232
0.234978
0.226750
0.218684
0.215371
0.206368
0.198281
0.189331
0.199767
0.189186
0.182345
0.172620
0.164146
0.155193
0.146545
0.137865
0.129336
0.120908
0.112631
0.104510
0.097340
0.092500
0.087670
0.229234
0.208400
0.217498
0.202995
0.198164
0.188671
0.247121
0.240947
0.237894
0.229210
0.222028
0.213732
0.209594
0.200718
0.192155
0.182976
0.173781
0.164392
0.154943
0.145593
0.136417
0.127228
0.128834
0.119834
0.112465
0.104282
0.096543
0.088862
0.081383
0.074067
0.066947
0.060029
0.054146
0.050568
0.046989
0.043415
0.039859
0.036325
0.032822
0.029356
0.035829
0.031712
0.029410
0.026480
0.024727
0.022817
0.020991
0.019169
0.017396
0.015801
0.014979
0.036781
0.034178
0.035233
0.033422
0.032650
0.031460
0.030415
0.029222
0.027998
0.026706
0.025375
0.024004
0.022606
0.021186
0.019753
0.037796
0.035293
0.035588
0.033587
0.032679
0.031186
0.055364
0.051244
0.052394
0.049375
0.050828
0.048549
0.047261
0.045246
0.043456
0.041483
0.039553
0.037574
0.035607
0.033639
0.031691
0.030048
0.028643
0.027245
0.025859
0.024492
0.023148
0.021832
0.020548
0.027611
0.025464
0.025059
0.023343
0.068292
0.061824
0.064925
0.060509
0.059240
0.056542
0.128150
0.118160
0.123144
0.116076
0.113853
0.203019
0.373694
0.363999
0.369001
0.358460
0.351855
0.341957
0.332232
0.321150
0.333306
0.320461
0.309698
0.296411
0.283304
0.269598
0.255639
0.241416
0.307495
0.293959
0.289419
0.356055
0.337966
0.334667
0.318869
0.307919
0.294387
0.281605
0.268289
0.256212
0.243762
0.231146
0.218353
0.206502
0.195669
0.184685
0.173593
0.238452
0.223196
0.221630
0.209170
0.201379
0.191143
0.181951
0.172092
0.162903
0.153422
0.143970
0.134423
0.124905
0.115389
0.493445
0.449134
0.481387
0.452259
0.452057
0.436390
0.428077
0.414907
0.403158
0.389749
0.376193
0.361857
0.347653
0.333112
0.318502
0.303776
0.289062
0.274378
0.260095
0.246191
0.232432
0.218853
0.205490
0.192371
0.179525
0.166975
0.154743
0.142840
0.131338
0.120181
0.109371
0.098890
0.088747
0.078938
0.069462
0.064691
0.060800
0.056803
0.065905
0.060485
0.057752
0.052916
0.048986
0.044672
0.040556
0.036374
0.073819
0.076890
0.074717
0.076962
0.076810
0.078128
0.284279
0.263031
0.283113
0.304152
0.463023
0.447364
0.554037
0.530395
0.533418
0.516408
0.506201
0.590351
0.565304
0.558904
0.535812
0.518440
0.566921
0.550475
0.536797
0.520304
0.503612
0.486582
0.469011
0.451256
0.433229
0.415131
0.396977
0.378877
0.360881
0.343062
0.325472
0.309170
0.296474
0.300941
0.286478
0.275655
0.262771
0.251239
0.239297
0.227724
0.218241
0.217388
0.208430
0.442181
0.427247
0.439821
0.431267
0.428911
0.423372
0.417716
0.410775
0.403033
0.394391
0.384967
0.374796
0.363945
0.352468
0.340423
0.327866
0.314852
0.301435
0.287670
0.275669
0.261844
0.249046
0.237388
0.225925
0.309648
0.293842
0.289930
0.276585
0.266790
0.255140
0.244042
0.233548
0.222560
0.211593
0.200420
0.189215
0.177959
0.166694
0.155450
0.144247
0.133119
0.122085
0.111174
0.100404
0.090677
0.086506
0.082241
0.077958
0.073850
0.069714
0.065508
0.061317
0.057112
0.052897
0.080122
0.154033
0.145858
0.150798
0.144202
0.275039
0.260710
0.269044
0.259681
0.256614
0.293152
0.285091
0.282135
0.273798
0.267480
0.259404
0.251774
0.252537
0.243108
0.235159
0.225666
0.216594
0.207193
0.197829
0.188391
0.178976
0.171094
0.161976
0.153037
0.144156
0.167054
0.156123
0.150467
0.140998
0.133165
0.124846
0.116885
0.108979
0.101647
0.123229
0.115836
0.112229
0.108672
0.105884
0.102632
0.099346
0.095908
0.092340
0.088689
0.084930
0.081112
0.077222
0.073291
0.069320
0.065376
0.061653
0.057928
0.054201
0.050490
0.046803
0.043147
0.039580
0.036119
0.032710
0.029359
0.026073
0.045559
0.042949
0.043326
0.041810
0.083117
0.077324
0.080372
0.078267
0.077005
0.074674
0.072531
0.070081
0.120267
0.113623
0.115455
0.110529
0.107977
0.104233
0.100714
0.096824
0.092842
0.090272
0.085961
0.081732
0.077300
0.072860
0.068375
0.063881
0.059390
0.054921
0.050489
0.046109
0.041794
0.037558
0.033411
0.029364
0.026045
0.023028
0.020120
0.023307
0.020141
0.018023
0.015235
0.040497
0.035617
0.036627
0.033225
0.034669
0.032793
0.032240
0.030944
0.029852
0.028563
0.027272
0.025904
0.024508
0.023076
0.021626
0.020163
0.018698
0.017238
0.015790
0.182677
0.162898
0.177526
0.164858
0.163515
0.156755
0.151981
0.145695
0.139552
0.132879
0.126073
0.119033
0.113266
0.106143
0.099660
0.092845
0.086151
0.079476
0.072894
0.066383
0.059994
0.053743
0.047659
0.041760
0.036066
0.036289
0.030417
0.025955
0.020821
0.016332
0.011926
0.007857
0.004823
0.004597
0.004354
0.004109
0.003898
0.003683
0.003462
0.003240
0.003016
0.002792
0.002569
0.002348
0.002131
0.001919
0.001711
0.001510
0.001315
0.004025
0.003527
0.003628
0.022432
0.020808
0.054421
0.049958
0.052930
0.050339
0.050520
0.048989
0.047870
0.046319
0.044760
0.043029
0.041224
0.134804
0.124563
0.132072
0.121809
0.119201
0.112652
0.107837
0.101860
0.096203
0.090195
0.084240
0.078198
0.072199
0.066639
0.060883
0.055250
0.049756
0.044447
0.039303
0.034339
0.029572
0.025019
0.021328
0.017881
0.014971
0.012219
0.042259
0.037340
0.037870
0.034833
0.047442
0.044591
0.045156
0.043187
0.042361
0.040824
0.039490
0.037908
0.036318
0.034622
0.035372
0.033563
0.031942
0.030125
0.028356
0.026550
0.024758
0.022965
0.021192
0.019440
0.017717
0.016030
0.014384
0.012784
0.011233
0.009737
0.008297
0.006918
0.005600
0.004543
0.003578
0.002657
0.001943
0.001843
0.001743
0.001643
0.001543
0.001443
0.003159
0.002974
0.003068
0.002935
0.002899
0.002812
0.002743
0.002658
0.002574
0.002482
0.002389
0.022797
0.019730
0.021772
0.019670
0.019471
0.018318
0.017607
0.016623
0.015729
0.021634
0.075762
0.067387
0.072157
0.065658
0.065965
0.061883
0.064711
0.060538
0.057845
0.054006
0.052721
0.049212
0.046029
0.042679
0.039424
0.036207
0.033057
0.041418
0.038074
0.036073
0.033201
0.065645
0.059373
0.060329
0.055673
0.054024
0.147933
0.134713
0.141022
0.132629
0.130677
0.125529
0.121421
0.116370
0.111332
0.105936
0.100417
0.094730
0.088956
0.083223
0.077454
0.071702
0.066034
0.060442
0.054927
0.049513
0.314400
0.288031
0.305676
0.289334
25.810831
0.276332
0.268758
0.271694
0.300063
0.290974
0.283382
0.273178
0.262894
0.252119
0.240835
0.229234
0.217286
0.205126
0.192782
0.180338
0.167842
0.157159
0.144500
0.132655
0.120629
0.108945
0.097409
0.086176
0.075221
0.064607
0.054347
0.044475
0.077605
0.063902
0.059341
0.048314
0.044289
0.041465
0.039216
0.036666
0.034590
0.033092
0.031549
0.029937
0.028287
0.210050
0.194210
0.208095
0.198794
0.197938
0.193141
0.189268
0.184203
0.178870
0.172964
0.166693
0.160765
0.177531
0.166945
0.162009
0.152136
0.144343
0.135373
0.126876
0.118324
0.110494
0.102570
0.094695
0.086854
0.079106
0.071471
0.063983
0.056665
0.049542
0.042636
0.035964
0.029544
0.023390
0.017514
0.011925
0.006632
0.002716
0.002073
0.001473
0.000915
0.023950
0.022105
0.024113
0.023146
0.023258
0.024313
0.962323
0.826122
0.923555
0.831494
0.826492
0.777905
0.749495
0.708636
0.671874
0.631452
0.591771
0.551109
0.510762
0.470482
0.430755
0.391666
0.353466
0.316290
0.280302
0.245617
0.212349
0.180584
0.150393
0.121834
0.094945
0.069755
0.046277
0.024511
0.004449
0.012974
12.156591
0.012178
0.011369
0.012424
0.012039
0.011854
0.011512
0.011185
0.010814
0.010424
0.041239
0.037338
0.039814
0.038680
0.037952
0.036578
0.035270
0.033814
0.032315
0.030749
0.029141
0.027498
0.025833
0.024156
0.022478
0.081066
0.074769
0.078264
0.074173
0.073392
0.070865
0.068723
0.066428
0.064080
0.061565
0.058961
0.056260
0.053491
0.050667
0.047806
0.044921
0.042027
0.039802
0.062821
0.057856
0.058009
0.054070
0.051821
0.399518
0.358118
0.388222
0.361385
0.402372
0.388092
0.381064
0.374986
0.362401
0.349692
0.335468
0.320975
0.305834
0.290374
0.274594
0.329554
0.305819
0.296382
0.275656
0.259732
0.241775
0.224885
0.207685
0.190899
0.174297
0.158080
0.142239
0.126903
0.112509
0.098604
0.085217
0.073565
0.064349
0.059660
0.054776
0.050064
0.045372
0.040795
0.036306
0.031938
0.027819
0.024347
0.043398
0.037183
0.035766
0.030785
0.027849
0.025583
0.024369
0.022924
0.021557
0.020583
0.019733
0.018845
0.017936
0.017009
0.016073
0.015131
0.014189
0.013253
0.012328
0.011439
0.489580
0.436314
0.480923
0.447734
0.446623
0.430018
0.418971
0.403529
0.388391
0.371639
0.354395
0.336372
0.318149
0.299750
0.281097
0.262290
0.243454
0.224688
0.206089
0.187745
0.169737
0.152137
0.135011
0.118417
0.102406
0.087022
0.072302
0.058278
0.062163
0.047106
0.037089
0.024361
0.016795
0.015891
0.015358
0.014598
0.033946
0.030968
0.032104
0.029966
0.029178
0.029191
0.027845
0.026623
0.025195
0.023816
0.022392
0.020975
0.019553
0.457314
0.407575
0.447626
0.416342
0.414515
0.398507
0.387633
0.372761
0.358519
0.342815
0.326668
0.309817
0.292579
0.274996
0.257226
0.239361
0.221513
0.203773
0.186232
0.169232
0.152708
0.136569
0.120875
0.105678
0.091029
0.076986
0.097518
0.080924
0.071949
0.058133
0.047294
0.036059
0.029668
0.028547
0.027452
0.026246
0.025008
0.023718
0.022399
0.021056
0.019699
0.018335
0.016974
0.015621
0.014285
0.012969
0.011681
0.010424
0.009203
0.008023
0.006886
0.006131
0.005078
0.004113
0.026260
0.023650
0.024826
0.023138
0.023136
0.022755
0.022481
0.022050
0.021578
0.021026
0.020418
0.231016
0.206636
0.225474
0.209932
0.208569
0.200367
0.194631
0.186962
0.179439
0.174945
0.165985
0.157630
0.148351
0.139270
0.140144
0.129756
0.121432
0.111541
0.107136
0.097341
0.088814
0.225174
0.218695
0.222970
0.219211
0.217469
0.215254
0.212868
0.210013
0.206783
0.204532
0.229192
0.223492
0.221638
0.216069
0.211691
0.206294
0.200971
0.195224
0.196196
0.189187
0.183510
0.240514
0.226782
0.225730
0.214245
0.206926
0.197599
0.188904
0.179548
0.170221
0.160687
0.151928
0.142064
0.132368
0.122473
0.112673
0.102877
0.093173
0.083561
0.074080
0.064749
0.055619
0.046684
0.037963
0.029472
0.022416
0.017017
0.068418
0.058329
0.061583
0.055830
0.054062
0.070129
0.065561
0.065685
0.065812
0.063675
0.061243
0.058659
0.055942
0.053151
0.172758
0.160388
0.168161
0.160187
0.157989
0.153881
0.149503
0.144525
0.139238
0.133666
0.127849
0.121835
0.115654
0.109349
0.102953
0.096501
0.090024
0.083551
0.078026
0.072721
0.067410
0.067239
0.061427
0.057189
0.051723
0.046742
0.041763
0.050625
0.044237
0.041322
0.035833
0.031735
0.027178
0.023209
0.019235
0.020768
0.020262
0.019494
0.018699
0.017831
0.017021
0.016164
0.015313
0.014445
0.013580
0.012715
0.011857
0.011010
0.010178
0.009363
0.011616
0.010399
0.009967
0.008955
0.008350
0.007624
0.007030
0.006620
0.006225
0.005821
0.008407
0.139913
0.125603
0.138052
0.129100
0.128947
0.124487
0.121561
0.117430
0.113366
0.108820
0.104108
0.099149
0.094711
0.089373
0.084115
0.078663
0.073251
0.072348
0.066514
0.061688
0.056209
0.051132
0.046031
0.041119
0.037384
0.032844
0.028576
0.024407
0.162598
0.143236
0.153116
0.140099
0.136799
0.134882
0.131138
0.126742
0.121896
0.116778
0.119437
0.112937
0.108106
0.101666
0.095852
0.089734
0.083783
0.077743
0.071781
0.065858
0.060036
0.054323
0.048750
0.043332
0.038089
0.033693
0.028877
0.024338
0.019975
0.015862
0.011985
0.008347
0.005902
0.005553
0.005217
0.004903
0.004602
0.004359
0.004149
0.004522
0.004464
0.004485
0.004439
0.017378
0.015504
0.016855
0.015583
0.015507
0.014822
0.014410
0.013820
0.013281
1.719349
0.012094
1.739725
0.010872
0.010257
0.009644
0.009036
0.008435
0.007845
0.007266
0.006702
0.006154
0.005623
0.145516
0.129413
0.142057
0.131901
0.131193
0.125969
0.122406
0.117646
0.113174
0.109458
0.104354
0.099186
0.093760
0.088283
0.082708
0.077116
0.071510
0.065938
0.060418
0.054981
0.049647
0.082403
0.076700
0.075155
0.070688
0.067147
0.425250
0.393231
0.420108
0.401075
0.398844
0.388759
0.380525
0.369938
0.358843
0.347710
0.336603
0.324620
0.311918
0.298588
0.284729
0.332860
0.313558
0.304092
0.286561
0.271786
0.256262
0.240552
0.224452
0.208585
0.192570
0.176723
0.161019
0.145567
0.130398
0.115576
0.101137
0.087129
0.074370
0.558332
0.508136
0.538877
0.510745
0.510431
0.499393
0.490803
0.478963
0.466363
0.452173
0.436943
0.420643
0.463995
0.451687
0.475960
0.453946
0.438415
0.417311
0.399378
0.379474
0.360106
0.339992
0.319817
0.300251
0.279745
0.259477
0.239183
0.281969
0.255438
0.242217
0.219081
0.200618
0.180622
0.161912
0.143216
0.125191
0.112141
0.105994
0.099732
0.093414
0.087061
0.080710
0.074385
0.068115
0.061923
0.055834
0.069247
0.061306
0.057481
0.050817
0.046259
0.041535
0.037186
0.032808
0.028596
0.024666
0.021474
0.019201
0.016989
0.014910
0.014070
0.013300
0.012525
0.011753
0.010985
0.010225
0.009478
0.008746
0.008031
0.007336
0.006664
0.006015
0.005392
0.004797
0.004229
0.003690
0.003180
0.002701
0.002347
0.002313
0.002278
0.002243
0.002206
0.002170
0.002132
0.002094
0.002056
0.002017
0.001978
0.001938
0.001898
0.001858
0.001817
0.001776
0.001735
0.001694
0.001653
0.001612
0.001570
0.001528
0.001487
0.001445
0.001404
0.001362
0.001320
0.004546
0.004121
0.004393
0.004110
0.004061
0.003899
0.003781
0.003630
0.003484
0.003327
0.041574
0.035935
0.039849
0.036008
0.035722
0.033647
0.077961
0.071115
0.073729
0.068811
0.066977
0.063637
0.060843
0.057642
0.180150
0.163278
0.172043
0.160373
0.157105
0.149791
0.143958
0.708653
0.639396
0.686560
0.640792
0.633136
0.606921
0.587288
0.562406
0.538228
0.512572
0.486354
0.459262
0.431735
0.403849
0.375829
0.348891
0.320962
0.294290
0.267987
0.242207
0.216984
0.192439
0.168645
0.145679
0.123604
0.103005
0.085353
0.068617
0.052670
0.037635
0.023483
0.010246
0.000942
0.185783
0.165328
0.182677
0.169983
0.169683
0.163398
0.159261
0.153426
0.147707
0.141362
0.134893
0.128051
0.121045
0.122212
0.116812
0.110110
0.103063
0.096070
0.089114
0.087552
0.080009
0.073925
0.066927
0.060603
0.054230
0.048189
0.042309
0.036695
0.031315
0.026201
0.021444
0.016863
0.014309
1.014906
0.897830
0.948829
0.986850
0.948625
0.913064
0.867303
0.824358
0.778720
0.733208
0.686733
0.640157
0.593417
0.546869
0.500651
0.455059
0.410192
0.366192
0.323205
0.085242
0.078962
0.075820
0.070292
0.065713
0.060799
0.056079
0.051345
0.046707
0.042145
0.037691
0.033352
0.029143
0.025099
0.021208
0.017531
0.015304
0.013889
0.012497
0.011152
0.009843
0.073809
0.068128
0.072935
0.069574
0.069197
0.152961
0.142020
0.148163
0.140315
0.138012
0.132819
0.128497
0.123292
0.234799
0.220149
0.241887
0.229616
0.226154
0.269999
0.257012
0.284653
0.270129
0.263667
0.251352
0.240829
0.228999
0.217241
0.205048
0.192743
0.180292
0.167807
0.155333
0.142937
0.130669
0.118581
0.106719
0.095420
0.086635
0.078681
0.070866
0.063219
0.055765
0.048526
0.041524
0.034776
0.028297
0.022101
0.016310
0.011054
0.007062
0.005058
0.004102
0.003186
0.250668
0.222353
0.288857
0.266294
0.270064
0.258653
0.253079
0.243803
0.235196
0.225347
0.215269
0.204635
0.193727
0.197125
0.184160
0.174075
0.161594
0.150126
0.138283
0.127062
0.115572
0.104398
0.093411
0.082751
0.072410
0.062439
0.085096
0.072411
0.066745
0.056290
0.048453
0.040041
0.035166
0.032611
0.030457
0.028846
0.027216
0.025549
0.023869
0.022181
0.020496
0.018824
0.017172
0.015548
0.013959
0.012590
0.011370
0.010176
0.009015
0.007891
0.006805
0.005764
0.004772
0.096305
0.088330
0.095388
0.090809
0.090529
0.088443
0.087343
0.085624
0.083749
0.081561
0.079163
0.076546
0.073749
0.070790
0.067694
0.064483
0.061176
0.057796
0.054362
0.050892
0.047404
0.043914
0.040438
0.036992
0.033588
0.030238
0.026956
0.023751
0.020633
0.017611
0.014692
0.011883
0.009190
0.006619
0.004172
0.001855
0.000000
0.000000
0.000000
0.000000
0.000000
0.000000
0.000000
0.000000
0.000155
0.000138
0.000153
0.000142
0.000142
0.000137
0.000134
0.000129
0.000124
0.000119
0.000114
0.000108
0.000102
0.000096
0.000090
0.000084
0.000078
0.000072
0.000082
0.025096
0.021499
0.024130
0.021709
0.021608
0.020344
0.019617
0.018557
0.017605
0.016555
0.015523
0.014464
0.013413
0.012363
0.011329
0.010310
0.009314
0.028742
0.025628
0.026636
0.024434
0.023596
0.022159
0.020987
0.019675
0.018415
0.017130
0.015865
0.014757
0.013799
0.013043
0.012245
0.011452
0.018251
0.016609
0.016525
0.015216
0.021365
0.019348
0.019956
0.019376
0.018369
0.017144
0.015956
0.014743
0.013555
0.012370
0.011209
0.010068
0.009077
0.008364
0.007658
0.006962
0.006294
0.005668
0.005059
0.004469
0.003900
0.003355
0.002833
0.002335
0.001863
0.001417
0.000997
0.000605
0.000351
0.000260
0.000205
0.000152
0.000102
0.000056
0.000019
0.000000
0.000000
0.070895
0.065432
0.079268
0.075461
0.076512
0.074755
0.073865
0.072251
0.070609
0.068659
0.066555
0.064260
0.062259
0.059636
0.056994
0.054187
0.051335
0.048413
0.045456
0.042471
0.039477
0.036487
0.033514
0.030572
0.027670
0.024821
0.022034
0.019318
0.016680
0.014127
0.011667
0.009305
0.007045
0.004891
0.002983
0.007106
0.005342
0.005884
0.005468
0.005448
0.005237
0.005095
0.004899
0.004707
0.004502
0.004294
0.004076
0.003852
0.003624
0.003392
0.003159
0.002925
0.002693
0.002463
0.002236
0.002013
0.030829
0.026443
0.029295
0.026291
0.025988
0.024344
0.023331
0.021942
0.020687
0.019327
0.018776
0.017452
0.016302
0.015054
0.013858
0.012664
0.011499
0.010360
0.009254
0.008186
0.007158
0.006173
0.005234
0.004344
0.003502
0.002711
0.001972
0.001283
0.000646
0.000422
0.000392
0.000363
0.000334
0.000305
0.000277
0.000249
0.000221
0.000194
0.000168
0.000143
0.000119
0.000095
0.000073
0.000052
0.000031
0.000012
0.000000
0.000000
0.000000
0.000000
0.000000
0.000000
0.000000
0.000000
0.000000
0.000000
0.000000
0.000000
0.000000
0.000000
0.000000
0.000000
0.000000
0.000000
0.025083
0.021558
0.024262
0.021905
0.021862
0.020649
0.019967
0.018945
0.035735
0.032810
0.033510
0.031301
0.030276
0.028672
0.027278
0.026061
0.024504
0.022974
0.021397
0.019841
0.018290
0.016762
0.015260
0.013791
0.012361
0.010976
0.017367
0.014971
0.014555
0.012650
0.011968
0.018117
0.041041
0.037364
0.038461
0.035214
0.033958
0.031720
0.029944
0.027896
0.025956
0.024277
0.022651
0.021007
0.019377
0.017761
0.016172
0.014622
0.013112
0.011649
0.010238
0.008882
0.007587
0.006355
0.005188
0.004185
0.003289
0.002449
0.001666
0.000940
0.000291
0.000000
0.000000
0.000000
0.000000
0.000000
0.000000
0.000000
0.000000
0.076538
0.068026
0.075174
0.069882
0.087373
0.082830
0.082782
0.079170
0.076790
0.073581
0.070500
0.067132
0.063706
0.060158
0.056556
0.052905
0.054296
0.050457
0.047210
0.043567
0.040110
0.054015
0.048179
0.046733
0.041876
0.038724
0.034874
0.099512
0.086453
0.090491
0.080869
0.098523
0.095904
0.091920
0.089697
0.086211
0.083470
0.080590
0.077918
0.075115
0.072387
0.069642
0.066945
0.081906
0.079081
0.079055
0.076884
0.075787
0.074224
0.072970
0.071733
0.070791
0.069819
0.068876
0.067932
0.067006
0.066240
0.066574
0.066802
0.066929
0.066967
0.067027
0.066986
0.066846
0.066610
0.066282
0.065864
0.065360
0.064773
0.064107
0.085069
0.083778
0.085243
0.084439
0.084379
0.083859
0.083367
0.082687
0.081915
0.081019
0.080020
0.078917
0.077720
0.076431
0.075057
0.073604
0.175726
0.162890
0.171145
0.162506
0.160734
0.155549
0.151506
0.146459
0.141427
0.136000
0.130424
0.124643
0.118734
0.112710
0.106614
0.120999
0.112531
0.108275
0.100713
0.094584
0.087867
0.081483
0.075022
0.068700
0.062448
0.056325
0.050330
0.044485
0.038800
0.033287
0.027955
0.022814
0.018067
0.015406
0.190548
0.168883
0.183525
0.169372
0.167520
0.160701
0.156204
0.150097
0.144124
0.137574
0.130862
0.123884
0.148166
0.138952
0.134791
0.172425
0.224554
0.221372
0.217322
0.210846
0.204312
0.197564
0.190283
0.182751
0.174859
0.166752
0.158426
0.149956
0.141371
0.132719
0.124036
0.115350
0.106663
0.098053
0.089515
0.081095
0.072813
0.064697
0.056769
0.049049
0.041556
0.034574
0.029436
0.024579
0.020441
0.016815
0.013342
0.010048
0.006928
0.004486
0.002408
0.000469
0.073307
0.091301
0.095398
0.092901
0.091081
0.088626
0.086174
0.083345
0.080316
0.077050
0.073614
0.070025
0.066320
0.062525
0.058669
0.054775
0.050869
0.046972
0.043104
0.039286
0.035532
0.031860
0.028284
0.053877
0.047356
0.046897
0.041854
0.038896
0.035145
0.031881
0.028504
0.025300
0.022648
0.021356
0.033741
0.061994
0.057564
0.058675
0.054482
0.052966
0.657494
0.608040
0.656684
0.628690
0.628552
0.615302
0.604999
0.590705
0.575455
0.558241
0.539735
0.519904
0.498998
0.477141
0.454503
0.431363
0.408170
0.384570
0.360693
0.336662
0.312592
0.288593
0.264765
0.241725
0.219099
0.196855
0.302646
0.267057
0.258186
0.229219
0.209530
0.186464
0.165677
0.144542
0.124461
0.104880
0.091744
0.086850
0.081860
0.076783
0.071665
0.066544
0.061524
0.056537
0.051609
0.046762
0.042016
0.037389
0.032899
0.690655
0.614632
0.673928
0.625857
0.622201
0.597249
0.580089
0.556971
0.534391
0.511928
0.489091
0.465091
0.513574
0.480325
0.461630
0.430810
0.404807
0.376501
0.349243
0.321636
0.295945
0.270882
0.246403
0.222522
0.199332
0.176898
0.155281
0.134527
0.114682
0.095775
0.077835
0.060879
0.046393
0.044734
0.043024
0.041269
0.039474
0.037645
0.035786
0.033903
0.126960
0.111624
0.119582
0.108669
0.106366
0.099765
0.095138
0.089294
0.083851
0.078061
0.077760
0.071378
0.066154
0.060082
0.054643
0.049735
0.053272
0.047982
0.044197
0.039510
0.035374
0.031234
0.027322
0.023915
0.020837
0.017895
0.015101
0.012455
0.009963
0.008856
0.008181
0.007513
0.006889
0.007063
0.006505
0.006087
0.005567
0.005100
0.004620
0.018285
0.016262
0.017143
0.015792
0.015458
0.014674
0.014062
0.013330
0.017398
0.015964
0.039412
0.035618
0.037103
0.034574
0.033861
0.089640
0.082022
0.086041
0.080675
0.079115
0.075693
0.072906
0.069598
0.066318
0.062857
0.059347
0.055765
0.052166
0.048551
0.057178
0.051840
0.049589
0.045095
0.041905
0.038206
0.034841
0.031394
0.028138
0.024972
0.022128
0.019144
0.016308
0.013576
0.011314
0.009148
0.007089
0.005211
0.029331
0.026189
0.027566
0.024639
0.024115
0.022346
0.021286
0.019837
0.035889
0.034076
0.034316
0.033031
0.032632
0.031789
0.031177
0.030383
0.029658
0.028853
0.028061
0.027223
0.026385
0.025521
0.024650
0.023766
0.022875
0.021977
0.021075
0.130557
0.117458
0.126932
0.118470
0.117411
0.112785
0.109446
0.105098
0.100826
0.096187
0.091441
0.086522
0.081510
0.076416
0.071279
0.066124
0.060979
0.171109
0.153416
0.159346
0.146649
0.141779
0.133304
0.126500
0.118963
0.111656
0.104123
0.322690
0.282470
0.298790
0.269518
0.261386
0.244045
0.232781
0.218551
0.205370
0.191386
0.177677
0.163843
0.150212
0.136735
0.123540
0.110657
0.098153
0.086067
0.074442
0.063311
0.052702
0.042638
0.033964
0.027311
0.021056
0.015204
0.009759
0.004721
0.000085
0.000000
0.000000
0.000000
0.000000
0.000000
0.000000
0.007949
0.007087
0.007847
0.007316
0.007316
0.007058
0.006891
0.006650
0.062506
0.056009
0.060979
0.056819
0.056415
0.054191
0.052618
0.050529
0.068713
0.067845
0.069440
0.068844
0.068925
0.068417
0.067945
0.067174
0.066302
0.065231
0.064035
0.062685
0.061215
0.059620
0.057920
0.056117
0.054243
0.052431
0.082247
0.099185
0.101849
0.102457
0.103437
0.103940
0.104514
0.104793
0.104992
0.104989
0.104872
0.104596
0.104199
0.103669
0.103832
0.115115
0.114668
0.115404
0.115013
0.114980
0.114629
0.114294
0.113797
0.113230
0.112553
0.115992
0.115860
0.115989
0.115829
0.115721
0.115513
0.115279
0.114980
0.114638
0.114243
0.113800
0.113306
0.112764
0.112174
0.111536
0.110851
0.133712
0.130442
0.132094
0.129507
0.129000
0.127251
0.126017
0.135083
0.131938
0.131286
0.128418
0.126438
0.123889
0.121489
0.118878
0.116245
0.113509
0.110738
0.107907
0.105028
0.102103
0.099142
0.096148
0.093128
0.090087
0.087030
0.083963
0.080888
0.077811
0.074734
0.071662
0.068598
0.065544
0.062503
0.059477
0.056470
0.053633
0.058625
0.191815
0.170823
0.182012
0.166317
0.217375
0.199958
0.198918
0.185084
0.176851
0.165545
0.155501
0.144696
0.134340
0.128195
0.117320
0.107738
0.097413
0.088004
0.083070
0.073416
0.065084
0.056492
0.049101
0.041863
0.035051
0.028704
0.022982
0.017595
0.012699
0.008465
0.006754
0.005146
0.003644
0.002793
0.002463
0.002146
0.001842
0.001552
0.001284
0.001031
0.000793
0.000570
3.578404
0.000307
0.000200
0.000101
0.000010
0.000000
0.101233
0.089983
0.099445
0.092453
0.092257
0.088789
0.086504
0.083294
0.080152
0.076673
0.073093
0.069351
0.065520
0.061608
0.057650
0.053669
0.049688
0.045729
0.041812
0.037955
0.034175
0.030486
0.026901
0.023433
0.020092
0.016886
0.086284
0.083720
0.086654
0.085552
0.085512
0.085018
0.084450
0.083678
0.082749
0.081658
0.080416
0.079030
0.077507
0.229595
0.210786
0.223307
0.210737
0.208383
0.200967
0.195260
0.188070
0.180914
0.173182
0.165241
0.157492
0.149063
0.140532
0.131864
0.123153
0.114425
0.105723
0.097082
0.088537
0.200256
0.178902
0.182260
0.166307
0.158611
0.147262
0.137555
0.127007
0.116808
0.106486
0.097020
0.088136
0.081214
0.075679
0.107231
0.098424
0.097102
0.089841
0.085080
0.117268
0.106474
0.104918
0.095819
0.108609
0.098725
0.094328
0.085849
0.079381
0.072072
0.065362
0.058554
0.052625
0.047110
0.043789
0.040414
0.037100
0.373992
0.344946
0.371046
0.356560
0.409894
0.393856
0.392784
0.378645
0.369030
0.355859
0.343196
0.329785
0.316343
0.302534
0.288299
0.273593
0.258873
0.263715
0.247364
0.255523
0.240828
0.227869
0.214028
0.200163
0.196492
0.181956
0.169270
0.155418
0.142286
0.618797
0.535493
0.729415
0.652855
0.653747
0.607094
0.581790
0.545662
0.521261
0.493474
0.466128
0.437711
0.409271
0.380592
0.352047
0.323701
0.295747
0.268296
0.241477
0.215382
0.190113
0.165744
0.142345
0.120288
0.099344
0.079477
0.060728
0.043107
0.027026
0.366597
0.322932
0.350908
0.322777
0.318287
0.303695
0.295641
0.284431
0.273482
0.261393
0.248980
0.236029
0.222790
0.209292
0.195656
0.181952
0.215577
0.198263
0.188785
0.173544
0.160759
0.147275
0.134393
0.121609
0.109192
0.097094
0.085389
0.074096
0.063248
0.053713
0.043728
0.034417
0.031276
0.029540
0.027752
0.025960
0.024154
0.032466
0.029561
0.028740
0.026299
0.024564
0.022537
0.031205
0.027792
0.027056
0.024212
0.022389
0.020119
0.203940
0.181608
0.197326
0.183485
0.182557
0.175593
0.170774
0.164238
0.157815
0.150763
0.143521
0.135982
0.133799
0.125359
0.117974
0.109661
0.101734
0.093687
0.085800
0.121622
0.107849
0.105231
0.094003
0.087086
0.078503
0.071088
0.063343
0.056048
0.048857
0.041981
0.035348
0.029022
0.140324
0.125292
0.134104
0.127839
0.125118
0.119643
0.114835
0.135765
0.127390
0.124186
0.116617
0.110735
0.104059
0.097710
0.091146
0.084654
0.078433
0.072794
0.067166
0.061590
0.062250
0.056566
0.052136
0.046897
0.042231
0.171178
0.152202
0.160614
0.147521
0.143494
0.169867
0.158533
0.156653
0.148433
0.142942
0.135697
0.128965
0.121647
0.114368
0.106894
0.099418
0.091913
0.084507
0.077550
0.070700
0.063958
0.057377
0.050971
0.044767
0.038782
0.033036
0.100939
0.085164
0.088039
0.076430
0.071897
0.082095
0.074674
0.072560
0.068044
0.318459
0.287001
0.307471
0.286609
0.282734
0.270626
0.261480
0.250033
0.238795
0.226765
0.214551
0.238872
0.222124
0.212818
0.197524
0.184763
0.170942
0.157737
0.144436
0.131448
0.119540
0.108379
0.108243
0.185847
0.166494
0.167608
0.151199
0.141742
0.129221
0.118738
0.107750
0.097300
0.089003
0.083975
0.098737
0.090656
0.087514
0.080363
0.075100
0.068977
0.063371
0.057609
0.052062
0.046995
0.042405
0.037907
0.033541
0.029311
13.268141
0.021323
0.017586
0.015684
0.012078
0.009077
0.006120
0.005018
0.028585
0.025245
0.026886
0.024624
0.024022
0.031248
0.028994
0.029059
0.027410
0.026475
0.025119
0.023910
0.116142
0.104778
0.112451
0.104931
0.103640
0.099316
0.096069
0.091966
0.087929
0.083589
0.079171
0.074625
0.070051
0.065428
0.060793
0.056168
0.051580
0.047051
0.070975
0.063284
0.066190
0.060232
0.056986
0.052369
0.048446
0.044261
0.040355
0.036407
0.032602
0.028874
0.025273
0.021793
0.018452
0.016922
0.015640
0.014368
0.013111
0.011876
0.010667
0.009490
0.026320
0.026774
0.027830
0.027182
0.026907
0.026556
0.026198
0.025808
0.025396
0.024961
0.024900
0.024971
0.024979
0.024927
0.024817
0.024651
0.024431
0.024161
0.023841
0.023475
0.023065
0.084011
0.078844
0.145059
0.135224
0.141007
0.263831
0.246105
0.257663
0.244093
0.241441
0.232689
0.226216
0.217769
0.209563
0.200608
0.191510
0.182070
0.172490
0.162763
0.185084
0.175243
0.167863
0.158743
0.280939
0.258045
0.261986
0.244769
0.565205
0.527955
0.579846
0.573340
0.564099
0.549431
0.533604
0.517421
0.502270
0.485514
0.467786
0.449162
0.429834
0.409839
0.389335
0.461979
0.433732
0.420545
0.395441
0.374632
0.351889
0.329772
0.307287
0.285269
0.263562
0.242065
0.220827
0.199936
0.774846
0.693891
0.733136
0.676382
0.659669
0.624535
0.597265
0.565063
0.534318
0.509530
0.484121
0.457755
0.430875
0.403551
0.376007
0.348382
0.320837
0.293507
0.266523
0.240537
0.215545
0.191186
0.167546
0.145083
0.125168
0.106033
0.106220
0.086755
0.071964
0.055088
15.729862
0.026031
0.022613
0.021514
0.021464
0.020542
0.019899
0.019106
0.018326
0.017580
0.016710
0.031109
0.115369
0.106359
0.112606
0.105765
0.104248
0.100104
0.096835
0.230609
0.359337
0.352258
0.352832
0.338488
0.329458
0.317157
0.342373
0.514656
0.491650
0.495785
0.476841
0.465591
0.450015
0.877492
0.798625
0.829191
0.769736
0.750666
0.710567
0.679712
0.642697
0.607417
0.570310
0.533572
0.496709
0.460112
0.423731
0.387861
0.352601
0.479996
0.490233
0.468425
0.449931
0.435889
0.408587
0.385797
0.360800
0.337393
0.341473
0.318861
0.299013
0.279694
0.265177
0.258171
0.250900
0.243288
0.235467
0.227436
0.219277
0.211019
0.202717
0.225025
0.217586
0.212336
0.205537
0.199198
0.192775
0.186424
0.180123
0.173905
0.167788
0.161789
0.157436
0.151508
0.146117
0.140710
0.138104
0.136736
0.135344
0.133879
0.134699
0.132887
0.131514
0.129720
0.128051
0.126277
0.124506
0.122695
0.120869
0.119025
0.117171
0.115309
0.113444
0.111581
0.111105
0.109250
0.107593
0.132778
0.227541
0.217442
0.222463
0.213956
0.211196
0.205876
0.202142
0.197577
0.192946
0.187972
0.182841
0.177528
0.172099
0.166577
0.232157
0.218744
0.219872
0.209466
0.203874
0.196049
0.189137
0.181677
0.174379
0.166975
0.159639
0.152340
0.145136
0.138040
0.131288
0.124967
0.118776
0.112732
0.108454
0.104669
0.100935
0.098627
0.094861
0.091430
0.087819
0.084394
0.080993
0.082044
0.078425
0.075711
0.072458
0.069513
0.067081
0.065644
0.064178
0.062671
0.061146
0.059588
0.058012
0.056413
0.054797
0.053164
0.051518
0.049861
0.059132
0.056452
0.055749
0.097828
0.089882
0.092665
0.119244
0.112558
0.111944
0.105652
0.101771
0.096539
0.091813
0.086669
0.081606
0.076418
0.071283
0.066186
0.061121
0.056093
0.051130
0.046244
0.041452
0.036767
0.032201
0.027761
0.032826
0.027342
0.024332
0.019583
0.059572
0.051173
0.053194
0.048897
0.047636
0.045183
0.043696
0.041804
0.039948
0.181296
0.158977
0.172230
0.156526
0.154046
0.144926
0.138888
0.158284
0.147057
0.142082
0.131716
0.123756
0.114604
0.106086
0.098795
3.464680
0.081895
0.073792
0.065985
0.058387
0.051075
0.044048
0.037336
0.057279
0.050108
0.047362
0.052628
0.047172
0.046426
0.041786
0.040684
0.038681
0.037023
0.035130
0.033294
0.031385
0.029704
0.028273
0.026805
0.025795
0.024217
0.057970
0.051349
0.053535
0.048599
0.046949
0.043700
0.041240
0.472296
0.436644
0.545155
0.516842
0.523548
0.508856
0.501223
0.488341
0.475635
0.460895
0.445491
0.428970
0.412074
0.394324
0.375898
0.356905
0.337475
0.317722
0.297759
0.277690
0.257613
0.237621
0.218158
0.199213
0.180541
0.162201
0.144258
0.126768
0.109784
0.149968
0.127820
0.117886
0.099408
0.085415
0.070596
0.058342
0.046491
0.044724
0.042769
0.040758
0.038658
0.036508
0.034314
0.040004
0.123567
0.114676
0.119749
0.111789
0.109057
0.103817
0.099486
0.094457
0.089500
0.084321
0.079109
0.073829
0.068546
0.063275
0.326783
0.354091
0.377635
0.360383
0.353751
0.340652
0.329556
0.316297
0.302881
0.288523
0.273781
0.258571
0.272128
0.253312
0.240472
0.303879
0.279264
0.270441
0.249682
0.235443
0.218823
0.203323
0.548654
0.492984
0.511364
0.471365
0.455931
0.429225
0.407176
0.382313
0.358218
0.333507
0.309151
0.311828
0.292643
0.275831
0.256254
0.238252
0.219609
0.201510
0.183529
0.166030
0.148933
0.132316
0.116283
0.101344
0.086971
0.074594
0.062981
0.065090
0.054469
0.107309
0.091147
0.102011
0.092115
0.092926
0.088945
0.122678
0.118364
0.118375
0.114758
0.112431
0.109218
0.106208
0.102839
0.099457
0.231058
0.212578
0.221642
0.208718
0.225796
0.216964
0.213166
0.205347
0.198850
0.191285
0.183872
0.176073
0.168226
0.435427
0.397344
0.415466
0.389152
0.607522
0.574205
0.580643
0.557156
0.543087
0.523502
0.504654
0.484049
0.462925
0.440987
0.418570
0.395739
0.372657
0.349435
0.326195
0.304229
0.283917
0.263934
0.244208
0.224694
0.205474
0.186618
0.190093
0.169061
0.153999
0.298702
0.270031
0.267466
0.246792
0.238049
0.306353
0.289330
0.284507
0.269550
0.258039
0.244944
0.235501
0.227164
0.218523
0.209434
0.200136
0.190491
0.180576
0.170442
0.160148
0.149745
0.139285
0.128814
0.118378
0.108018
0.097993
0.096881
0.086496
0.078795
0.069555
1.153360
0.964838
1.036339
0.901167
0.851196
0.766138
0.700113
0.631332
0.567577
0.503849
0.442758
0.383403
0.349384
0.334450
0.281604
0.236014
0.077510
0.075658
0.072727
0.070053
0.067013
0.063922
0.060674
0.098923
0.091007
0.091684
0.085585
0.082247
0.143964
0.132582
0.134400
0.139270
0.182534
0.169920
0.168529
0.157332
0.150483
0.288641
0.268882
0.272886
0.258518
0.250773
0.239929
0.229837
0.219019
0.208395
0.198243
0.187884
0.177328
0.166658
0.155926
0.145189
0.134498
0.123901
0.113441
0.103301
0.215047
0.192560
0.195033
0.178081
0.169604
0.159648
0.151226
0.141828
0.132658
0.123246
0.113888
0.104619
0.095649
0.086769
0.078030
0.069462
0.061101
0.054748
0.050066
0.045455
0.040935
0.036524
0.032238
0.028090
0.024094
0.020260
1.388296
1.277162
1.388826
1.327273
1.329185
1.301645
1.282546
1.255471
1.226237
1.192524
1.155835
1.116068
1.086372
1.040447
0.995193
0.946303
0.909276
0.856777
0.806792
0.753777
0.701741
0.649159
0.597121
0.545405
0.494431
0.444280
0.395181
0.347264
0.300688
0.255573
0.212039
0.254232
0.204962
0.174698
0.132679
0.098231
0.079755
0.077139
0.149575
0.137936
0.145575
0.139256
0.136753
0.132242
0.128123
0.123953
0.119613
0.115004
0.110202
0.105229
0.100120
0.094907
0.089617
0.084280
0.078953
0.073642
0.068371
0.063165
0.058037
0.053004
0.048080
0.043277
0.038606
0.034506
0.048069
0.043600
0.042489
0.038775
0.036197
0.046638
0.041887
0.040412
0.036293
0.033442
0.030274
0.072728
0.065896
0.068156
0.063206
0.061251
0.057883
0.055067
0.051885
0.048780
0.045595
0.042942
0.367057
0.316796
0.348043
0.313280
0.308943
0.289482
0.277144
0.260558
0.245500
0.229270
0.217676
0.203817
0.188645
0.173462
0.158452
0.143746
0.345777
0.301066
0.310635
0.277031
0.263988
0.241445
0.224988
0.206212
0.188912
0.171311
0.154430
0.137874
0.121939
0.112643
0.103486
0.094449
0.085593
0.076950
0.068561
0.060455
0.052660
0.045197
0.038086
0.031341
0.024974
0.018992
0.013400
0.008200
0.003391
0.000384
0.000217
0.000110
0.000038
0.000000
0.000000
0.000000
0.000000
0.000000
0.000000
0.000000
0.000000
0.000000
0.020467
0.017556
0.019736
0.017784
0.017726
0.016715
0.016140
0.015290
0.014527
0.152714
0.136640
0.148949
0.138673
0.137702
0.132236
0.128388
0.123274
0.118260
0.112794
0.107202
0.101405
0.095504
0.089514
0.083485
0.077449
0.071441
0.065490
0.195119
0.170074
0.209470
0.212708
0.206761
0.195825
0.185025
0.173877
0.162700
0.151420
0.140125
0.169139
0.153600
0.199269
0.183892
0.177586
0.165303
0.155468
0.144640
0.134366
0.123938
0.113784
0.103743
0.103139
0.092564
0.084165
0.074576
0.065938
0.057350
0.050224
0.044853
0.039716
0.034998
0.030654
0.026506
0.023120
0.019869
0.026584
0.022855
0.020877
0.018011
0.015537
0.013467
0.012378
0.011849
0.011304
0.010743
0.010170
0.009588
0.009000
0.008409
0.007819
0.007233
0.006651
0.006078
0.005681
0.005305
0.004928
0.004551
0.004177
0.003807
0.008788
0.007846
0.008004
0.007303
0.006969
0.006472
0.006049
0.005590
0.005150
0.004703
0.004265
0.003830
0.003531
0.003327
0.003119
0.002909
0.002699
0.002490
0.002283
0.002078
0.001877
0.001681
0.001490
0.001305
0.001126
0.000954
0.000790
0.000633
0.000485
0.000344
0.000212
0.000089
0.000000
0.000000
0.000000
0.000000
0.000000
0.000000
0.000000
0.000000
0.000000
0.000103
0.000095
0.000104
0.000100
0.000100
0.000098
0.000097
0.000095
0.000093
0.000090
0.004192
0.003878
0.004227
0.004058
0.004077
0.004007
0.003956
0.003877
0.003791
0.003691
0.003582
0.003462
0.003335
0.003201
0.003060
0.002914
0.002764
0.098583
0.087717
0.096492
0.089666
0.089289
0.085813
0.083463
0.080240
0.077089
0.073625
0.070072
0.066373
0.062595
0.058748
0.075341
0.069167
0.067191
0.061914
0.058060
0.053612
0.049571
0.045431
0.041405
0.037422
0.033540
0.029754
0.026087
0.022546
0.019142
0.015883
0.012776
0.009827
0.008456
0.093888
0.083813
0.091346
0.084898
0.084226
0.080779
0.078345
0.075134
0.071993
0.068579
0.065094
0.061488
0.057823
0.054369
0.373136
0.345100
0.369238
0.352676
0.350935
0.342243
0.335153
0.325977
0.316340
0.305707
0.294442
0.282531
0.270110
0.323545
0.300724
0.294161
0.274013
0.259906
0.242680
0.288699
0.266774
0.257108
0.237509
0.222467
0.212936
0.197042
0.181730
0.166205
0.151038
0.136163
0.121632
0.107503
0.093800
0.093367
0.079249
0.098870
0.088990
0.088372
0.085876
0.084138
0.081973
0.079984
0.078924
0.077943
0.076760
0.075485
0.074064
0.072548
0.078822
0.075976
0.075009
0.072372
0.070398
0.067998
0.065715
0.063282
0.060844
0.058345
0.055826
0.053280
0.050724
0.048160
0.045598
0.068035
0.062703
0.062517
0.058543
0.056258
0.053274
0.106373
0.097466
0.099934
0.121437
0.117968
0.115865
0.111813
0.108334
0.104405
0.100585
0.096521
0.092400
0.088163
0.083877
0.079536
0.075183
0.070823
0.066483
0.062176
0.057919
0.053725
0.049609
0.045579
0.041646
0.037819
0.034104
0.158695
0.142009
0.151465
0.140269
0.137687
0.131055
0.138295
0.133047
0.137803
0.131184
0.127011
0.120756
0.115222
0.109441
0.104076
0.098727
0.093508
0.088244
0.083001
0.077790
0.072645
0.067586
0.062634
0.057808
0.064640
0.058451
0.055297
0.049999
0.063651
0.057946
0.055552
0.050975
0.047859
0.046684
0.045606
0.044402
0.119581
0.107427
0.114329
0.105762
0.104247
0.099155
0.095684
0.091184
0.087009
0.083688
0.080695
0.077646
0.074578
0.071475
0.068364
0.065243
0.062114
0.059173
0.056268
0.053369
0.050480
0.047609
0.044764
0.041951
0.054424
0.049991
0.048727
0.045038
0.042430
0.039741
0.037322
0.034807
0.032347
0.029884
0.028102
0.219228
0.203356
0.218647
0.236478
0.232457
0.353657
0.338497
0.344390
0.333217
0.327597
0.318672
0.310205
0.300417
0.290084
0.279008
0.267405
0.255307
0.242823
0.230022
0.216984
0.203781
0.190698
0.177656
0.164618
0.151641
0.138779
0.126080
0.113592
0.101355
0.089409
0.077787
0.066520
0.055841
0.045842
0.175921
0.151536
0.156161
0.142070
0.138522
0.130634
0.124521
0.117283
0.112452
0.107780
0.102949
0.097875
0.092659
0.087314
0.081891
0.078999
0.074759
0.069363
0.063905
0.058443
0.053096
0.047845
0.042725
0.037746
0.032927
0.028282
0.023823
0.019562
0.015506
0.011663
0.008038
0.004635
0.001920
0.001759
0.001601
0.001445
0.001293
0.001145
0.001001
0.000863
0.000730
0.000602
0.000481
0.000365
0.000256
0.011955
0.010974
0.011961
0.011468
0.011540
0.011354
0.011224
0.011015
0.010784
0.010512
0.010213
0.032307
0.053574
0.052561
0.053463
0.051588
0.050774
0.049301
0.047939
0.046317
0.044630
0.042811
0.040914
0.038937
0.036903
0.034822
0.032708
0.030574
0.028432
0.026291
0.024164
0.022058
0.019984
0.017949
0.015960
0.014024
0.012147
0.013736
0.011892
0.010750
0.009153
0.007829
0.006467
0.005207
0.003986
0.003258
0.002605
0.002294
0.002177
0.002058
0.001936
0.001812
0.001688
0.001563
0.001440
0.001317
0.001196
0.001078
0.000963
0.001404
0.001274
0.001212
0.001105
0.001018
0.000928
0.000843
0.000761
0.000682
0.000606
0.000568
0.000560
0.000551
0.000541
0.082384
0.073213
0.080798
0.119609
0.115896
0.153681
0.147117
0.147834
0.142985
0.139774
0.135387
0.130975
0.126098
0.120996
0.115632
0.110081
0.104371
0.098543
0.092632
0.086673
0.080696
0.074733
0.068811
0.062954
0.057188
0.051533
0.046009
0.040633
0.035422
0.030388
0.025556
0.020927
0.017799
0.015156
0.012605
0.010151
0.007800
0.005555
0.003420
0.001971
0.027324
0.051709
0.051064
0.052026
0.050174
0.049344
0.047900
0.046532
0.044912
0.043213
0.041382
0.039470
0.037480
0.035434
0.033345
0.031228
0.029097
0.026964
0.024841
0.022738
0.020666
0.018634
0.027848
0.024665
0.023836
0.021254
0.019496
0.017453
0.024986
0.022647
0.021664
0.019732
0.018190
0.028658
0.027723
0.027566
0.026802
0.026177
0.025465
0.024743
0.023974
0.023188
0.022373
0.035949
0.033541
0.034062
0.032233
0.031361
0.030017
0.028838
0.027526
0.026225
0.024879
0.023525
0.022332
0.021172
0.019992
0.018801
0.017602
0.016400
0.015201
0.014009
0.012826
0.011659
0.010508
0.009379
0.008274
0.012629
0.011165
0.010612
0.009405
0.008538
0.007630
0.006893
0.006229
0.005604
0.005269
0.004936
0.004602
0.004352
0.004178
0.003997
0.003808
0.003614
0.003416
0.003214
0.003010
0.002805
0.002599
0.002395
0.002192
0.001991
0.001794
0.001601
0.001412
0.001671
0.001429
0.001303
0.001094
0.000933
0.000759
0.000602
0.000446
0.000310
0.000291
0.000273
0.000254
0.000236
0.000217
0.000199
0.000181
0.000163
0.000146
0.000129
0.005038
0.053884
0.048974
0.053194
0.049818
0.049530
0.047741
0.046459
0.044740
0.043029
0.041159
0.039230
0.037217
0.059410
0.054590
0.054713
0.050881
0.048681
0.045711
0.043050
0.040202
0.037414
0.034596
0.031813
0.029056
0.026347
0.023693
0.021108
0.018598
0.016231
0.013982
0.011822
0.012812
0.010769
0.010182
0.009124
0.008298
0.266868
0.246421
0.267982
0.256794
0.257526
0.252646
0.249028
0.243694
0.238334
0.232191
0.225441
0.218067
0.210174
0.201815
0.193060
0.183971
0.174610
0.165033
0.263491
0.241713
0.241998
0.224694
0.214678
0.201240
0.190537
0.177479
0.164954
0.152060
0.139450
0.126882
0.114517
0.102355
0.103041
0.090486
0.102606
0.088753
0.080445
0.074366
0.070068
0.065061
0.060401
0.055618
0.050956
0.046334
0.041818
0.094872
0.088317
0.089066
0.084158
0.081490
0.077770
0.074487
0.070869
0.067347
0.063706
0.060094
0.056449
0.052826
0.049199
0.045597
0.042020
0.038489
0.035007
0.032607
0.029178
0.025992
0.023081
0.020418
0.017862
0.015583
0.013348
0.011166
0.009039
0.006971
0.004966
0.003027
0.001254
0.000753
0.000717
0.010122
0.009353
0.010115
0.009683
0.009685
0.035731
0.031871
0.034470
0.031756
0.031436
0.029871
0.028842
0.027442
0.026136
0.024709
0.023287
0.021824
0.020359
0.018887
0.017424
0.015978
0.014575
0.013197
0.011853
0.010546
0.009282
0.011663
0.009973
0.009232
0.007818
0.006796
0.005664
0.004668
0.003684
0.002846
0.002459
0.002195
0.002042
0.001891
0.053467
0.047629
0.052365
0.067166
0.064289
0.064345
0.061275
0.059451
0.056806
0.054390
0.051681
0.048973
0.046152
0.043308
0.040425
0.037541
0.034730
0.031939
0.029181
0.026469
0.023814
0.021228
0.025320
0.022180
0.020481
0.017809
0.015682
0.013449
0.011402
0.009408
0.007531
0.005747
0.004873
0.004634
0.004388
0.004135
0.003879
0.004116
0.003801
0.003588
0.509018
0.454347
0.502802
0.469143
0.469203
0.452833
0.442230
0.426901
0.411802
0.394913
0.377420
0.359021
0.340086
0.320664
0.300954
0.281166
0.261304
0.241478
0.221794
0.202554
0.183418
0.164723
0.146477
0.128784
0.111683
0.095230
0.079463
0.064421
0.050129
0.036612
0.023885
0.011967
0.067305
0.056939
0.063862
0.057362
0.057037
0.053627
0.051652
0.048798
0.084926
0.080932
0.081217
0.076922
0.074135
0.070640
0.067317
0.103924
0.099980
0.100682
0.097585
0.095597
0.120387
0.114742
0.118232
0.113177
0.110212
0.105911
0.101905
0.097508
0.093048
0.088418
0.083702
0.078900
0.074048
0.069163
0.064269
0.059386
0.054532
0.049726
0.044985
0.040323
0.035754
0.031303
0.027001
0.022828
0.590643
0.523403
0.573288
0.530382
0.526032
0.508084
0.492803
0.473901
0.455124
0.435283
0.414778
0.393456
0.371619
0.349371
0.326883
0.519607
0.640783
0.659387
0.640171
0.609395
0.602172
0.574570
0.550009
7.460182
0.494286
0.465735
0.437293
0.408562
0.442790
0.409584
0.386857
0.356555
0.339841
0.323071
0.306471
0.289304
0.272006
0.254519
0.236991
0.219473
0.202053
0.184796
0.167768
0.151028
0.134632
0.266085
0.272028
0.269371
0.247706
0.234172
0.226168
0.260203
0.251070
0.248084
0.239028
0.232380
0.223719
0.215584
0.206585
0.197574
0.243685
0.288500
0.283721
0.278602
0.270679
0.264649
0.257773
0.250537
0.242721
0.234508
0.225872
0.216900
0.229640
0.216897
0.209426
0.197329
0.187142
0.175835
0.164943
0.153734
0.142631
0.131484
0.120426
0.109447
0.098604
0.087917
0.077421
0.067140
0.057650
0.048541
0.040276
0.032883
0.025913
0.019568
0.015033
0.010793
0.007426
0.004839
0.002409
0.000469
0.000016
0.000000
0.000000
0.000000
0.000000
0.000000
0.000000
0.000000
0.000000
0.000000
0.000000
0.000000
0.000000
0.297318
0.255147
0.286900
0.258640
0.271457
0.256376
0.249158
0.236776
0.225989
0.213823
0.201840
0.189433
0.177038
0.164573
0.152199
0.139946
0.127899
0.116105
0.104620
0.136105
0.119358
0.113621
0.099734
0.090253
0.079273
0.069698
0.060057
0.051106
0.042494
0.035986
0.033712
0.031438
0.051254
0.046581
0.046441
0.042747
0.040573
0.129220
0.113663
0.120726
0.109404
0.106550
0.099492
0.094435
0.088217
0.082456
0.076404
0.070496
0.064660
0.059981
0.055306
0.050686
0.046133
0.041678
0.037335
0.033123
0.029059
0.025153
0.021418
0.017862
0.014492
0.016359
0.012826
0.010521
0.007679
0.005728
0.004469
0.004362
0.035036
0.377183
0.439110
0.471864
0.465551
0.471175
0.468469
0.468741
0.465479
0.462063
0.457007
0.451110
0.444090
0.436184
0.427378
0.417781
0.431420
0.417009
0.407944
0.393487
0.380751
0.366461
0.352301
0.337492
0.322508
0.307221
0.291852
0.276316
0.260690
0.245011
0.229330
0.213691
0.198351
0.183525
0.168810
0.154290
0.140011
0.125932
0.112082
0.098489
0.085177
0.072168
0.062090
0.049380
0.037680
0.026000
0.026105
0.019936
0.016204
0.010974
0.008779
0.121707
0.207377
0.210079
0.210366
0.205769
0.202031
0.197460
0.192321
0.186593
0.180318
0.173598
0.166475
0.159024
0.151297
0.143356
0.136671
0.129918
0.123154
0.116297
0.109416
0.102547
0.095722
0.254833
0.224380
0.265764
0.243402
0.238804
0.224886
0.215079
0.202989
0.191712
0.179830
0.177777
0.166996
0.158367
0.147891
0.138255
0.128260
0.118559
0.108879
0.100254
0.092762
0.090595
0.082745
0.076417
0.069293
0.062906
0.056549
0.050583
0.044836
0.039401
0.036028
0.034566
0.033074
0.031562
0.035284
0.033177
0.032135
0.030240
0.028698
0.026993
0.025386
0.023877
0.022371
0.020853
0.030805
0.028010
0.027572
0.025281
0.023777
0.021922
0.020241
0.018558
0.016905
0.015236
0.064482
0.057348
0.060618
0.055646
0.054561
0.052307
0.050641
0.048510
0.046415
0.044154
0.041850
0.039474
0.037071
0.034739
0.032391
0.030037
0.027694
0.025371
0.023081
0.020833
0.018637
0.016500
0.023195
0.020172
0.019350
0.031212
0.028282
0.027642
0.025189
0.023494
0.021526
0.019711
0.017865
0.016404
0.015539
0.014663
0.013765
0.026428
0.024066
0.024473
0.095354
0.086594
0.092242
0.086261
0.085029
0.081470
0.078724
0.075316
0.071952
0.068352
0.064690
0.061076
0.057416
0.053708
0.049983
0.120222
0.105808
0.110081
0.099540
0.095922
0.088932
0.083615
0.077406
0.071621
0.065657
0.059867
0.054122
0.048530
0.043073
0.037794
0.032944
0.028314
0.024088
0.021322
0.018659
0.016105
0.101624
0.148268
0.145935
0.144046
0.136341
0.153355
0.146224
0.143680
0.138531
0.134812
0.130106
0.125472
0.120445
0.115303
0.109965
0.104527
0.098993
0.093407
0.135329
0.124380
0.123191
0.116609
0.110681
0.103878
0.097280
0.224031
0.198246
0.205732
0.186355
0.179457
0.166481
0.156517
0.145311
0.136248
0.126714
0.117349
0.117964
0.109248
0.251327
0.224160
0.230399
0.216474
0.211910
0.204315
0.197927
0.190701
0.183707
0.176421
0.169199
0.162144
0.155301
0.436621
0.407297
0.424745
0.407354
0.404102
0.394466
0.395345
0.383943
0.373872
0.361508
0.349271
0.336022
0.322302
0.307992
0.293271
0.278179
0.262815
0.247237
0.237239
0.220924
0.206039
0.190035
0.174653
0.220066
0.197515
0.187918
0.169765
0.183416
0.172572
0.159936
0.149310
0.138601
0.129498
0.120188
0.111454
0.102955
0.154739
0.148944
0.152480
0.148851
0.147810
0.145505
0.143455
0.141006
13.399063
0.135689
0.132800
0.131266
0.128067
0.541441
0.493269
0.530039
0.499482
0.497614
0.482652
0.473048
0.459496
0.446107
0.431222
0.415822
0.399660
0.383044
0.366014
0.434909
0.418521
0.408832
0.393911
0.381409
0.367855
0.355192
0.342324
0.330033
0.318034
0.307693
0.297559
0.287883
0.278540
0.269648
0.261171
0.253182
0.245655
0.238832
0.239973
0.241668
0.243175
0.244499
0.245641
0.246607
0.247400
0.248023
0.248480
0.248777
0.261394
0.260447
0.261370
0.260572
0.467549
0.444188
0.477150
0.460154
0.460371
0.450866
0.627304
0.592807
0.603934
0.577217
0.569590
0.595622
0.573736
0.559943
0.537746
0.518769
0.497758
0.477442
0.456586
0.442267
0.422579
0.411496
0.391435
0.373245
0.528938
0.510551
0.507586
0.493220
0.482797
0.470830
0.459403
0.447531
0.437444
0.425331
0.413599
0.402344
0.393767
0.384864
0.377011
0.367560
0.358832
0.349889
0.399843
0.462546
0.458784
0.455657
0.466461
0.458375
0.452642
0.494374
0.478683
0.474655
0.460059
0.449708
0.436660
0.424284
0.410864
0.397339
0.383322
0.369093
0.354593
0.339930
0.325122
0.402057
0.530022
0.506993
0.504697
0.478840
0.496129
0.471786
0.454593
0.431633
0.410315
0.387753
0.365278
0.342439
0.319569
0.310834
0.287909
0.268675
0.248451
0.228836
0.209135
0.189731
0.170513
0.155409
0.142566
0.129966
0.117625
0.254472
0.226348
0.231859
0.210315
0.200011
0.184813
0.171986
0.159833
0.150886
0.141418
0.131830
0.122014
0.113200
0.105697
0.098452
0.091203
0.084563
0.106086
0.097541
0.093611
0.086259
0.080328
0.073948
0.067879
0.061817
0.055916
0.050142
0.044536
0.039103
0.033863
0.028825
0.024046
0.020798
0.019385
0.017963
0.016612
0.015344
0.014086
0.012841
0.011732
0.010700
0.009682
0.008682
0.007704
0.006750
0.005824
0.004927
0.102401
0.087398
0.096930
0.086638
0.085511
0.079853
0.076713
0.072545
0.086337
0.079693
0.077490
0.071643
0.067452
0.062450
0.057880
0.053141
0.048567
0.044029
0.039624
0.035334
0.031194
0.027208
0.023393
0.019756
0.020884
0.022121
0.018949
0.016252
0.013251
0.011973
0.011155
0.010383
0.015855
0.014414
0.014258
0.013104
0.012386
0.011700
0.011201
0.010639
0.010077
0.009494
0.008906
0.008310
0.007714
0.007497
0.006906
0.006351
0.005785
0.005237
0.297847
0.296229
0.319691
0.322025
0.316024
0.307664
0.297748
0.287440
0.276195
0.344489
0.320656
0.316328
0.295450
0.281738
0.264125
0.248264
0.231330
0.214804
0.198090
0.181630
0.165333
0.149362
0.136500
0.120925
0.106514
0.236211
0.217924
0.216756
0.202982
0.193722
0.182820
0.172524
0.162027
0.152062
0.142497
0.132955
0.123438
0.113999
0.105256
0.097485
0.089741
0.260169
0.226709
0.275134
0.246230
0.243488
0.227422
0.216095
0.201439
0.188082
0.173969
0.160284
0.168317
0.179285
0.168029
0.155615
0.144020
0.133187
0.125444
0.117655
0.110009
0.102459
0.338499
0.304694
0.320814
0.325056
0.314382
0.302913
0.288967
0.275591
0.264469
0.253306
0.241490
0.229369
0.216899
0.204735
0.192509
0.180172
0.167834
0.155544
0.143368
0.131357
0.119563
0.226816
0.202675
0.203302
0.184954
0.174953
0.289234
0.273973
0.289147
0.275444
0.267614
0.256461
0.246375
0.235502
0.224433
0.215758
0.203846
0.192322
0.180250
0.168306
0.156270
0.151487
0.138568
0.127566
0.115273
0.200464
0.385228
0.363859
0.371987
0.353493
0.345197
0.332360
0.320654
0.309346
0.298540
0.287199
0.275354
0.263185
0.250676
0.237972
0.254613
0.248426
0.240317
0.233763
0.225922
0.219423
0.212591
0.206355
0.200169
0.194423
0.188946
0.183930
0.179198
0.174824
0.170772
0.167072
0.163708
0.160690
0.176669
0.176343
0.179282
0.179649
0.181088
0.182015
0.201291
0.200291
0.202996
0.202683
0.203548
0.203773
0.204166
0.226282
0.223250
0.225580
0.288620
0.279049
0.284636
0.277467
0.275999
0.271545
0.268357
0.264273
0.260406
0.256249
0.252897
0.261489
0.255448
0.252485
0.363251
0.342493
0.350341
0.347237
0.340898
0.332278
0.323708
0.314788
0.465819
0.439781
0.446370
0.426961
0.461354
0.443142
0.435592
0.420509
0.408868
0.395340
0.382207
0.368502
0.354780
0.340899
0.327045
0.313230
0.299545
0.408259
0.381696
0.380370
0.359446
0.347584
0.333636
0.321264
0.308144
0.295320
0.282287
0.383221
0.357980
0.356115
0.335912
0.323521
0.308021
0.296966
0.284897
0.272960
0.261473
0.254464
0.242277
0.292549
0.273781
0.268028
0.252190
0.240696
0.227326
0.214888
0.248139
0.229074
0.221529
0.295324
0.278658
0.274399
0.259933
0.249088
0.236655
0.224646
0.212270
0.199907
0.187486
0.175293
0.165274
0.155193
0.161261
0.149425
0.140939
0.129907
0.142090
0.131749
0.208540
0.189602
0.188520
0.181739
0.178638
0.183491
0.172589
0.163598
0.152942
0.143409
0.791555
0.733884
0.782813
0.748647
0.744567
0.726205
0.711002
0.692163
0.673529
0.652654
0.630285
0.606400
0.581288
0.555099
0.528030
0.500249
0.471927
0.443541
0.414902
0.386147
0.357542
0.332161
0.305503
0.280211
0.254761
0.229899
0.205569
0.181840
0.158708
0.136268
0.114629
0.827398
0.727414
0.778105
0.710532
0.692951
0.652538
0.640357
0.672527
0.643024
0.623497
0.592528
0.658528
0.614549
0.594279
0.554049
0.522461
0.486269
0.509284
0.467875
0.438950
0.400905
0.367420
0.332758
0.299716
0.386045
0.342850
0.323896
0.286851
0.258905
0.228374
0.200536
0.172950
0.151588
0.140958
0.130455
0.120021
0.109903
0.100846
0.091934
0.083199
0.075909
0.069254
0.062709
0.056325
0.050124
0.044104
0.038285
0.032685
0.027317
0.022842
0.019083
0.015495
0.012086
0.008861
0.069245
0.057444
0.061595
0.055353
0.055180
0.052052
0.050298
0.099553
0.091525
0.116631
0.107331
0.107088
0.100574
0.096758
0.091427
0.086643
0.081425
0.076306
0.071077
0.065892
0.060722
0.112190
0.099184
0.100346
0.090221
0.174568
0.161753
0.163394
0.154203
0.148878
0.141827
0.135200
0.128154
0.129818
0.122490
0.116095
0.108891
0.101912
0.094852
0.126012
0.118451
0.115167
0.106882
0.100682
0.142952
0.129129
0.158559
0.143591
0.139636
0.128476
0.120788
0.112465
0.104815
0.096802
0.089162
0.081869
0.074796
0.082655
0.074538
0.070244
0.063595
0.058202
0.052665
0.154385
0.140505
0.145196
0.135752
0.132054
0.125844
0.120589
0.114712
0.109103
0.104373
0.100074
0.095600
0.091010
0.086319
0.091029
0.086708
0.083177
0.079063
0.083681
0.078645
0.075371
0.070693
0.066614
0.062549
0.070745
0.066507
0.063946
0.060109
0.056969
0.053740
0.050780
0.047744
0.045889
0.044397
0.042895
0.041368
0.039887
0.055006
0.052294
0.052254
0.050065
0.048645
0.046822
0.045080
0.043209
0.041493
0.039750
0.037952
0.036109
0.034232
0.032327
0.036777
0.034121
0.032766
0.626146
0.625683
0.817426
0.755345
0.754248
0.720171
0.696261
0.664228
0.633619
0.600483
0.596399
0.558960
0.527357
0.491207
0.474061
0.437781
0.413047
0.377823
0.346379
0.313754
0.282852
0.252458
0.223291
0.195125
0.168180
0.142444
0.117996
0.094857
0.073058
0.062168
0.055047
0.048161
0.050279
0.064937
0.056511
0.073411
0.062510
0.058884
0.051063
0.048451
0.044668
0.041485
0.038113
0.045498
0.042712
0.040827
0.038374
0.036101
0.040033
0.036902
0.035345
0.032568
0.030414
0.028025
0.025830
0.023618
0.551905
0.474358
0.528817
23.148196
0.472911
0.445031
0.428628
0.405576
0.385160
0.362648
0.349607
0.325820
0.304016
0.280712
0.258280
0.235866
0.214016
0.192621
0.171866
0.375861
0.331526
0.333927
0.300811
0.283636
0.277779
0.256462
0.236913
0.216342
0.196859
0.181530
0.172533
0.163243
0.153825
0.144308
0.134715
0.125102
0.115522
0.191706
0.172851
0.171684
0.156797
0.147892
0.136580
0.126636
0.133064
0.120581
0.112344
0.100963
0.091367
0.081276
0.083631
0.076331
0.072850
0.067406
0.062800
0.057850
0.159358
0.225108
0.221699
0.217863
0.208113
0.200719
0.200055
0.191428
0.183033
0.173819
0.164510
0.154977
0.158271
0.147613
0.140908
0.131496
0.123243
0.114392
0.105865
0.097253
0.088818
0.082960
0.077288
0.069494
0.062581
0.055458
0.048938
0.042702
0.036801
0.031150
0.025808
0.020755
0.016104
0.014211
0.013678
0.013149
0.845162
0.754375
0.833511
0.777448
0.798639
0.768867
0.753435
0.726013
0.700910
0.671921
0.651339
0.622969
0.591275
0.557946
0.524129
0.489952
0.455684
0.421468
0.387503
0.353946
0.320952
0.288659
0.257195
0.226700
0.197234
0.168880
0.141710
0.115784
0.091152
0.067850
0.045908
0.025343
0.007694
0.006971
0.006353
0.005757
0.011777
0.010293
0.010481
0.009444
0.009168
0.008609
0.008191
0.007685
0.085206
0.076042
0.082837
0.076946
0.084032
0.079734
0.078280
0.074553
0.082905
0.079330
0.076757
0.148055
0.134244
0.138892
0.128375
0.124722
0.119468
0.113703
0.317115
0.294521
0.305783
0.293854
0.288050
0.278434
0.269504
0.259530
0.249229
0.239931
0.228861
0.217630
0.206099
0.194484
0.183705
0.312429
0.286718
0.289342
0.269452
0.258994
0.244174
0.231109
0.217032
0.204539
0.191690
0.178839
0.165946
0.153134
0.140416
0.127860
0.115512
0.103422
0.091629
0.080174
0.069090
0.058408
0.049721
0.044520
0.039482
0.034628
0.042827
0.037997
0.140935
0.128549
0.134177
0.126271
0.123651
0.120962
0.141467
0.136883
0.136625
0.132411
10.532232
0.125476
0.121568
0.117262
0.112811
0.108147
0.103350
0.098430
0.093425
0.088359
0.083261
0.078154
0.073063
0.068008
0.063009
0.058084
0.053250
0.048522
0.043915
0.039441
0.035112
0.030937
0.026925
0.023083
0.019417
0.015931
0.013591
0.012789
0.012271
0.011964
0.011657
0.022473
0.020586
0.021465
0.020099
0.019763
0.018910
0.022880
0.021864
0.021636
0.020818
0.020245
0.019525
0.018865
0.018153
0.026767
0.025695
0.025700
0.025159
0.024866
0.024461
0.024119
0.023755
0.023410
0.023071
0.022742
0.022424
0.022117
0.037658
0.035630
0.036941
0.035802
0.035720
0.081787
0.076214
0.080031
0.076270
0.075578
0.073354
0.071641
0.069480
0.067330
0.065010
0.069998
0.067284
0.066761
0.063961
0.125931
0.116076
0.119512
0.112422
0.109691
0.104883
0.100864
0.096292
0.092800
0.088022
0.083490
0.078724
0.074067
0.069537
0.065248
0.239720
0.221505
0.408391
0.378035
0.392432
0.374415
0.369099
0.356962
0.346641
0.334183
0.321519
0.307935
0.298188
0.283545
0.269061
0.253948
0.238790
0.224542
0.210479
0.196370
0.182292
0.168307
0.154485
0.140885
0.127545
0.114553
0.102059
0.089941
0.078232
0.066960
0.056153
0.045829
0.036004
0.085083
0.070668
0.071472
0.065223
0.064813
0.062511
0.060886
0.058723
0.056595
0.054271
0.051885
0.049424
0.046914
0.044357
0.041774
0.039178
0.036584
0.034004
0.031451
0.028936
0.026469
0.024057
0.021711
0.019510
0.017420
0.015407
0.013477
0.011634
0.009879
0.008216
0.006645
0.005169
0.012688
0.011327
0.012077
0.011117
0.010944
0.010379
0.009996
0.009502
0.011251
0.010889
0.010787
0.010466
0.010197
0.014830
0.013968
0.014096
0.013406
0.013032
0.012487
0.011987
0.011433
0.010873
0.010290
0.009696
0.009089
0.008474
0.007853
0.007228
0.006602
0.005976
0.005354
0.004782
0.004269
0.003776
0.003314
0.002865
0.006804
0.006216
0.006139
0.102079
0.094272
0.102062
0.097693
0.097765
0.095761
0.094315
0.092335
0.090194
0.087730
0.085048
0.085502
0.081928
0.079025
0.075305
0.126093
0.116548
0.121785
0.163075
0.175303
0.172504
0.166011
0.159529
0.152523
0.145446
0.138013
0.130429
0.122663
0.114806
0.106885
0.098954
0.091048
0.083208
0.075467
0.067859
0.060413
0.054593
0.049611
0.044722
0.287323
0.263969
0.280908
0.266748
0.275955
0.266373
0.261098
0.251943
0.243664
0.235262
0.226691
0.217723
0.209227
0.200267
0.198117
0.187718
0.178876
0.168833
0.159144
0.149128
0.139149
0.129107
0.119115
0.109186
0.099376
0.089715
0.080241
0.070984
0.061973
0.053235
0.044792
0.036663
0.038282
0.029666
0.023787
0.016359
0.010159
0.009310
0.008811
0.008197
0.007631
0.007039
0.006463
0.005887
0.005325
0.004773
0.004352
0.035949
0.032140
0.034862
0.049681
0.047347
0.047676
0.045435
0.044157
0.042299
0.040577
0.038659
0.036722
0.127038
0.114644
0.121186
0.112818
0.110642
0.105484
0.102574
0.097522
0.092853
0.087682
0.082575
0.077320
0.089996
0.082712
0.079132
0.072684
0.067518
0.061871
0.056552
0.051207
0.046058
0.041622
0.037368
0.033359
0.520084
0.478896
0.517298
0.493849
0.493073
0.481798
0.473034
0.461148
0.450130
0.437845
0.424463
0.424286
0.406801
0.392047
0.373700
0.384827
0.361944
0.346163
0.324130
0.304663
0.284036
0.264102
0.252863
0.233650
0.242913
0.222407
0.206688
0.197570
0.180844
0.179145
0.494258
0.443425
0.458195
0.420588
0.405116
0.379672
0.360217
0.347425
0.334648
0.320632
0.306406
0.291529
0.276236
0.260580
0.244691
0.228656
0.212574
0.196527
0.180597
0.164856
0.354799
0.317239
0.322001
0.293813
0.303553
0.280764
0.265927
0.245999
0.228405
0.320971
0.295242
0.287771
0.267270
0.260026
0.248446
0.237771
0.226242
0.214588
0.202620
0.190518
0.178312
0.166227
0.154417
0.142675
0.131052
0.119598
0.108356
0.097366
0.086666
0.076286
0.066255
0.056598
0.048208
0.043453
0.038797
0.034257
0.030170
0.026354
0.022650
0.019068
0.024733
0.020096
0.017877
0.013966
0.011058
0.012539
0.011549
0.011577
0.010724
0.010261
0.015970
0.014482
0.014524
0.013302
0.012659
0.011732
0.010947
0.010124
0.009352
0.008570
0.007808
0.007059
0.006331
0.005624
0.004942
0.004288
0.003662
0.003067
0.002504
0.002134
0.030127
0.025756
0.028455
0.025452
0.025146
0.023566
0.022604
0.021274
0.020076
0.018847
0.017690
0.016500
0.015318
0.014134
0.012965
0.011813
0.010685
0.009585
0.028370
0.064364
0.061076
0.065721
0.061489
0.059987
0.056911
0.054431
0.051546
0.048737
0.045807
0.043129
0.040677
0.038190
0.035677
0.033156
0.030643
0.028150
0.025691
0.126108
0.108837
0.290945
0.265129
0.280103
0.265032
0.261016
0.259908
0.251011
0.242274
0.232275
0.222437
0.212060
0.201498
0.191128
0.180940
0.170577
0.160111
0.149597
0.139090
0.128641
0.136093
0.123306
0.115144
0.103607
0.093978
0.083804
0.074320
0.064928
0.057699
0.050785
0.044086
0.037583
0.031336
0.270116
0.239336
0.256645
0.234937
0.231273
0.222244
0.216106
0.207786
0.210434
0.200291
0.192124
0.181828
0.172058
0.161763
0.319032
0.290350
0.296246
0.274936
0.264914
0.249582
0.236350
0.221775
0.207537
0.436194
0.402894
0.409076
0.384700
0.371738
0.353799
0.337382
0.374056
0.361489
0.356841
0.350018
0.344218
0.337107
0.329717
0.321611
0.313071
0.304027
0.337739
0.323336
0.317406
0.304178
0.293586
0.281388
0.270336
0.261266
0.251857
0.241974
0.231755
0.221209
0.210405
0.199382
0.188189
0.247099
0.485474
0.466971
0.478157
0.461775
0.462424
0.450316
0.441613
0.429554
0.418049
0.423807
0.408811
0.396953
0.381789
0.367495
0.352380
0.337281
0.325369
0.310442
0.295960
0.280941
0.475897
0.431192
0.438777
0.449691
0.434183
0.415172
0.401222
0.380718
0.361215
0.340685
0.320461
0.300149
0.282379
0.352209
0.328324
0.319501
0.300577
0.285821
0.269383
0.253616
0.237571
0.221772
0.206362
0.191123
0.176074
0.161271
0.172923
0.154821
0.186001
0.171421
0.167149
0.157595
0.149996
0.141279
0.236428
0.216255
0.218525
0.205627
0.200462
0.191863
0.184418
0.175989
0.168106
0.160523
0.152763
0.144779
0.136662
0.128438
0.120157
0.151560
0.143085
0.139632
0.132111
0.126556
0.119980
0.345852
0.371041
0.380773
0.364403
0.354476
0.340897
0.328298
0.314322
0.300101
0.285256
0.270119
0.284248
0.271916
0.261676
0.249367
0.237728
0.225606
0.228985
0.218223
0.208543
0.198208
0.188290
0.178404
0.168642
0.159018
0.149566
0.141237
0.132094
0.123374
0.114753
0.106458
0.098406
0.093810
0.090784
0.087685
0.084517
0.081288
0.078004
0.074669
0.071294
0.067884
0.064447
0.061118
0.062691
0.062181
0.058850
0.055564
0.051942
0.048488
0.058946
0.053454
0.051434
0.046620
0.291173
0.260633
0.281174
0.261280
0.258050
0.247187
0.239303
0.229099
0.219030
0.208099
0.197401
0.186507
0.175794
0.165112
0.154309
0.143593
0.133043
0.122546
0.112154
0.101922
0.091952
0.082216
0.270450
0.255490
0.265669
0.256108
0.254423
0.248549
0.244142
0.238113
0.232229
0.225536
0.218665
0.211363
0.203823
0.195954
0.187871
0.179564
0.171095
0.162481
0.153763
0.144967
0.136124
0.127261
0.118406
0.109581
0.100813
0.092123
0.083531
0.075059
0.066724
0.058543
0.050534
0.042710
0.035179
0.027855
0.020747
0.016469
0.009414
0.013039
0.009337
0.009440
0.008825
0.008750
0.041583
0.038765
0.041249
0.039544
0.039338
0.038404
0.037619
0.036607
0.035535
0.034351
0.033093
0.031760
0.030368
0.028926
0.027443
0.025929
0.024393
0.022843
0.074249
0.067166
0.070529
0.065643
0.374160
0.317649
0.328195
0.287603
0.270160
0.243691
0.222473
0.199625
0.178278
0.178229
0.157125
0.139330
0.120250
0.102719
0.085662
0.069567
0.054233
0.041345
0.038486
0.035654
0.044042
0.041940
0.040848
0.039017
0.037571
0.035973
0.147353
0.129745
0.140759
0.129565
0.128790
0.122716
0.169761
0.157194
0.317239
0.284532
0.296237
0.273231
0.272106
0.256112
0.352704
0.326641
0.323741
0.302536
0.288828
0.271620
0.261020
0.243638
0.227873
0.210985
0.194818
0.186324
0.169625
0.154952
0.139351
0.125820
0.113505
0.101671
0.090150
0.090449
0.079588
0.071223
0.062431
0.054921
0.136460
0.138413
0.139854
0.142284
0.142801
0.144402
0.144847
0.145577
0.149145
0.232283
0.225814
0.232372
0.228251
0.227671
0.225047
0.222579
0.219337
0.215777
0.211715
0.207253
0.202469
0.197337
0.191894
0.186205
0.309228
0.380142
0.375349
0.375201
0.362823
0.354174
0.351110
0.369781
0.355771
0.344804
0.330139
0.316319
0.301659
0.286769
0.320674
0.298233
0.287842
0.267445
0.251635
0.233571
0.216655
0.199872
0.184692
0.169432
0.154363
0.196598
0.180281
0.171516
0.169219
0.156159
0.144866
0.132295
0.123091
0.111872
0.102751
0.093586
0.086177
0.081712
0.077292
0.072860
0.068470
0.064123
0.059836
0.056032
0.053470
0.050872
0.048245
0.045600
0.042947
0.043358
0.040862
0.038503
0.036073
0.033628
0.031226
0.028811
0.026432
0.024065
0.070929
0.068981
0.071003
0.069821
0.070019
0.069434
0.069253
0.068698
0.084722
0.157882
0.150547
0.155340
0.154655
0.152225
0.148741
0.144976
0.140892
0.136558
0.132002
0.127280
0.122398
0.118853
0.113929
0.109102
0.110903
0.104973
0.100767
0.095256
0.090409
0.122122
0.113288
0.111957
0.104775
0.100129
0.095448
0.090114
0.084828
0.079756
0.074801
0.069873
0.065022
0.064262
0.060912
0.057974
0.054682
0.051521
0.078148
0.070772
0.206448
0.181412
0.192857
0.176815
0.173091
0.163027
0.271033
0.249277
0.279503
0.258695
0.253532
0.238052
0.226626
0.212874
0.200587
0.187743
0.175045
0.162387
0.193826
0.176590
0.168531
0.153576
0.141862
0.129064
0.117149
0.105258
0.093956
0.083195
0.073348
0.064968
0.058215
0.051877
0.045717
0.039849
0.034164
0.028747
0.023581
0.018827
0.015847
0.014177
0.012551
0.011407
0.009839
0.008420
0.034174
0.029845
0.031128
0.028068
0.026898
0.024921
0.023943
0.027671
0.026111
0.025630
0.024186
0.023127
0.021837
0.020627
0.019347
0.021156
0.019767
0.020195
0.018988
0.018023
0.016920
0.015868
0.014808
0.013765
0.012734
0.011723
0.010733
0.009769
0.008832
0.007933
0.010377
0.009540
0.009238
0.009064
0.008929
0.008764
0.008587
0.008393
0.008186
0.007965
0.017256
0.101075
0.089952
0.098124
0.089976
0.090612
0.086412
0.083984
0.080384
0.077138
0.073564
0.070027
0.066376
0.062727
0.059061
0.055423
0.051835
0.048349
0.044933
0.041604
0.038373
0.035251
0.032249
0.029373
0.026631
0.024027
0.021564
0.019246
0.017073
0.015046
0.014304
0.027394
0.025563
0.026673
0.025599
0.074622
0.068627
0.072831
0.068913
0.068288
0.117384
0.108340
0.111594
0.104489
0.224740
0.206583
0.214538
0.202703
0.222227
0.210289
0.205596
0.194912
0.203108
0.191323
0.183578
0.172431
0.162690
0.152163
0.142018
0.133670
0.123378
0.113584
0.103702
0.094221
0.085181
0.076443
0.067999
0.060136
0.053350
0.047257
0.041972
0.036912
0.032086
0.260682
0.238868
0.255031
0.241991
0.242393
0.238190
0.235110
0.230478
0.225582
0.219981
0.213827
0.207105
0.199908
0.192285
0.256575
0.237940
0.426639
0.386758
0.396636
0.377803
0.364890
0.345802
0.328314
0.309318
0.290514
0.274965
0.266047
0.246689
0.228958
0.211393
0.193557
0.176087
0.195175
0.174500
0.161711
0.143589
0.128480
0.117321
0.107703
0.098080
0.088756
0.079698
0.153250
0.151356
0.151128
0.140170
0.133611
0.126484
0.203869
0.192503
0.194425
0.185678
0.180603
0.173612
0.166949
0.159689
0.152282
0.144612
0.136801
0.128864
0.120858
0.126786
0.117425
0.122414
0.112379
0.106646
0.098207
0.091079
0.083433
0.076187
0.086448
0.077466
0.072222
0.064336
0.058541
0.053318
0.048400
0.043439
0.038620
0.034050
0.032225
0.028235
0.029780
0.025461
0.023275
0.021395
0.020029
0.018472
0.017071
0.020196
0.018360
0.017487
0.016012
0.015145
0.014327
0.014713
0.014159
0.013689
0.013182
0.106470
0.092481
0.101845
0.092447
0.091951
0.087088
0.099563
0.093779
0.091525
0.086404
0.082372
0.077734
0.073381
0.068883
0.064430
0.059970
0.055563
0.051215
0.046953
0.042791
0.038747
0.034833
0.031061
0.027440
0.023978
0.020682
0.017555
0.015911
0.013146
0.038806
0.035147
0.039260
0.036840
0.036433
0.035010
0.033970
0.032665
0.031399
0.030114
0.029051
0.027926
0.026765
0.025566
0.024343
0.023101
0.021846
0.020586
0.019327
0.018074
0.045383
0.040974
0.042428
0.039266
0.038069
0.035992
0.034281
0.046398
0.042759
0.089585
0.081297
0.092808
0.085949
0.088935
0.094512
0.092157
0.089257
0.086049
0.082603
0.079086
0.075385
0.083218
0.078087
0.075276
0.070540
0.066567
0.063077
0.058776
0.054617
0.050349
0.070078
0.063813
0.061853
0.056658
0.052858
0.048550
0.044632
0.040803
0.037109
0.033627
0.030467
0.027872
0.025814
0.069595
0.062785
0.065316
0.060451
0.058677
0.055461
0.053828
0.050664
0.048072
0.045212
0.042438
0.039810
0.037881
0.035142
0.067093
0.059557
0.060685
0.054857
0.099977
0.089126
0.090964
0.082779
0.084894
0.080482
0.077590
0.121596
0.111321
0.112753
0.104565
0.100766
0.094760
0.089800
0.084971
0.080548
0.075929
0.071353
0.066743
0.062175
0.057644
0.053186
0.048810
0.044545
0.131681
0.114678
0.120513
0.108068
0.119909
0.112413
0.108909
0.113273
0.108033
0.103958
0.098755
0.093997
0.089269
0.085316
0.081286
0.077279
0.073280
0.069330
0.065443
0.061635
0.057915
0.054298
0.051128
0.047698
0.044480
0.041330
0.038349
0.035495
0.051300
0.048789
0.049808
0.048830
0.048793
0.048202
0.047879
0.047340
0.046873
0.046312
0.060935
0.060108
0.061065
0.060547
0.060614
0.060327
0.060147
0.059826
0.059503
0.059107
0.058683
0.058210
0.057706
0.057169
0.056606
0.056013
0.055392
0.054743
0.054072
0.053378
0.053898
0.053028
0.052393
0.051543
0.050762
0.049930
0.068354
0.065354
0.068459
0.066083
0.065345
0.063703
0.081807
0.078155
0.078487
0.075578
0.073938
0.071625
0.069509
0.067188
0.064861
0.062456
0.060024
0.057558
0.055077
0.074065
0.069687
0.069083
0.078260
0.075581
0.073976
0.071260
0.068919
0.066314
0.063754
0.061074
0.058385
0.089069
0.081543
0.082307
0.109982
0.107201
0.105497
0.102394
0.099832
0.097335
0.094950
0.092403
0.089912
0.087356
0.084812
0.085660
0.082757
0.080574
0.077898
0.075538
0.073119
0.070799
0.068588
0.066461
0.064393
0.062635
0.061109
0.060812
0.059408
0.058423
0.057786
0.057530
0.057240
0.056931
0.056599
0.056311
0.056036
0.055745
0.055433
0.055102
0.365223
0.341089
0.367234
0.354123
0.367706
0.360710
0.357726
0.350644
0.343891
0.550080
0.525085
0.533921
0.515040
0.505369
0.490908
0.476633
0.460597
0.443867
0.426193
0.407864
0.388931
0.369538
0.349784
0.329781
0.309625
0.289412
0.269233
0.249169
0.229300
0.209698
0.190429
0.171556
0.153133
0.138063
0.120784
0.104455
0.089671
0.081602
0.073677
0.066007
0.058559
0.051417
0.044708
0.038290
0.032148
0.026306
0.029357
0.028203
0.028031
0.027215
0.026647
0.025934
0.025253
0.024520
0.023776
0.023005
0.022218
0.021414
0.020598
0.019776
0.018942
0.018100
0.017276
0.016470
0.015659
0.018695
0.063358
0.145381
0.142164
0.145928
0.141572
0.139827
0.136672
0.133541
0.129841
0.125848
0.121524
0.116998
0.112240
0.107349
0.102284
0.097077
0.091760
0.086364
0.080917
0.096982
0.089168
0.085852
0.079083
0.128636
0.118308
0.118254
0.110205
0.105369
0.099042
0.093279
0.087151
0.081183
0.075890
0.070759
0.065582
0.063168
0.057691
0.052819
0.111154
0.099188
0.100498
0.092827
0.089470
0.252812
0.230340
0.241739
0.225890
0.221160
0.210986
0.202738
0.192967
0.183599
0.173875
0.164020
0.153951
0.144257
0.134674
0.125624
0.116553
0.107785
0.098787
0.089977
0.081273
0.072790
0.064521
0.056514
0.048783
0.041396
0.034340
0.027614
0.021644
0.016870
0.012355
0.008102
0.004118
0.000402
0.000092
0.000082
0.000072
0.000063
0.000054
0.014720
0.013090
0.014462
0.020932
0.019825
0.020108
0.019052
0.018557
0.017727
0.017009
0.016176
0.031890
0.030952
0.031259
0.030612
0.030198
0.029667
0.029113
0.028510
0.027872
0.027201
0.026503
0.025781
0.025040
0.024282
0.023512
0.022733
0.021947
0.021156
0.020364
0.019572
0.018782
0.018252
0.017888
0.017494
0.017072
0.016625
0.016153
0.033018
0.030031
0.031343
0.029134
0.028516
0.027077
0.025997
0.024675
0.023418
0.022085
0.020758
0.019408
0.020978
0.025027
0.023349
0.022283
0.020561
0.019116
0.017571
0.780402
0.721297
0.785916
0.855617
0.844165
0.841409
0.824325
0.808625
0.787601
0.766070
0.766198
0.743563
0.731257
0.705474
0.679782
0.651850
0.623223
0.593559
0.563253
0.621761
0.581370
0.557974
0.520679
0.489335
0.455194
0.422473
0.389251
0.400680
0.367683
0.339132
0.308334
0.278825
0.249900
0.221619
0.194197
0.167594
0.183340
0.172742
0.168660
0.159329
0.152051
0.143702
0.135710
0.127439
0.119226
0.110964
0.102709
0.094507
0.088428
0.081057
0.074324
0.067348
0.062740
0.056661
0.051623
0.048027
0.044891
0.042954
0.039669
0.036655
0.033480
0.030432
0.027400
0.025691
0.022611
0.019917
0.017047
0.014719
0.013085
0.011724
0.010373
0.009064
0.007785
0.006545
0.005342
0.004182
0.022675
0.019770
0.021054
0.019178
0.036721
0.033877
0.034973
0.032963
0.032217
0.030840
0.029660
0.028289
0.026919
0.025504
0.024066
0.022598
0.021141
0.019674
0.018208
0.016751
0.015309
0.013890
0.012499
0.011141
0.009823
0.008548
0.007319
0.006141
0.005015
0.003944
0.002930
0.001975
0.001419
0.000957
0.042373
0.037393
0.041247
0.038420
0.038394
0.037011
0.036110
0.034822
0.033558
0.032149
0.030694
0.029168
0.027600
0.025995
0.034993
0.083299
0.077070
0.079561
0.074473
0.072483
0.068988
0.073689
0.069214
0.066683
0.062468
0.058940
0.055016
0.051255
0.047403
0.043616
0.039847
0.036147
0.034769
0.031900
0.029393
0.026679
0.024116
0.021577
0.019126
0.016747
0.014456
0.012255
0.010152
0.008150
0.006252
0.004462
0.002958
0.001857
0.001604
0.002573
0.002231
0.002271
0.002114
0.002038
0.001924
0.001824
0.001713
0.001605
0.001494
0.017103
0.015811
0.017606
0.016796
0.016843
0.016440
0.016163
0.015758
0.015339
0.014889
0.014425
0.013921
0.013387
0.012825
0.012239
0.011635
0.011016
0.010385
0.009746
0.009103
0.008458
0.007815
0.007180
0.006573
0.005973
0.005383
0.004805
0.004240
0.004080
0.003490
0.003015
0.013423
0.012142
0.012632
0.538200
0.481945
0.532069
0.497226
0.497334
0.480353
0.469305
0.453307
0.446234
0.427266
0.409809
0.389616
0.369648
0.348740
0.327682
0.306286
0.284845
0.263403
0.242113
0.221063
0.200358
0.180087
0.160324
0.141137
0.192385
0.164637
0.154979
0.132010
0.116302
0.098175
0.082386
0.066525
0.051827
0.047509
0.044401
0.041291
0.038209
0.035291
0.032414
0.029575
0.026794
0.024080
0.024528
0.021879
0.019675
0.017311
0.015138
0.013043
0.011067
0.009197
0.007442
0.005799
0.004270
0.003194
0.003148
0.003094
0.003032
0.002962
0.002886
0.002804
0.002717
0.002624
0.002527
0.002426
0.002322
0.002215
0.002105
0.001993
0.030333
0.026088
0.028937
0.026037
0.025783
0.024209
0.023250
0.021917
0.020712
0.019398
0.018111
0.016798
0.015497
0.100820
0.090198
0.097269
0.090303
0.089151
0.580727
0.523678
0.566640
0.529600
0.525296
0.505006
0.490310
0.471687
0.452613
0.431992
0.410758
0.389280
0.367359
0.345045
0.322518
0.299902
0.277330
0.254918
0.232779
0.211009
0.189700
0.168934
0.148782
0.129308
0.110567
0.098364
0.080937
0.065095
0.050810
0.037913
0.025603
0.014140
0.008071
0.054143
0.050340
0.054031
0.066902
0.065166
0.065490
0.063581
0.062376
0.060600
0.058837
0.056828
0.054717
0.052466
0.053435
0.050981
0.048710
0.046196
0.043690
0.041137
0.039889
0.037164
0.059804
0.057989
0.057980
0.069739
0.165429
0.155111
0.162320
0.160253
0.157995
0.153881
0.149817
0.145186
0.140347
0.135183
0.129985
0.127833
0.122017
0.116693
0.110745
0.108783
0.119476
14.759208
0.109665
0.104033
0.897199
0.571113
0.668270
0.587824
0.598839
0.568272
0.554521
0.530698
0.509528
0.485521
0.461501
0.449996
0.426169
0.404117
0.380801
0.357740
0.334524
0.314312
0.291907
0.269420
0.247617
0.226111
0.205252
0.185037
0.258099
0.235869
0.226010
0.207852
0.193092
0.177754
0.163122
0.157696
0.143939
0.137755
0.134777
0.131815
0.128454
0.124958
0.121222
0.117334
0.113284
0.110610
0.320350
0.285637
0.303925
0.279031
0.273876
0.258756
0.257435
0.244106
0.233034
0.220074
0.207820
0.195087
0.182618
0.170109
0.157847
0.145757
0.133953
0.122439
0.111277
0.102607
0.317861
0.285561
0.314794
0.682393
0.633660
0.655541
0.617741
0.603952
0.578133
0.558032
0.536505
0.514758
0.496936
0.472574
0.624299
0.585329
0.574780
0.541647
0.516607
0.559767
0.524127
0.502324
0.468966
0.440353
0.409625
0.380005
0.350140
0.320829
0.291882
0.263551
0.529715
0.503964
0.500658
0.485859
0.475335
0.465541
0.453084
0.446894
0.434748
0.604000
0.564916
0.570550
0.539187
0.524376
0.500932
0.481307
0.459148
0.437678
0.417357
0.399262
0.381675
0.367791
0.375827
0.359990
0.348208
0.332743
0.318515
0.315024
0.299427
0.285326
0.269800
0.254678
0.239316
0.224003
0.209426
0.194239
0.182999
23.095251
0.157125
0.141843
0.127831
0.113306
0.099318
0.086988
0.077941
0.070638
0.063936
0.057513
0.054510
0.051691
0.049865
0.047116
0.048696
0.045649
0.083092
0.076450
0.078247
0.374691
0.346037
0.370245
0.353049
0.351553
0.342399
0.335277
0.325830
0.316066
0.305530
0.294451
0.282718
0.274776
0.262177
0.249729
0.236632
0.223525
0.288674
0.266990
0.261337
0.245882
0.232630
0.217602
0.203237
0.188654
0.174329
0.160107
0.199414
0.185278
0.177668
0.166050
0.156214
0.146174
0.138235
0.130075
0.121942
0.113764
0.225336
0.208284
0.258322
0.245893
0.243323
0.236634
0.264753
0.255000
0.251856
0.242766
0.235570
0.226933
0.218418
0.209414
0.200231
0.190772
0.181166
0.179655
0.169261
0.172900
0.163569
0.155860
0.153075
0.145609
0.140795
0.133446
0.126655
0.119498
0.112565
0.105625
0.098807
0.092143
0.085622
0.334189
0.387378
0.391354
0.383034
0.372956
0.365651
0.356022
0.448963
0.428199
0.425467
0.407180
0.394009
0.377501
0.542396
0.517904
0.515930
0.486594
0.467043
0.443177
0.421271
0.397787
0.375470
0.353740
0.330979
0.308242
0.285413
0.266633
0.244294
0.228021
0.205881
0.186640
0.167372
0.148993
0.145261
0.127581
0.112179
0.099207
0.089791
0.080443
0.071535
0.062897
0.081710
0.069886
0.065203
0.057430
0.054477
0.052306
0.058236
0.056626
0.055746
0.054228
0.052924
0.051443
0.050009
0.048518
0.137507
0.125876
0.132771
0.124952
0.123226
0.118660
0.115219
0.110964
0.106789
0.102331
0.097806
0.095932
0.090939
0.285203
0.258844
0.273685
0.256182
0.251967
0.241289
0.232918
0.222732
0.212700
0.202040
0.191231
0.180164
0.168994
0.161245
0.150624
0.139734
0.129212
0.118754
0.121327
0.111875
0.105050
0.096723
0.089206
0.081632
0.074373
0.067296
0.060483
0.053926
0.047651
0.049969
0.043444
0.039005
0.048109
0.045798
0.046326
0.044583
0.043741
0.042455
0.041341
0.040093
0.038849
0.037560
0.036261
0.034957
0.033670
0.032386
0.031111
0.029852
0.028615
0.027545
0.026354
0.025221
0.024109
0.140819
0.131219
0.141177
0.133068
0.132017
0.127560
0.124297
0.135471
0.129683
0.126762
0.121207
0.116701
0.111667
0.106694
0.101504
0.096275
0.090976
0.096070
0.089304
0.085163
0.078986
0.073856
0.069506
0.064214
0.066906
0.066460
0.061764
0.176738
0.215654
0.217305
0.252742
0.357206
0.342856
0.343027
0.330413
0.321697
0.318090
0.305835
0.294517
0.290342
0.277454
0.265547
0.252093
0.238967
0.225374
0.211824
0.198160
0.184564
0.300922
0.273080
0.272016
0.250094
0.237190
0.220515
0.205754
0.191916
0.177823
0.165215
0.152629
0.140116
0.128463
0.117470
0.106624
0.095965
0.085534
0.075684
0.066737
0.059093
0.053327
0.454321
0.418273
0.448195
0.426936
0.424497
0.413602
0.404932
0.393708
0.381966
0.369032
0.355351
0.342725
0.330156
0.316851
0.302931
0.294167
0.278708
0.264163
0.248548
0.233264
0.217707
0.202192
0.186670
0.171263
0.156008
0.140978
0.126219
0.111784
0.097718
0.084062
0.070851
0.058119
0.045893
0.034199
0.023055
0.012479
0.002484
0.001555
0.001920
0.001670
0.002529
0.002207
0.002133
0.001889
0.001727
0.001536
0.001366
0.001246
0.001196
0.001141
0.001085
0.021200
0.018924
0.020770
0.019337
0.019255
0.018862
0.018381
0.017732
0.017083
0.016366
0.015628
0.020094
0.019549
0.019521
0.019055
0.018681
0.018226
0.017748
0.017230
0.016680
0.016111
0.015516
0.014896
0.014256
0.013597
0.012924
0.012238
0.083482
0.077390
0.082931
0.079382
0.079126
0.077305
0.075826
0.073866
0.077336
0.088381
0.085069
0.083744
0.080383
0.077626
0.074425
0.071315
0.068114
0.064839
0.061459
0.058018
0.054535
0.051026
0.047505
0.043987
0.040489
0.046006
0.041319
0.038923
0.034786
0.031559
0.028003
0.024736
0.021453
0.018320
0.015267
0.012342
0.009531
0.008225
0.007205
0.006216
0.005260
0.004556
0.003930
0.003324
0.002737
0.050868
0.046704
0.050493
0.063151
0.061425
0.061728
0.059849
0.058669
0.057008
0.055418
0.053752
0.051976
0.050064
0.048050
0.045943
0.058705
0.055706
0.055539
0.052950
0.051318
0.049097
0.047045
0.044789
0.042533
0.040194
0.037797
0.043609
0.039937
0.050564
0.047101
0.046193
0.043470
0.041487
0.039097
0.090587
0.082403
0.085394
0.080562
0.079388
0.085738
0.081970
0.079996
0.076133
0.072931
0.069443
0.066067
0.062560
0.059019
0.055427
0.051824
0.048244
0.044678
0.041141
0.037646
0.034208
0.030984
0.071022
0.063267
0.064410
0.058630
0.055833
0.051739
0.048250
0.044474
0.041103
0.049797
0.046511
0.045599
0.043569
0.076190
0.069382
0.071122
0.065862
0.063753
0.060017
0.057002
0.053552
0.050316
0.046952
0.071340
0.064993
0.064340
0.059221
0.056012
0.051969
0.048331
0.044663
0.041010
0.068553
0.060576
0.060421
0.054078
0.051158
0.047197
0.148465
0.133379
0.139868
0.129340
0.126333
0.120396
0.115776
0.110218
0.104768
0.099013
0.093209
0.087300
0.081368
0.085852
0.078825
0.073985
0.067542
0.061962
0.056685
9.452313
7.758764
8.105427
0.037029
0.036400
0.032015
0.028708
0.024765
0.021322
0.017854
0.014627
0.014407
0.011370
0.009753
0.009174
0.013266
0.051603
0.047085
0.050017
0.046792
0.046111
0.044197
0.042725
0.040902
0.044812
0.042065
0.043669
0.040888
0.115252
0.104499
0.109632
0.102210
0.099959
0.095200
0.091422
0.086947
0.082549
0.077923
0.073261
0.077413
0.072247
0.068131
0.063288
0.058623
0.054010
0.049399
0.044902
0.040459
0.036761
0.033298
0.029914
0.026663
0.032596
0.028304
0.026366
0.022811
0.051717
0.045415
0.046147
0.041150
0.039968
0.038198
0.036715
0.034972
0.033246
0.031428
0.029588
0.027714
0.025829
0.033872
0.031561
0.030728
0.028757
0.027212
0.025610
0.024061
0.022496
0.020936
0.019391
0.017860
0.016356
0.014878
0.815231
0.758137
0.826848
0.794798
0.799195
0.786271
0.789340
0.774478
0.760118
0.742014
0.721969
0.699739
0.675887
0.650480
0.623783
0.595967
0.567234
0.537763
0.507732
0.477307
0.446647
0.415905
0.385220
0.354728
0.324550
0.294804
0.265596
0.237022
0.209173
0.182128
0.155971
0.130756
0.106535
0.137115
0.109012
0.093029
0.069449
0.065062
0.062792
0.061163
0.059057
0.057002
0.054888
0.052894
0.050811
0.048679
0.046501
0.044297
0.042077
0.039856
0.037643
0.035451
0.033288
0.031161
0.029081
0.027053
0.030590
0.027884
0.026621
0.024319
0.022606
0.020716
0.019026
0.017347
0.015789
0.015125
0.014749
0.014364
0.013979
0.013592
0.013205
0.012820
0.012438
0.012059
0.011685
0.011316
0.167994
0.155365
0.168222
0.161234
0.161493
0.158362
0.156010
0.152630
0.150695
0.146482
0.142266
0.139199
0.133974
0.128793
0.123121
0.117366
0.111404
0.105341
0.099176
0.092957
0.086707
0.080459
0.074237
0.068069
0.061976
0.055981
0.089901
0.079700
0.077801
0.069600
0.064256
0.057821
0.052056
0.048294
0.042314
0.036963
0.033119
0.031300
0.029353
0.048473
0.044248
0.044340
0.041010
0.039129
0.036591
0.034344
0.032015
0.029751
0.083365
0.073195
0.076970
0.069501
0.067245
0.062439
0.058884
0.054645
0.050714
0.050831
0.047056
0.044257
0.040915
0.037773
0.034597
0.031522
0.028486
0.026961
0.023938
0.021306
0.018549
0.016002
0.013528
0.011254
0.009462
0.007770
0.006172
0.004674
0.003275
0.002457
0.002248
0.002042
0.001840
0.001644
0.001453
0.001268
0.001091
0.000920
0.000757
0.000603
0.000456
0.000383
0.000334
0.000287
0.000242
0.000199
0.000158
0.139237
0.119401
0.134184
0.120900
0.120488
0.113598
0.109678
0.103893
0.098696
0.092938
0.087271
0.081440
0.093064
0.234801
0.213933
0.220921
0.204895
0.198499
0.187645
0.178571
0.168353
0.158402
0.148167
0.137996
0.127819
0.117747
0.107803
0.098042
0.088499
0.097394
0.088982
0.084163
0.076656
0.070434
0.063813
0.057570
0.109365
0.098828
0.097874
0.089808
0.101214
0.093183
0.089077
0.082153
0.076816
0.073458
0.070853
0.067973
0.065008
0.126503
0.118359
0.120606
0.114641
0.111612
0.107167
0.112778
0.107140
0.103421
0.097948
0.093042
0.087741
0.082673
0.077667
0.073142
0.068030
0.154420
0.139270
0.142888
0.131706
0.126742
0.118919
0.112276
0.161071
0.149510
0.148942
0.139374
0.133994
0.126171
0.119078
0.111437
0.103916
0.182363
0.168350
0.168296
0.157467
0.151006
0.143943
0.137551
0.130691
0.123794
0.116736
0.109628
0.102480
0.095340
0.088237
0.081208
0.074282
0.068565
0.063697
0.058852
0.054050
0.081855
0.089282
0.085778
0.083023
0.078819
0.075288
0.071405
0.085870
0.080013
0.077918
0.072863
0.069074
0.064741
0.060675
0.056505
0.124134
0.110783
0.115726
0.107571
0.105274
0.100017
0.130251
0.122672
0.230227
0.211536
0.216834
0.203531
0.197762
0.190727
0.182214
0.173161
0.163795
0.154258
0.144802
0.135293
0.125746
0.116873
0.176455
0.161991
0.158956
0.396885
0.353221
0.370742
0.338498
0.329650
0.309572
0.294911
0.277256
0.261254
0.244306
0.227606
0.210723
0.194025
0.177468
0.162170
0.148110
0.134732
0.122067
0.110020
0.098314
0.086981
0.076062
0.065582
0.055570
0.046043
0.037018
0.028505
0.020521
0.013066
0.008489
0.006484
0.004572
0.002755
0.001036
0.000636
0.000594
0.000552
0.000510
0.000469
0.000427
0.000386
0.000345
0.000305
0.009644
0.008554
0.009385
0.008692
0.008631
0.021572
0.020329
0.021154
0.020307
0.032710
0.030360
0.031206
0.029399
0.028733
0.027427
0.027082
0.025732
0.024560
0.023199
0.021880
0.282062
0.251319
0.274135
0.254440
0.252354
0.241851
0.234453
0.232638
0.222268
0.212703
0.201652
0.190774
0.179627
0.168454
0.157144
0.145828
0.134539
0.123351
0.112417
0.101799
0.091401
0.081336
0.071799
0.062571
0.053679
0.045147
0.036995
0.029245
0.021912
0.051029
0.040600
0.037959
0.034495
0.034229
0.032806
0.031811
0.030495
0.029211
0.027816
0.026432
0.025118
0.023769
0.022387
0.020986
0.019573
0.018158
0.016748
0.015350
0.044239
0.038579
0.040478
0.036302
0.034967
0.032266
0.030258
0.027893
0.045529
0.042859
0.042297
0.040181
0.038517
0.036693
0.034878
0.033035
0.107517
0.100000
0.104828
0.100026
0.098731
0.098280
0.095380
0.092612
0.089243
0.097332
0.093774
0.096636
0.092491
0.090134
0.086769
0.106654
0.101486
0.119196
0.111904
0.110402
0.104442
0.100344
0.095167
0.090651
0.085486
0.080437
0.075246
0.070096
0.064936
0.059825
0.054765
0.049784
0.103513
0.096334
0.096594
0.091128
0.087888
0.094460
0.094018
0.090429
0.087071
0.083216
0.079521
0.075691
0.071975
0.068202
0.064783
0.061345
0.057904
0.054460
0.051033
0.065744
0.060319
0.059359
0.055228
0.052320
0.048707
0.045454
0.042040
0.038722
0.035400
0.032138
0.028915
0.025760
0.052633
0.045261
0.046930
0.042712
0.041303
0.038528
0.036451
0.034050
0.031812
0.029490
0.027225
0.024964
0.022749
0.020572
0.018450
0.044870
0.043443
0.050333
0.047105
0.046142
0.043966
0.042272
0.063619
0.059784
0.104490
0.096469
0.098733
0.093181
0.090729
0.086669
0.083838
0.079739
0.075762
0.071817
0.067933
0.063960
0.059957
0.055922
0.051889
0.047874
0.043898
0.039979
0.036133
0.032374
0.028723
0.025192
0.021783
0.018504
0.016036
0.013779
0.011608
0.009528
0.007542
0.024453
0.022797
0.037399
0.034532
0.035006
0.046667
0.044744
0.045024
0.043291
0.042288
0.040841
0.039477
0.037956
0.036405
0.034792
0.033139
0.031443
0.029719
0.027973
0.026216
0.024455
0.022696
0.020948
0.019216
0.017506
0.015824
0.014175
0.012563
0.010992
0.009465
0.007987
0.006559
0.005183
0.003863
0.002793
0.001874
0.000991
0.000414
0.000225
0.000039
0.000000
0.000000
0.000000
0.000000
0.000000
0.000000
0.000000
0.000000
0.000000
0.012416
0.011028
0.012181
0.011638
0.011573
0.011173
0.010866
0.010468
0.010069
0.010645
0.010084
0.012696
0.011914
0.011673
0.011017
0.010507
0.009923
0.009357
0.008773
0.008190
0.007606
0.007025
0.006450
0.010496
0.009591
0.009446
0.008732
0.008246
0.055472
0.049612
0.053522
0.049677
0.049241
0.047317
0.045946
0.044133
0.044536
0.042359
0.040579
0.038370
0.036266
0.034057
0.031875
0.029666
0.027465
0.025271
0.023101
0.020994
0.018962
0.016975
0.015041
0.013166
0.011355
0.009614
0.017394
0.015346
0.014512
0.013116
0.011961
0.010829
0.067346
0.063026
0.067867
0.065503
0.065714
0.064662
0.063855
0.062640
0.061316
0.059807
0.058142
0.056320
0.063536
0.060454
0.059143
0.056253
0.053903
0.051197
0.048550
0.045787
0.209638
0.188707
0.320057
0.289442
0.299349
0.280007
0.273526
0.260024
0.249167
0.236194
0.223586
0.210274
0.196941
0.234975
0.224340
0.217052
0.207545
0.205476
0.199078
0.192647
0.186083
0.179438
0.172846
0.166224
0.159729
0.153384
0.147106
0.142385
0.136042
0.130161
0.124084
0.118791
0.113475
0.111232
0.108765
0.123453
0.121262
0.121146
0.119196
0.118004
0.116264
0.114686
0.112857
0.111019
0.109036
0.106989
0.104832
0.113845
0.112587
0.112179
0.111049
0.110172
0.109110
0.108077
0.106954
0.126032
0.122648
0.123382
0.120798
0.119564
0.117624
0.115873
0.113888
0.111870
0.109733
0.107527
0.105242
0.102895
0.100496
0.098044
0.095545
0.093205
0.225018
0.210425
