0.209323
0.196656
0.183909
0.709989
0.602015
1.078650
0.946682
0.976676
0.895275
0.866098
1.231237
1.134612
1.125531
1.043234
0.992310
0.926238
0.876669
0.813623
0.753714
0.692509
0.632932
0.578887
0.526958
0.751303
0.709146
0.695976
0.670407
0.724708
0.697970
0.675236
0.648488
0.622935
0.597537
0.572350
0.547706
0.523544
0.507900
0.492140
0.476176
0.460007
0.443701
0.435082
0.426100
0.416390
0.406002
0.394980
0.383373
0.371225
0.358682
0.345825
0.332549
0.318900
0.304947
0.391753
0.364530
0.359872
0.336786
0.321533
0.302302
0.284641
0.265878
0.562231
2.180692
1.982905
2.177780
2.013483
1.985496
1.884883
1.813247
1.721364
1.633407
1.538843
1.443852
1.346545
1.254230
1.423540
1.316834
1.252423
24.239148
1.073734
0.987251
0.904160
0.821799
0.827012
0.740082
0.674628
0.596382
0.527563
0.595915
0.513593
0.464547
0.404992
0.357789
0.337435
0.322846
0.307139
0.292571
0.360692
0.330905
0.325506
0.300031
0.284879
0.376450
0.350813
0.421034
0.389256
0.380427
0.768640
0.698391
0.718232
0.664999
0.647122
0.616132
0.591555
0.562614
0.534674
0.505466
0.476375
0.447916
0.421316
0.394671
0.368184
0.341956
0.316596
0.292653
0.269146
0.246163
0.223785
0.202081
0.181113
0.160932
0.141582
0.123100
0.105513
0.089310
0.075070
0.061638
0.051532
0.048315
0.046854
0.045444
0.044001
0.042526
0.041020
0.145776
0.690912
0.631364
0.673271
0.625882
0.616055
0.587975
0.588551
0.561268
0.537385
0.509492
0.482264
0.595647
0.549500
0.534959
0.494934
0.522549
0.484330
0.457942
0.423487
0.392615
0.360811
0.330100
0.299803
0.270350
0.242345
0.215401
0.190694
0.167520
0.145288
0.124059
0.103862
0.094030
0.086113
0.078342
0.070761
0.063389
0.056250
0.110351
0.092901
0.093662
0.079872
0.073823
0.066689
0.061972
0.056138
0.050969
0.124366
0.113237
0.114900
0.106798
0.102444
0.097649
0.093869
0.089852
0.455997
0.387576
0.427677
0.899543
0.803261
0.847421
0.766186
0.742779
0.688386
0.650240
0.637164
1.709641
1.872642
1.863673
1.704034
1.570271
1.432441
1.304346
1.180911
1.060989
1.165791
1.017664
0.940275
0.814934
0.722709
0.622207
0.571927
0.487088
0.419687
0.351115
0.300067
0.258382
0.219472
0.182925
0.148540
0.116483
0.094485
0.083865
0.073674
0.063922
0.206265
0.178634
0.185630
0.165713
0.158199
0.145322
0.774978
0.655041
0.723302
0.635849
0.626511
0.576264
0.548076
0.507515
0.473245
0.435631
0.400251
0.365101
0.331290
0.298086
0.266080
0.235158
0.205555
0.177289
0.150466
0.125117
0.101290
0.079003
0.086598
0.097403
0.378196
0.409895
0.414541
0.414152
0.408872
0.406034
0.399709
0.411445
0.401076
0.394160
0.382779
0.372096
0.359875
0.347313
0.333950
0.320144
0.305852
0.291224
0.276307
0.261192
0.245945
0.230636
0.215327
0.200078
0.185008
0.170524
0.156201
1.359963
1.137750
1.268170
1.618152
1.584546
1.556030
1.475379
1.420931
1.623746
1.527395
1.484827
1.398212
1.329803
1.253854
1.181708
1.236960
1.149781
1.092663
1.014044
0.947403
0.918898
0.848472
0.788261
0.723408
0.663957
0.605504
0.550163
0.514263
0.481591
0.458433
0.425812
0.397288
80.713419
0.355996
0.325685
0.300314
0.272480
0.246911
0.223059
0.204071
0.185309
0.259322
0.229934
0.221786
0.197562
0.181292
0.163642
0.148552
0.132737
0.117581
0.102684
0.088577
0.076247
0.067255
2.782526
2.435571
2.704459
2.480781
2.471050
2.355976
2.392619
2.285107
2.197750
2.089659
1.984624
1.874145
1.762739
1.649572
1.536095
1.422697
1.310154
1.198989
1.091419
0.986263
1.049297
0.940283
0.871660
0.774505
0.698563
0.615781
0.543283
0.470601
0.404316
0.340500
0.281669
0.289184
0.285840
0.285031
0.281476
0.278370
0.274547
0.270470
0.267300
0.262346
0.257381
0.251904
0.246280
0.240376
0.234554
0.228235
0.234183
0.225374
0.220095
0.211689
0.204705
0.196850
0.189358
0.181577
0.173880
0.166092
0.158334
0.158186
0.149511
0.142580
0.134324
0.126722
0.118854
0.111144
0.103421
0.095763
0.088154
0.080619
0.073598
0.066663
0.144053
0.126719
4.819106
3.905098
4.120988
0.102894
0.095128
0.085367
0.076456
0.071166
0.066098
0.062801
0.059060
0.055445
0.051784
0.048234
0.044639
0.041142
0.138800
0.118162
0.127176
0.486622
0.454757
0.477282
0.455975
0.450034
0.437027
0.521224
0.495085
0.489997
0.466576
0.540920
0.506154
0.498502
0.467642
0.501837
0.468636
0.450505
0.420575
0.395705
0.511792
0.467669
0.478100
0.437593
0.413701
0.381404
0.354641
0.325928
0.301420
0.273427
0.246811
0.220133
0.194455
0.169455
3.303838
2.675103
2.801538
2.351499
2.187583
1.913454
0.823047
0.720210
2.248311
1.859948
1.887446
1.616159
1.491912
1.423744
1.260149
1.120138
0.787081
0.722996
0.711157
0.657328
0.619607
0.576137
0.535203
0.493571
0.452728
0.412403
0.372941
0.334474
0.297145
0.261062
0.226329
0.193039
0.161264
0.141756
0.111313
0.085663
0.059093
0.047993
0.039027
0.030871
0.023998
0.018445
0.326187
0.337033
0.354981
0.433913
0.488884
0.492430
0.494935
0.491684
0.489299
0.484933
0.479840
0.473419
0.466061
0.663948
0.618878
0.689279
0.646071
0.639880
0.609999
0.591017
0.565362
0.542135
0.550318
0.521268
0.499095
0.471164
0.445543
0.418844
0.392817
0.366753
0.341119
0.315818
0.291008
0.266715
0.265240
0.242145
21.809208
0.608011
0.558310
0.781912
0.602977
0.621853
0.548590
0.524784
0.639392
0.725372
0.699930
0.677028
0.644346
0.614594
0.582953
0.997392
1.248711
1.206901
1.162669
1.090942
1.036836
0.974708
0.916171
0.854870
0.794691
0.734146
0.674602
0.615829
0.561034
0.508774
0.457838
0.408379
0.360594
0.314617
0.270576
0.228568
0.188673
0.158829
0.273994
0.222079
0.206827
0.169283
0.151550
0.302884
0.266348
0.279912
0.253415
0.246698
0.229333
0.217506
0.202407
0.188872
0.174453
0.160617
0.146709
0.133203
0.119950
0.107124
0.094712
0.082792
0.071380
0.060515
0.050215
0.040501
0.089336
0.076278
0.073228
0.063549
0.058516
0.054977
0.054218
0.053077
0.051845
0.050424
0.048876
0.047198
0.045413
0.043531
0.195931
0.174553
0.187897
0.173279
0.170761
0.163527
0.162787
0.160742
0.158698
0.155973
0.152829
0.149249
0.145275
0.307675
0.282441
0.294415
0.275983
0.299567
0.283685
0.276816
0.262684
77.148722
0.238300
0.226439
0.213896
0.201242
0.188329
0.175348
0.162318
0.149334
0.138554
0.125459
0.113193
0.100678
0.088677
0.190214
0.164587
0.164840
0.145306
0.136841
0.124586
0.114434
0.103607
0.195337
0.174453
0.178369
0.226124
0.244806
0.241803
0.273560
0.307019
0.294133
0.287601
0.424469
0.386807
0.391038
0.363359
0.350738
0.332124
0.315679
0.297688
0.279885
0.261703
0.243545
0.267561
0.249960
0.237007
0.220625
0.205904
0.190608
0.176027
0.161379
0.147333
0.133406
0.121330
0.110102
2.508999
2.315742
2.529548
3.792689
3.563064
3.680668
3.656794
3.582296
3.458741
3.341241
3.205524
3.070049
2.925117
2.778120
2.905364
2.703366
2.581941
2.392924
2.238144
2.066711
1.906619
1.743566
1.586471
1.431369
1.281154
1.828417
1.663335
1.585015
1.447601
1.341056
1.362237
1.230879
1.133812
1.013802
0.908324
0.807997
0.978398
0.904151
0.887118
0.823084
0.779617
0.731299
0.687190
0.640432
0.594628
0.548406
2.947215
2.596753
2.797273
2.556416
2.508336
2.372502
2.269740
2.142662
2.020998
1.892369
1.775988
1.666093
1.555595
1.444517
1.333877
1.226281
1.134240
1.029424
0.939838
0.839077
0.746522
0.658047
0.573639
0.492184
0.414472
0.340395
0.270212
0.413831
0.362357
0.322274
0.255453
0.246772
0.236694
0.229139
0.219471
0.210019
0.199769
0.189353
0.178590
0.167687
0.156654
0.145583
0.192103
0.173843
0.168695
0.153308
0.142684
0.130355
0.119340
0.108312
0.212394
0.182049
0.185802
0.162016
0.152562
0.136151
0.124070
0.663929
0.924975
0.938433
0.933104
0.917358
0.900463
0.880295
0.857857
0.833581
0.807363
0.779196
0.749361
0.718082
0.685594
0.652113
0.618112
0.584377
0.550153
0.515622
0.481117
2.417039
2.229855
2.362232
2.246038
2.384565
2.289016
2.251763
2.162552
3.272275
3.036269
3.068721
2.880936
2.785005
3.033098
2.906197
2.794311
2.661642
2.534765
2.406453
2.276012
2.143950
2.011079
1.878033
1.908301
1.748280
15.846684
1.489677
1.364097
1.231099
1.107048
0.983502
0.867653
1.742645
1.528876
1.653890
1.484613
1.431121
1.381446
1.354552
1.322599
1.489285
1.421814
1.397512
1.334163
1.284922
1.226257
1.169504
1.109521
1.049220
0.987545
0.928058
0.868033
1.064324
0.978858
0.951071
0.875303
0.849440
0.793938
0.745084
0.693550
0.644462
0.733970
0.693991
0.657601
0.613246
0.574362
0.547647
0.509655
0.485304
0.471201
0.459553
0.448322
0.437240
0.425730
0.417692
0.556829
0.527553
0.531714
0.501243
0.488733
0.467596
0.450957
0.431318
0.412797
0.393317
0.374134
0.354707
1.314797
1.188434
1.284604
1.152295
1.823555
1.657299
1.678894
1.557487
1.501919
1.415349
1.343828
1.263947
1.187240
1.108812
1.032398
0.958417
0.885662
0.814155
0.744345
0.676441
0.610823
0.547485
0.486567
0.487068
0.421111
0.375160
0.317702
0.283670
0.250612
0.548038
1.017381
0.920319
0.893391
0.794729
0.733158
0.776678
0.737081
0.702332
0.663883
0.627121
0.686618
0.639555
0.615182
0.575927
0.548697
0.518828
0.491355
0.547242
0.529826
0.527187
0.512428
0.503186
0.491800
0.480149
0.467518
0.454235
9.242458
0.425761
0.410719
0.796616
0.842419
0.872699
0.822488
0.806874
0.771392
0.746019
0.714042
0.684384
11.620950
0.621352
0.590019
0.560216
0.530311
0.500544
0.470962
0.961328
0.866487
0.889324
1.427855
1.323509
1.340690
1.252316
1.207617
1.140503
1.082194
1.017651
0.961508
0.903808
0.845723
0.803270
0.743048
0.723749
0.702762
0.643397
0.587866
0.528742
0.472766
0.417176
0.364821
0.315340
0.271801
0.233607
0.197097
0.162307
0.791522
0.711655
0.749238
0.701796
0.714405
0.695482
0.686894
0.673213
0.658330
0.641512
0.622938
0.602977
0.581601
0.559133
0.535626
0.511310
0.486287
0.480979
0.689417
0.638218
0.636730
0.594694
0.723246
0.686203
0.669441
0.632578
0.602330
0.568823
0.536105
0.502672
0.469312
0.668832
0.607019
0.597934
0.547225
1.815496
1.555140
1.708959
1.524570
1.971167
1.845570
1.884710
1.782668
1.718335
1.630106
1.550047
1.759081
1.623021
1.572467
1.451171
1.391961
1.678245
1.561596
1.497926
1.393885
1.305667
1.230622
1.142105
1.169420
1.074245
1.007239
0.955432
0.893342
0.845615
0.793704
1.121106
1.050613
1.038138
1.028382
0.986945
0.941756
0.895980
0.850457
0.808776
1.162531
1.069628
1.065751
0.990084
0.945677
0.886173
0.833352
0.776706
0.721566
0.665756
0.610686
0.556017
0.502260
0.449988
0.599074
0.657684
0.616158
0.577958
0.526308
0.743868
0.664103
0.646322
0.580634
1.026459
0.893506
0.916095
0.818577
0.781798
0.714840
0.666173
0.609632
0.565762
0.519851
0.476271
0.432772
0.390714
0.349637
0.611221
0.549988
0.551599
0.502929
0.472689
0.437273
0.406346
0.376128
0.349420
0.322962
0.353855
0.319011
0.302118
0.285065
0.274438
0.259802
0.246788
0.232421
0.218415
0.203979
0.189664
0.175291
0.161066
0.146978
0.133126
0.119539
0.106279
0.093382
0.618037
0.563965
0.597516
0.896257
0.846688
0.861002
0.844336
0.847966
0.816018
0.793895
1.128560
1.054043
1.059000
0.997159
0.962619
0.913176
0.868820
0.820051
0.771838
0.722286
0.672775
0.646080
0.593780
0.547126
0.497045
0.449692
0.409608
0.363755
0.319996
0.733961
1.036064
1.010450
0.969046
0.915082
0.867187
0.822774
0.782691
0.748089
0.878631
0.813109
0.797588
0.906057
0.854088
0.841037
0.896467
0.847764
0.809336
0.760062
0.714224
0.666830
0.620026
0.573376
0.527564
0.482351
0.437979
0.395715
0.357731
0.320787
0.509905
0.461522
0.455957
0.422640
0.400413
0.374098
0.349704
0.327253
0.417169
0.390335
0.387803
0.365004
1.890810
1.635727
1.788057
1.607084
1.584856
1.641077
1.557151
1.485092
1.393914
1.308351
1.371985
1.538323
1.424462
1.368225
1.611236
1.485497
10.861709
1.312026
1.223179
1.125014
1.033554
0.941547
0.913940
0.842964
0.768706
0.704135
0.640108
0.597417
0.554912
0.516646
0.478565
0.459375
0.437078
0.430415
0.793367
0.729183
0.751469
0.707005
0.696084
0.670637
0.651744
0.630807
0.610890
0.589670
0.569518
0.550995
0.532165
0.512960
0.525600
0.500524
0.484815
0.461387
0.538393
0.504965
0.494640
0.466572
0.446773
0.761930
0.698279
0.710232
0.661708
0.639955
0.611164
0.581944
0.554217
0.528438
0.504872
0.480147
0.455534
0.430523
0.405496
0.380416
0.355472
0.330718
0.306268
0.282565
0.259447
0.236786
0.214644
0.193071
0.184331
0.162470
0.144284
0.126219
0.109691
0.093283
0.077710
0.062636
0.054311
0.046557
0.038912
0.031323
0.023872
0.064588
0.051369
0.052576
0.160358
0.139822
0.169699
0.150624
0.150380
0.138432
0.132529
0.123221
0.115609
0.107013
0.098962
0.129407
0.116567
0.112544
0.101884
0.569226
0.500978
0.540589
0.494223
0.485580
0.458777
0.439826
0.415970
0.393467
0.688129
0.640825
0.645219
0.610908
0.591754
0.566232
0.542385
0.516600
0.490559
0.463822
0.436819
0.409602
0.382363
0.355220
0.328307
0.301735
0.280526
0.254137
0.230514
0.206336
0.183467
0.161120
0.881121
0.743498
0.818750
0.718127
0.705533
0.647030
0.613284
0.565729
0.525231
0.481045
0.439391
0.397337
0.356813
0.317097
0.278848
0.247096
0.345209
0.296108
0.285372
0.537373
0.499236
0.492891
0.462714
0.441084
0.417519
0.395044
0.657539
0.606706
0.625185
0.591418
0.579527
0.556483
0.537439
0.514833
0.492476
0.468798
0.444806
0.500227
0.473112
0.454263
0.426432
0.401440
0.375397
0.350875
0.327326
0.376883
0.347744
0.330685
0.304707
0.282496
0.259182
0.236770
0.214483
0.192739
0.171465
0.152925
0.132831
0.118063
0.257324
0.217294
0.424308
0.375068
0.388745
0.357117
0.346221
0.324801
0.308041
0.288384
0.269749
0.250385
0.231361
0.241799
0.224422
0.210972
0.196532
0.182700
0.169993
0.156254
0.142951
0.129691
0.116836
0.618400
0.543954
0.585287
0.534166
0.523635
0.493603
0.472031
0.445203
0.419845
0.393024
0.369614
0.346268
0.322790
0.300329
0.278099
0.255933
0.333853
0.295849
0.286228
0.373822
0.332728
0.322064
0.286466
0.266527
0.362904
0.364508
0.345578
0.344140
0.332303
0.362772
0.352212
0.348900
0.341017
0.335398
0.329111
0.323449
0.317750
0.312336
0.307026
0.301904
0.296907
0.292054
0.287553
0.284269
0.280934
0.828236
0.784062
0.829399
1.768570
1.647739
1.731863
1.644022
1.628014
1.573555
1.532270
1.478940
1.426163
1.368634
1.423461
1.342274
1.293243
1.215402
1.202503
1.130221
1.066782
0.997496
0.930750
0.863803
0.798269
0.833332
0.753758
0.705058
0.633978
0.576943
0.515606
0.699141
0.602679
0.579109
0.499727
0.470205
0.426631
0.396596
0.370383
0.346616
0.321752
0.299548
0.277458
0.255839
0.234447
0.307631
0.284442
0.275730
0.247055
0.229308
0.206002
0.748593
0.738397
0.761384
0.761798
0.765628
0.769211
0.770028
0.773205
0.775877
0.777858
0.809837
0.808931
0.810770
0.808207
0.806131
0.802120
0.797792
0.792168
0.786094
1.267640
1.198783
1.239392
1.192168
1.183587
1.155767
1.135338
1.109305
1.084096
1.056966
1.029930
1.002202
0.974193
0.946338
0.918536
0.890811
0.863315
0.836168
0.809482
0.783359
0.757886
0.733140
0.803756
0.775688
28.275665
0.737599
0.718307
0.698521
0.679855
0.662160
0.645288
0.638666
0.632370
0.625942
0.619519
0.613150
0.606652
0.600031
0.593294
0.586449
0.579500
0.572453
0.565313
0.558084
0.550769
0.543371
0.535894
0.528340
0.520711
0.838002
0.804665
0.917976
0.884125
0.886424
0.864627
0.851790
0.833129
0.815403
0.795540
11.464839
0.753603
0.782998
0.753701
0.737633
0.711637
0.689228
0.664432
0.640155
0.615093
0.590003
0.564660
0.539302
0.513937
0.488676
0.463570
0.438692
0.414084
0.389763
0.365826
0.342276
0.319167
0.297378
0.277001
0.256992
0.237374
0.222392
0.210605
0.198788
0.186951
0.175104
0.163255
0.151647
0.634188
0.619812
0.648342
0.642746
0.650445
0.677973
0.677409
0.680056
0.677875
0.676257
0.673062
0.669214
0.800228
0.789264
0.795276
0.786756
0.787951
0.779890
0.772284
0.762498
0.751962
1.806831
1.606266
1.718111
1.569854
1.550960
1.463104
1.411193
1.337820
1.274086
1.203924
1.136634
1.067817
1.000370
0.934987
2.265526
2.032744
2.115131
2.273758
2.192418
2.111983
2.014359
1.918521
1.866058
1.758943
1.848865
1.711523
1.636839
1.530858
1.448187
1.730010
1.600636
1.558192
1.442420
1.369127
1.272570
1.193102
1.105836
1.026671
0.946181
0.870689
0.796624
0.726523
0.659051
0.595233
0.534569
0.490487
0.529333
0.501206
0.483669
0.879878
0.850370
0.868984
1.072810
1.029704
1.053471
1.023485
1.019536
0.999964
0.987559
0.969538
0.953180
0.934616
0.916262
1.863365
1.720335
1.795285
1.695696
1.711784
1.649709
1.608111
1.552298
1.500049
1.444064
1.388180
1.331154
1.274058
1.216861
1.159998
1.104365
1.052580
1.001377
0.950969
0.901533
1.508733
1.345616
1.376543
1.249638
1.204356
1.185532
1.115828
1.054885
0.985579
1.051677
0.979363
0.950316
0.897730
0.856347
0.810613
0.768017
0.725706
0.685404
0.645835
0.607498
0.570290
0.534373
0.499757
0.466503
0.434627
0.404613
0.382442
0.368503
0.354718
0.341106
0.327682
0.314923
0.303034
0.291245
0.279567
0.268008
0.256575
0.245275
0.234112
0.223089
0.213783
0.205412
0.196973
0.188470
42.483490
0.171284
0.162610
0.153885
0.200136
0.184536
0.181274
0.180459
0.169336
0.159699
0.147888
0.136964
0.125346
0.114257
0.102575
0.305595
0.272499
0.281209
0.296487
0.465826
0.430051
0.435373
0.411432
0.468538
0.478048
0.467921
0.448089
0.430152
0.410034
0.390332
0.369715
0.349053
0.328102
0.307177
0.286449
0.266551
0.247333
0.228371
0.209740
0.191513
0.173753
0.156515
0.139849
0.123796
0.108393
0.093663
0.082407
0.072165
0.062367
0.055301
0.378932
0.332269
0.359860
0.454250
0.432644
0.428897
0.405718
0.390297
0.369988
0.351179
0.330706
0.310387
0.289518
0.354227
0.334757
0.327033
0.310640
0.296937
0.281787
0.344656
0.316809
0.311997
0.288125
0.273669
0.254223
0.237495
0.219349
0.209164
0.190449
0.174297
0.231752
0.210050
0.200388
0.181943
0.168614
0.154574
0.141243
0.129372
0.239453
0.212071
0.215428
0.198196
0.191198
0.180430
0.171869
0.162188
0.154021
0.146093
0.139937
0.134643
0.129321
0.123810
0.118256
0.220071
0.229851
0.239397
0.306895
0.294244
0.299776
0.288548
0.285294
0.277461
0.271725
0.264494
0.257729
0.250481
0.244250
0.238582
0.232856
0.311781
0.295152
0.297651
0.284853
0.278801
0.269568
0.261820
0.253257
0.245036
0.236673
0.228464
0.220323
0.212342
0.204521
0.198003
0.191766
0.189541
0.183524
0.177949
0.172314
0.170937
0.167368
0.164992
0.161922
0.159210
0.156389
0.153681
0.150981
0.148344
0.145748
0.143748
0.142861
0.141887
0.140827
0.599716
0.635224
0.667758
0.622933
0.605629
0.573175
0.699986
0.666193
0.679221
0.648777
0.628229
0.601515
0.576691
0.550531
0.524618
0.498434
0.472409
0.446591
1.581087
1.407606
1.496434
1.375894
1.356314
1.283341
1.230809
1.165563
1.104026
1.046890
0.989676
0.930947
0.871893
1.014587
0.929476
0.890390
0.815439
0.757393
0.692745
0.688094
0.623407
0.569834
0.513340
0.458137
0.404013
0.351845
0.303524
0.261159
0.220829
0.182418
0.157858
0.145346
0.132944
0.120697
0.108645
0.096825
0.085271
0.074011
0.106025
0.087863
0.082682
0.068783
0.061740
0.054226
0.050490
1.161621
0.960506
1.087191
0.942985
0.935176
0.856307
0.816046
0.754307
0.703573
0.646987
0.594229
0.541778
0.491513
0.442174
0.492127
0.434157
0.400152
0.350567
0.310831
0.269679
0.232990
0.197478
0.164435
0.133295
0.308632
0.373325
0.348800
0.342017
0.316526
0.301963
0.285434
0.269686
0.256071
0.240621
0.225620
0.210154
0.194805
0.179433
0.164234
0.149235
0.134531
0.120175
0.106228
0.092737
0.079746
0.068920
0.058783
0.049378
0.040114
0.031364
0.023072
0.015287
0.008002
0.003272
0.001346
0.000293
0.000289
0.456793
0.399486
0.445038
0.408018
0.406877
0.388080
0.376511
0.359938
0.344341
0.327097
0.309707
0.291680
0.273463
0.255038
0.236598
0.218219
0.200021
0.182088
0.164509
0.147356
0.172507
0.148993
0.165424
0.298527
0.259653
0.260918
0.227904
0.213121
0.189697
0.171930
0.151977
0.142461
0.132657
0.123291
0.113766
0.107996
0.098405
0.089863
0.080933
0.072585
0.064420
0.056662
0.049229
0.042184
0.035516
0.029244
0.023638
0.018860
0.014402
0.010263
0.007960
0.006928
0.005927
0.004961
0.004032
0.003142
0.002292
0.001484
0.000720
0.000563
0.000458
0.000360
0.000267
0.000179
0.060224
0.049674
0.056816
0.049379
0.049263
0.045301
0.043398
0.040319
0.037812
0.084383
0.073035
0.076787
0.067874
0.065218
0.059338
0.055316
0.050391
0.046066
0.041570
0.037351
0.033200
0.058094
0.051826
0.053382
0.048424
0.054507
0.049231
0.047942
0.044511
0.042259
0.039416
0.036926
0.053757
0.048736
0.048212
0.044313
0.042712
0.040425
0.122463
0.116035
0.120646
0.116736
0.115587
0.113170
0.110870
0.108162
0.284188
0.258173
0.272363
0.253992
0.249588
0.238160
0.229625
0.219041
0.208778
0.197932
0.187098
0.176430
0.165643
0.154759
0.143862
0.132997
0.122245
0.111859
0.101721
0.091768
0.082065
0.232345
0.211137
0.216148
0.201365
0.194256
0.184039
0.174958
0.165189
0.155535
0.147131
0.140730
0.134051
0.128562
0.123484
0.118163
0.112634
0.106935
0.122904
0.115843
0.111583
0.105079
0.099287
0.093176
0.087140
0.081056
20.180059
0.068991
0.063046
0.057189
0.051441
0.064611
0.058226
0.054524
0.048021
0.042825
0.037273
0.077733
0.073804
0.190095
0.167630
0.180208
90.547685
0.162383
0.152889
0.147174
0.139078
1.214093
1.120938
1.203728
1.149502
1.145357
1.117857
1.095851
3.892299
3.625132
3.838616
3.670354
3.643296
3.764836
3.657498
3.583121
3.458655
3.342250
3.210238
3.075705
3.029719
2.873844
3.228399
2.984663
2.890759
2.672540
2.515306
2.325758
2.154228
1.974731
1.802756
1.630591
1.463109
1.384764
1.214366
1.150577
0.983865
0.863062
0.738559
0.632601
0.529232
0.431900
0.338059
0.262725
0.195771
0.175324
13.614329
0.139605
14.150237
0.500279
0.539009
0.498904
0.494229
0.472381
0.457598
0.437984
0.419380
0.399239
0.382800
0.361865
0.341336
0.320313
0.549585
0.497378
2.377433
2.006390
2.208335
1.945178
1.995936
1.830038
1.753509
1.620706
1.516474
1.397257
1.287503
1.175054
1.067377
0.961314
0.859308
0.765517
0.679335
0.596682
0.599473
0.524235
0.464096
0.711824
0.629878
0.600367
0.536100
0.489141
0.445296
0.432181
0.871934
0.775842
0.813080
0.740014
0.721856
0.674057
0.641505
0.599789
0.562170
0.521892
0.482960
1.310779
1.203552
1.270203
1.191353
1.161003
1.108719
1.064627
2.285930
2.078221
2.155397
2.002952
1.951065
1.849710
1.768314
1.673085
1.583604
1.494929
1.405687
1.536265
1.413811
1.354895
1.405094
1.307130
1.247428
1.146452
1.057627
0.963184
0.873565
1.087045
0.947300
0.898751
0.917066
0.814218
0.736223
1.019027
0.893011
0.857573
0.770597
0.733407
0.687081
0.645873
0.602034
0.651021
0.610851
0.894922
0.861527
0.853517
0.799970
0.761973
4.289917
3.476673
0.695750
0.642714
0.642200
0.597601
0.567105
0.536182
0.502467
0.470995
0.440143
0.409992
0.380343
0.351465
0.323356
0.296147
0.274822
0.254568
0.234909
0.422364
0.386389
2.372855
2.192650
2.554587
2.429604
2.448904
2.386140
2.499078
2.428825
2.383632
2.310149
2.274780
2.195601
2.116382
2.029788
1.940789
1.848232
1.753429
1.656623
1.558504
1.459526
1.361257
1.263504
1.166199
1.069738
0.974489
0.880795
0.788969
0.699293
0.612025
0.527531
0.446407
0.368340
0.293445
0.223890
0.160207
0.102901
0.074668
0.066330
0.058191
0.050264
0.043330
0.036673
0.267106
0.234889
0.255871
0.243886
0.531304
0.468903
0.493748
0.446221
0.578686
0.522558
0.518599
0.474609
0.451069
0.416636
0.389008
0.360057
0.331423
0.302512
0.274523
0.247047
0.285042
0.248084
0.257506
0.223942
0.203691
0.199528
0.174864
0.171753
0.147308
0.129685
0.109305
0.271273
0.241420
0.251055
0.229591
0.223619
0.211941
0.325521
0.299516
0.301574
0.280964
0.270050
0.254287
0.240537
0.225515
0.210907
13.373473
10.777997
11.334789
0.155571
0.142290
1.227848
1.006312
1.096731
1.028584
1.535795
1.467333
1.489644
1.440384
1.414366
1.374273
1.335002
1.293295
1.249644
1.202794
1.153578
1.221939
1.159326
1.119861
1.060985
1.007150
0.949655
0.892496
1.438644
1.303426
1.304564
1.205927
1.144899
1.063874
0.991432
1.473572
1.328274
2.442028
2.238877
2.280361
2.137294
2.068771
1.962388
1.871078
1.768815
1.708319
1.598879
1.512117
1.415662
1.443270
1.991850
1.829151
1.793395
1.649899
1.555037
1.438795
1.333912
1.226403
1.127271
1.036017
0.946290
0.857602
0.770681
0.685647
0.602872
0.524853
0.905160
0.810280
0.995057
1.581156
1.515633
1.511198
1.445670
1.508018
1.442460
1.408042
1.345065
1.292090
1.231307
1.596756
1.504153
1.492905
1.450909
1.399123
2.398551
2.154477
2.218907
2.024960
1.958652
1.823836
1.724734
1.604756
1.494985
1.379736
1.268431
1.156912
1.048233
0.941484
0.837805
0.737152
0.641356
0.549511
0.466569
0.392207
0.323361
0.266886
0.220722
0.368754
0.313701
1.599574
1.328007
1.468256
1.290645
1.274280
1.173687
1.125110
1.053325
0.993607
0.926225
0.862584
0.797284
0.733869
0.787406
0.714529
0.764874
0.681548
0.635112
0.726959
0.644471
0.605620
0.533052
0.480971
0.421891
0.370531
0.318885
0.515394
0.461132
0.949835
0.889787
0.907321
0.872869
0.854893
0.830570
0.805997
0.783916
0.760733
0.736861
0.741100
0.711573
0.689147
0.686417
0.888220
0.842071
0.833587
0.794887
0.769575
0.738252
0.708507
0.677004
0.706538
0.663682
0.638605
0.598466
0.565775
0.529251
0.495025
0.463311
0.433597
0.403622
0.374003
0.344312
0.315098
0.286146
0.257681
0.241469
0.213541
0.187833
0.162050
0.137853
0.114377
0.091704
0.070512
0.056549
0.044078
0.031976
0.021017
0.016501
0.028217
0.025365
0.026451
0.080939
0.070581
0.121563
0.108029
0.111410
0.103008
0.100038
0.094202
0.424910
0.377653
0.406163
0.373810
0.367858
0.348903
0.335315
0.318105
0.301708
0.583300
0.542986
0.550804
0.520868
0.504706
0.482242
0.461449
0.438986
0.416648
0.393805
0.371779
0.349771
0.327652
0.305521
0.286978
0.264712
0.244144
0.223520
0.220671
0.245064
0.219504
0.233445
0.211528
0.202230
0.185231
0.172047
0.157113
0.143263
0.129124
0.115481
0.102020
0.088981
0.076311
0.064099
0.052353
0.041116
0.031336
0.027824
0.024442
0.021200
0.018107
0.015168
0.012389
0.009773
0.045400
0.037870
0.040787
0.035733
0.034653
0.078083
0.068291
0.071514
0.064284
0.062573
0.063238
0.060276
0.057777
0.073757
0.067536
0.067918
0.062754
0.060046
0.062559
0.059809
0.057777
0.056279
0.912305
0.761390
0.861967
0.754290
0.760523
0.728045
0.696354
0.655136
0.615718
0.574286
0.552504
0.510886
0.473167
0.540271
0.506273
0.475749
0.445988
0.414095
0.386347
0.357362
0.330945
0.306451
0.281778
0.258036
0.235506
0.214042
0.193790
0.183559
0.183879
0.180244
0.175528
0.171163
0.166215
0.161227
0.155940
0.150564
0.166257
0.156866
0.153615
0.145150
0.342915
0.310101
0.323899
0.300464
0.293270
0.278135
0.266361
0.252817
0.239810
0.226164
0.212576
0.198838
0.185166
0.800477
0.677655
0.751085
0.660352
0.658553
0.606580
0.579271
0.538477
0.504644
0.467267
0.432641
0.397465
0.363697
0.330521
0.298635
0.267845
0.238437
0.210385
0.187665
0.233842
0.205017
0.196059
0.172764
0.156310
0.138294
0.122688
0.107512
0.101493
0.098499
0.095506
0.092426
0.089334
0.086221
0.083301
0.080427
0.077573
0.074749
0.072018
0.069451
0.066944
0.064506
0.234481
0.517225
0.507517
0.529743
0.516223
0.513910
0.505040
0.496929
0.486900
0.476689
0.465059
0.452222
0.589493
0.574524
0.570128
0.556453
0.544289
0.530561
0.516162
0.500915
0.485007
0.468512
0.451536
0.434167
0.416494
0.398598
0.380557
0.362446
0.344332
0.326280
0.308348
0.290593
0.273065
0.255831
0.238994
0.222500
1.135262
1.003987
1.090248
1.008224
0.999274
0.954335
0.924109
0.883667
0.845209
0.803400
0.775037
0.729250
0.687143
0.641319
1.107097
0.973133
0.989748
0.882854
0.839044
1.282390
1.249943
1.222572
1.146438
1.084620
1.017741
0.953090
0.887847
0.823358
0.759559
0.696824
0.662635
0.618571
0.583319
0.543151
0.524689
0.484191
0.449323
0.411576
0.376338
0.341180
0.311862
0.286098
0.262777
0.903886
0.763116
0.818133
0.712153
0.688017
0.622107
0.579846
0.525455
0.478341
0.428516
0.381806
0.335393
0.298913
0.267305
0.238547
0.210809
0.184370
0.159160
0.135330
0.112958
0.091981
0.072413
0.054568
0.038082
0.261822
0.239953
0.250346
0.241817
0.242468
0.238713
0.235699
0.231221
0.304427
0.288852
0.290289
0.276994
0.269979
0.258775
0.248572
0.237075
0.225533
0.213477
0.201253
0.188811
0.176283
0.163709
0.151166
0.138707
0.126390
0.114264
0.102376
0.090768
0.079478
0.068539
0.057981
0.047879
0.038347
0.029246
0.841797
0.730941
0.805515
0.736661
0.733228
0.699383
0.678809
0.649206
0.621332
0.590480
0.559341
0.527032
0.494358
0.461289
69.230255
0.482577
0.502555
0.456889
0.429296
0.390874
0.358260
2.729871
2.609158
2.756205
2.705814
2.700429
2.680044
2.963476
2.888082
2.869829
2.791479
2.741472
2.676840
2.609112
2.804381
2.758610
2.723907
2.675523
2.627500
2.575805
2.522371
2.466636
2.409504
2.350863
2.291290
2.232213
2.173214
2.112725
2.050361
1.986946
1.921804
1.855393
1.787870
1.719382
1.729677
1.645739
1.584656
1.503842
1.436092
1.365337
1.296774
1.226240
1.156171
1.085482
1.014978
0.944441
0.874193
0.804616
0.750242
0.708950
0.654400
0.602352
0.549530
0.999403
0.977670
0.971286
0.941342
0.920564
0.894132
0.871237
0.866677
0.839780
0.817296
0.790086
0.764421
0.737424
0.710514
0.691424
0.663398
0.636672
0.609284
0.584144
0.558171
0.551731
0.522332
0.497151
0.480426
0.452533
0.425218
0.397044
0.369024
0.340976
0.313026
0.285239
0.257779
0.230869
0.204300
0.178899
0.153066
0.127982
0.103288
0.079305
0.069127
0.045161
0.036221
0.033350
0.031544
0.029268
0.027243
0.025106
0.023048
0.020985
0.018968
0.017126
0.015565
0.014020
0.012498
0.011002
0.009538
0.008355
0.007404
0.006471
0.005560
0.004675
0.045462
0.037368
0.041520
0.035725
0.035274
0.032182
0.030539
0.028104
0.026126
0.024156
0.022318
0.020436
0.161600
0.141417
0.153591
0.139934
0.137639
0.129902
0.591055
0.526533
0.567377
0.523461
0.516158
0.490670
0.472543
0.449283
0.427055
0.403809
0.380558
0.356706
0.332738
0.308662
0.284695
0.260938
0.237530
0.232435
0.206899
0.187248
0.163974
0.145783
0.125691
0.107099
0.091898
0.077585
0.063915
0.050998
0.149689
0.129934
0.808413
0.797051
0.850294
0.826159
0.910642
0.886901
0.883568
0.860477
0.842093
0.817850
0.792938
0.765196
0.736005
0.705082
0.672923
0.639642
0.605517
0.573361
0.538172
0.502933
0.467448
0.432100
0.397059
0.362457
0.328406
0.294954
0.262270
0.230422
0.199525
0.169647
0.140869
0.113249
0.092185
0.067434
0.044892
0.049042
0.028513
0.027709
0.028081
0.027171
0.025841
0.024433
0.040412
0.038038
0.037954
0.036107
0.034848
0.033338
0.031880
0.030361
0.028837
0.027297
0.025757
0.024221
0.022696
0.035436
0.032893
0.032681
0.030699
0.031297
0.029655
0.028377
0.027186
0.026117
0.024998
0.023944
73.061085
0.021713
0.162795
0.150936
0.162075
0.155232
0.154897
0.151463
0.148702
0.144988
0.141034
0.136606
0.131864
0.446528
0.422295
0.444015
0.538424
0.526143
0.525272
0.511441
0.500576
0.486597
0.472029
0.455936
0.495005
0.469922
0.456996
0.433325
0.424548
0.400202
0.379664
0.817254
0.737629
0.760903
1.681435
1.571375
1.650832
1.566533
1.534742
1.735108
1.821867
1.779680
1.725768
1.662872
1.599152
1.548854
1.477786
1.406990
1.332442
1.257301
1.180997
1.104298
1.027614
0.953517
0.879833
0.807022
0.735247
0.664724
0.633315
0.565455
0.504224
0.442194
0.390801
0.344156
0.299662
0.258669
0.387296
0.341267
0.323416
0.284805
0.270196
0.254755
0.242714
0.228563
0.215771
0.203609
0.196384
0.196503
0.187755
0.180490
0.171768
0.163511
0.155271
0.147116
0.138852
0.162812
0.152855
0.148050
0.138905
0.132032
0.123852
0.210281
0.187300
0.190624
0.171316
0.216161
0.372671
0.354199
0.490881
0.554886
0.545363
0.531807
0.813953
0.754681
1.034228
0.953292
0.957092
0.899597
0.868384
0.823137
0.783033
0.738942
0.695682
0.651332
0.607249
0.563133
0.519516
0.477134
0.436486
0.396584
0.358114
0.347671
0.309827
0.278976
0.246127
0.215824
0.186314
0.451558
0.403796
0.406231
0.374175
0.357133
0.335139
0.321325
0.307152
0.296539
0.286801
0.276468
0.265473
0.253959
0.242698
0.231364
0.219662
0.207700
0.195541
0.218542
0.204902
0.195840
0.183214
0.171801
0.159944
0.148284
0.136623
0.125098
0.113718
0.102671
0.092055
0.081697
0.071616
0.061850
0.052582
0.043685
0.035139
0.026960
0.025590
0.024355
0.023091
0.021805
0.020502
0.019188
0.017868
0.016549
0.015234
0.013928
0.012636
0.011362
0.010110
0.008883
0.007684
0.006518
0.038676
0.033467
0.053738
0.046947
0.048074
0.043594
0.042434
0.040074
0.038395
0.036241
0.034244
0.032097
0.029989
0.027843
0.025723
0.023615
0.021544
0.019514
0.017536
0.015618
0.013766
0.011987
0.010285
0.008665
0.007129
0.005679
0.004319
0.003047
0.001865
0.001026
0.000303
0.000000
0.005675
0.004670
0.005335
0.004620
0.004599
0.004216
0.004029
0.003731
0.003490
0.003218
0.002964
0.002706
0.002457
0.212718
0.195869
0.213199
0.203923
0.204373
0.200286
0.197251
0.192846
0.188125
0.182732
0.176897
0.170605
0.163940
0.157090
0.149892
0.142486
0.134862
0.127105
0.129596
0.119835
0.113095
0.103853
0.095927
0.087420
0.079383
0.071283
0.063449
0.055746
0.048286
0.041043
0.034063
0.027347
0.213788
0.192900
0.203564
0.190168
0.189751
0.186195
0.183585
0.179705
0.175519
0.170704
0.165469
0.167053
0.159837
0.154531
0.147177
0.140465
0.133091
0.125812
0.118277
0.110736
0.103116
0.095516
0.087938
0.080431
0.073017
0.065729
0.059122
0.052061
0.063887
0.054036
0.049996
0.041609
0.035750
0.036588
0.032720
0.027009
0.021966
0.383423
0.336791
0.371849
0.341319
0.339267
0.323199
0.312875
0.298594
0.285106
0.270337
0.255482
0.240155
0.224715
0.209152
0.417088
0.373454
0.380391
0.347158
0.332098
0.308823
0.289508
0.268208
0.247892
0.252857
0.228295
0.215950
0.193269
0.174942
0.155159
0.137049
0.119081
0.978186
0.857500
0.933425
0.852148
0.839785
0.794168
0.762822
0.722411
0.684366
0.643687
0.603245
0.562105
0.521117
0.480516
0.452627
0.416148
0.381978
0.346822
0.313404
0.280707
0.249308
0.218782
0.189551
0.161488
0.134787
0.109421
0.085479
0.062959
0.041899
0.379212
0.314208
0.352648
0.316750
0.316297
0.297556
0.779165
0.701378
0.736707
0.681421
0.665449
0.630042
0.602723
0.570062
0.538753
0.505940
0.649605
0.632868
0.628960
0.615171
0.603688
0.590829
0.577677
0.563889
0.549653
0.534967
0.521575
0.510338
0.498348
0.485659
0.472327
0.458406
0.803263
0.769820
0.783223
0.774046
0.761131
0.746645
0.730927
0.713551
0.781462
0.750800
0.737709
0.708203
0.684309
0.656096
0.628477
0.599113
0.569386
0.538783
0.508641
0.477155
0.445568
0.413729
0.381915
0.350160
0.318605
0.287326
0.256429
0.225992
0.196101
0.168640
0.147917
0.131985
0.116447
0.101342
0.086706
0.072569
0.058960
0.134275
0.106971
0.107045
0.086424
0.084945
0.078765
0.075618
0.070748
0.066727
0.062221
0.057996
0.053684
0.049523
0.045419
0.041452
0.037605
0.041352
0.037360
0.034733
0.031270
0.028493
0.025599
0.139247
0.122057
0.131309
0.119661
0.117355
0.112151
0.108886
0.107618
0.102926
0.098554
0.093561
0.088666
0.083603
0.078543
0.073448
0.068380
0.063351
0.058393
0.053523
0.048764
0.044134
0.039646
0.035316
0.031153
0.027169
0.283491
0.234672
0.262339
0.227039
0.398836
0.357192
0.365988
0.931433
0.873105
0.902819
0.862787
0.846004
0.817568
0.791313
0.761628
0.731045
0.698897
0.665788
0.631814
0.597246
0.562271
0.527087
0.694092
0.624090
0.762654
0.751558
0.720542
0.673070
0.629724
0.585262
0.541319
0.552057
0.501820
0.790727
0.688141
0.689407
0.613463
0.575382
0.517665
0.471861
0.421088
0.374678
0.329341
0.298822
0.268622
0.239641
0.211577
0.184744
0.159100
0.136445
0.116694
0.097964
0.120516
0.102867
0.092175
0.080507
0.070874
0.061369
0.052652
0.044446
0.040761
0.038900
0.037692
0.036807
0.035832
0.034775
0.033643
0.032500
0.031301
0.030046
0.028742
0.027397
0.026017
0.024610
0.023181
0.021738
0.020287
0.018833
0.017382
0.259910
0.239329
0.258363
0.246575
0.246068
0.240318
0.235805
0.229723
0.223297
0.216116
0.208451
0.200285
0.208223
0.197436
0.190807
0.180908
0.172082
0.162444
0.152946
0.143191
0.133443
0.123649
0.113902
0.104224
0.137650
0.126008
0.120211
0.110278
0.102008
0.093340
0.085025
0.076789
0.068768
0.060943
0.053352
0.046007
0.041930
0.040390
0.038786
14.463613
0.035426
0.033687
0.031960
0.030491
0.028982
0.027441
0.025876
0.024292
0.022698
0.021099
0.019503
0.017913
0.016337
0.014780
0.013245
0.059903
0.055925
0.058323
0.055884
0.230848
0.198199
0.217363
0.193594
0.191250
0.177577
0.170929
0.331026
0.301095
0.308473
0.285535
0.275734
0.259582
0.246183
0.231138
0.216653
0.217189
0.690626
0.615275
0.651869
0.597156
0.581888
0.547373
0.521331
0.490171
0.460624
0.430870
0.403343
0.375342
0.347401
0.319514
0.293421
0.265942
0.239435
0.213195
0.187876
0.163283
0.140802
0.122265
0.104681
0.087809
0.071703
0.056388
0.041893
0.028237
0.015435
0.005006
0.004415
0.003840
0.003280
0.002738
0.002214
0.001710
0.001226
0.005039
0.004280
0.004356
0.004162
0.004612
0.004494
0.004490
0.004381
0.004297
0.004182
0.004063
0.003929
0.003787
0.003635
0.003477
0.003312
0.003142
0.002968
0.002791
0.002612
0.002433
1.265558
1.326686
1.486250
1.397981
1.383031
1.325424
1.284130
1.230099
1.177329
1.119800
1.061207
1.001549
0.940197
0.878021
0.815555
0.753270
0.691583
0.630728
0.570994
0.512643
0.455908
0.480447
0.767964
0.680142
0.659382
0.596599
0.833792
0.793877
0.840464
0.767311
0.724305
0.684469
0.659769
44.657792
0.654227
0.614579
0.590324
0.552401
0.520771
0.485559
0.452264
0.418141
0.384920
0.351904
0.319684
0.288145
0.257527
0.249274
0.217987
0.192646
0.164622
0.233731
0.197387
0.318020
0.270901
0.273379
0.239979
0.225434
0.201552
0.183329
0.162658
0.144716
0.128774
16.873523
0.107090
0.096736
0.086807
0.077249
0.068719
0.059839
0.051532
0.125638
0.112025
0.112131
0.114332
0.107842
0.101976
0.095443
3.680904
2.972296
3.135542
0.093008
0.091429
0.088229
0.085364
0.082099
0.078754
0.075224
0.071585
0.067841
0.064021
0.060145
0.056235
0.052309
0.048387
0.044485
0.040619
0.660468
0.547079
0.617823
0.536216
0.738602
0.657628
1.078936
0.945375
1.129233
1.010942
0.989686
0.909056
0.904996
0.831759
0.780367
0.714294
0.656862
0.596639
1.626025
1.433297
1.488142
1.348347
1.296420
1.204814
1.132987
1.051815
0.976568
0.909774
0.844158
0.778569
0.721819
0.705631
0.646437
0.595941
0.546580
0.498793
0.451917
0.406131
0.362422
0.322543
0.666175
0.562059
0.571727
0.490174
0.456937
0.401017
1.120557
1.015966
1.040258
0.988998
0.973865
0.941846
0.914127
0.881574
1.043952
1.169179
1.129213
1.094520
1.115503
1.058933
1.014759
0.957734
0.904999
1.022154
0.958148
0.916277
0.857882
0.812302
0.764183
0.716931
0.669164
1.021738
2.159449
2.057867
2.084700
1.987704
1.932971
1.858896
1.787632
1.710339
1.630995
1.548915
1.466582
1.398361
1.328190
1.270697
1.203149
1.616543
1.486337
1.466143
1.358233
1.288545
1.200503
1.120873
1.036887
0.955170
0.886864
0.805639
0.727354
0.649457
0.573904
1.237822
1.079356
1.090825
1.064006
1.007618
0.931695
0.864776
0.798633
0.758201
0.715741
0.673574
0.631123
0.588935
0.547006
0.520094
0.478741
0.444698
0.414691
0.385584
0.356729
0.352911
0.323364
0.299967
0.272668
0.279692
0.251287
0.231816
0.942525
0.829502
1.125404
1.021312
1.039138
0.984427
0.960187
0.941156
0.900532
0.861172
1.366414
1.201278
1.489105
1.319756
1.292480
1.174878
1.104562
1.012020
0.933164
0.849466
0.771147
0.693310
0.618989
0.546955
0.479171
0.438341
0.415929
0.374514
0.336356
0.297719
0.261119
0.228236
0.196907
0.170545
0.146941
0.124430
0.103080
0.082911
0.063953
1.095437
1.009091
1.092418
1.044543
1.050018
1.032711
1.020741
1.001221
0.979937
0.954960
2.777865
2.514243
2.714264
3.181446
3.096564
4.187969
3.985914
3.976960
3.812910
3.697083
3.551595
3.407735
3.253589
3.095514
2.932598
2.766765
2.599158
2.430036
2.260671
2.091905
1.924514
1.759231
1.596702
1.437535
1.289445
1.138001
0.992529
17.133330
0.760652
0.652955
0.549687
0.481080
0.419427
0.359613
0.302026
0.246345
0.192946
0.141874
0.093414
0.050099
0.021351
0.005973
0.005699
0.005423
0.005145
0.013180
0.011428
0.012122
0.010797
0.010493
0.009663
0.009126
7.766891
6.631279
6.832915
6.040688
5.661028
0.008471
0.008035
0.007555
0.007163
0.006853
0.537051
0.471236
0.670544
0.617026
0.628666
0.601307
0.588951
0.567547
0.547902
0.525303
0.502240
0.478002
0.453154
0.427658
0.401810
0.494972
0.448092
0.436274
0.604027
0.813177
0.767972
0.748604
0.696704
0.659175
0.615006
0.573948
0.531308
0.489667
0.448092
0.407348
0.367354
0.334221
0.306190
0.278586
0.251521
0.225117
0.199471
0.174676
0.151111
0.751701
0.655589
0.700003
0.634661
0.619315
0.580695
0.553389
0.538774
0.503432
0.472695
0.462633
0.437038
0.413076
0.387041
0.361535
0.335840
0.314111
0.288496
0.264096
0.239580
0.221432
0.198111
0.176321
0.154791
0.134331
0.114713
0.096073
0.078399
0.061729
0.046073
0.031438
0.027132
0.025758
0.024380
0.023003
0.023165
0.021837
0.020644
0.019370
0.018130
0.039843
0.035750
0.242475
0.213561
0.232812
0.213996
0.213251
0.202550
0.195713
0.186221
0.177376
0.167943
0.158623
0.148992
0.139306
0.129626
0.631601
0.664371
0.963733
0.890043
0.893300
0.952771
0.909009
0.878313
0.890886
0.841465
0.805833
0.761616
0.717328
0.672714
0.627610
0.583379
0.539295
0.499939
0.460942
0.422623
0.385045
0.348427
0.312856
0.278477
0.245368
0.213626
0.184900
0.159117
0.133723
0.110201
0.090733
0.079838
0.070768
0.214724
0.191699
0.202243
0.187586
0.185284
0.177210
0.171451
0.164048
0.156943
0.149286
0.141570
0.133639
0.125644
0.117584
0.424096
0.361437
0.391063
0.344413
0.336144
0.307908
0.300665
0.276110
0.276925
0.258634
0.239311
0.222055
0.206517
0.189594
0.173671
0.158130
0.167878
0.153783
0.145762
0.133961
0.124689
0.115123
0.106575
0.098407
0.260302
0.244664
0.252286
0.248549
0.252856
0.251642
0.251215
0.249355
0.247221
0.244374
0.241069
0.237245
0.233043
0.420449
0.401085
0.412454
0.399267
0.394598
0.385514
0.377133
0.367282
0.356955
0.345986
0.334819
0.323095
0.310919
0.298355
0.285480
0.272361
0.259066
27.736982
0.247073
0.235332
0.220578
0.207263
0.539384
0.483067
0.505037
0.464371
0.451313
0.425001
0.408154
0.388155
2.049302
2.774698
2.804132
2.748311
2.649515
2.561694
2.462735
2.365803
2.260855
2.152030
2.039006
1.923440
1.805895
1.687356
1.568516
1.450123
1.333281
1.218071
1.105096
0.994809
0.887582
0.841012
0.799537
0.702498
0.624485
0.549051
0.475299
0.402665
0.334922
0.270395
0.210101
0.178067
0.166693
0.388398
0.355245
0.372895
0.349433
0.343622
0.328942
0.317752
0.304003
0.290949
0.276760
0.262538
0.247960
0.233325
0.218609
0.203932
0.593644
0.529917
0.557268
0.511670
0.498056
0.469156
0.446848
0.769757
0.699922
0.707791
0.653211
0.626081
0.585663
0.551040
0.513023
0.476267
0.442456
0.412662
0.379927
0.389516
0.934917
0.806886
0.843104
0.742345
0.712209
0.646465
0.601303
0.667687
0.597905
0.579756
0.697760
0.652849
0.614425
0.567119
0.525725
0.483422
0.443163
0.405528
0.461368
0.424832
0.929268
0.831028
0.856562
0.940458
0.893955
0.862522
0.813122
0.780592
0.743226
0.706419
0.668599
0.630431
0.591554
0.552686
0.515658
0.478570
0.441585
0.404901
0.368676
0.333065
1.273970
1.167802
1.220301
1.150630
1.126676
1.159567
1.238636
1.194480
1.432328
1.388710
1.365059
1.307882
1.260787
1.206156
1.154573
1.252206
1.177923
1.138683
1.068500
1.011176
0.946453
0.884756
0.821153
0.758595
0.696053
0.634622
0.573933
0.514578
0.456623
0.400339
0.513120
0.431110
0.401645
0.333591
0.288283
0.417085
0.339674
0.330975
0.923942
0.796951
0.845904
0.746904
0.723143
0.780848
0.728174
0.691238
0.640636
0.596336
0.575891
0.526691
0.485429
0.439101
0.397094
0.354871
0.315088
0.295685
0.256948
0.227156
0.194622
0.165891
0.137757
0.112947
0.091585
0.071781
0.053281
0.042912
0.037331
0.299288
0.261026
0.283180
0.257267
0.252584
0.237820
0.227535
0.219161
0.209325
0.198982
0.188321
0.177380
0.166304
0.155126
0.246676
0.217707
0.219069
0.195612
0.184883
0.167865
0.154690
0.139823
0.126286
0.112555
0.750809
1.249238
1.258765
1.235854
1.197568
1.157191
1.118592
1.078088
1.038641
0.995687
0.951486
0.905354
0.858241
0.810150
0.761570
0.712696
0.663905
0.617064
0.570522
0.533589
0.487128
0.443593
0.402169
0.359714
0.318691
1.625550
1.418699
1.519875
1.378694
1.344693
1.259974
1.258508
1.188454
1.129276
1.060486
0.993905
0.925445
0.866287
0.811074
0.755681
0.700296
0.802547
0.721093
0.686623
0.615134
0.564103
0.504546
0.452049
0.398303
0.347994
0.298965
0.252594
0.619881
0.918978
0.854603
1.410039
1.272813
1.295575
1.198669
1.155121
1.084782
1.025937
0.959966
0.896548
0.831641
0.767874
1.218094
1.067529
1.069930
0.971132
0.912334
0.828480
0.760450
0.803466
0.715240
0.661311
0.582576
0.520069
0.454000
0.506848
0.448223
0.415031
0.364643
0.324462
0.480443
0.407325
0.401214
0.467204
0.423119
0.401320
0.359518
0.329082
0.294406
0.267561
0.244884
0.223691
0.202630
0.182371
0.162628
0.143681
0.127442
0.111903
0.097031
0.205888
0.183297
0.310454
0.284026
0.284913
0.267604
0.257578
0.246592
0.239557
0.232043
0.224553
0.218164
0.211221
0.203739
0.195804
0.187472
0.178805
1.593479
1.404697
1.536677
1.411040
1.397345
1.328634
1.282569
1.221031
1.162709
1.099455
1.035977
0.970772
0.905255
0.839396
0.773808
0.708750
0.644605
0.581649
0.520165
0.798945
0.683399
0.669924
0.579034
0.531705
0.464911
0.412040
0.354909
0.303429
0.252509
0.205101
0.161497
0.146687
0.132120
0.118100
0.104555
0.091601
0.079240
0.068402
0.057272
0.046961
0.037222
0.028211
0.019866
0.012204
0.005204
0.000792
0.000771
0.000747
0.000722
0.000695
0.000666
0.000636
0.000605
0.000573
0.000540
0.000507
0.000474
0.000440
0.000406
0.000373
0.000340
0.000307
0.000275
0.000243
0.000213
0.241991
0.199580
0.228176
0.198031
0.197382
0.181280
0.173485
0.160980
0.150819
0.139334
0.128620
0.550621
0.485976
0.575146
0.523100
0.529727
0.496716
0.478004
0.450697
0.666065
0.597806
0.600503
0.544564
0.518133
0.476552
0.443618
0.406490
0.376354
0.345241
0.315240
2.472557
2.266382
2.439706
2.260633
2.223748
2.118764
2.040531
1.943593
1.849575
2.192786
2.031385
1.974013
1.837201
1.740710
1.624928
1.518730
1.562215
1.439138
1.870881
1.826687
1.859624
1.727350
1.629150
2.969032
2.793727
2.825103
2.684388
2.619148
2.510623
2.423189
2.317251
2.218375
2.111158
2.006546
1.898303
1.791325
1.684945
1.586320
1.489362
1.393054
1.301468
1.211907
1.123027
1.376381
1.270421
1.220826
1.128701
1.063373
0.986860
0.931775
0.856220
0.788008
0.715442
0.646583
0.578045
0.522513
0.467042
0.412658
0.358947
0.306355
0.254788
0.204475
0.155426
0.107779
0.068251
0.056150
0.125895
0.107576
0.105708
0.090266
0.081717
0.147459
0.901189
0.809920
0.874092
0.808043
0.797842
0.760344
0.733550
0.699014
0.665720
1.187230
1.136583
2.544300
2.324445
2.449024
2.299718
2.268856
2.175371
2.275774
2.174381
2.103334
3.331646
3.004819
3.061661
2.795719
2.689836
2.499953
3.414582
3.165390
3.100878
2.896514
2.746401
2.573857
2.410789
2.243939
2.080009
1.917111
1.757226
1.600336
1.450250
1.305054
1.164087
1.027705
0.911705
0.811245
0.985887
0.874510
0.836485
0.886234
0.821407
0.779739
0.715696
0.663158
0.605229
0.551203
0.499807
0.450444
0.401582
0.354191
0.308017
0.263433
0.220445
0.179229
0.142035
0.128169
0.264168
0.239596
0.239777
0.221616
0.210905
0.197542
0.185504
0.174191
0.164456
0.236559
0.214413
0.215148
0.198601
0.190301
0.179543
0.169757
0.159703
0.152146
0.144287
0.136341
0.128252
0.120120
0.111945
0.103787
0.095662
0.087614
0.079663
1.127068
0.981736
1.080207
0.982834
0.972353
0.919262
0.884755
0.838307
0.795083
1.247066
1.229178
1.307578
1.276364
1.312151
1.287131
1.380884
1.343281
1.647783
1.862841
1.850200
1.861696
1.832563
1.818867
1.793096
1.768845
1.739439
1.708171
1.674951
1.984622
1.903663
1.898385
1.828950
1.785001
1.726363
1.671896
1.612628
1.553264
1.492128
1.430615
1.759836
1.666278
1.635766
1.555527
1.493281
1.422696
1.358347
1.461262
1.367055
1.322070
1.235900
1.169978
1.092952
1.021480
0.946755
0.873841
0.800392
0.728031
0.656220
0.587233
0.524249
0.462084
0.400832
0.340672
0.281721
0.224108
0.173307
0.129889
0.102593
0.085407
0.069057
0.053471
0.038731
0.024821
0.014087
0.004506
0.000177
0.000168
0.000159
0.000149
0.000140
0.000130
0.000121
0.000111
0.000102
0.000092
0.000083
0.000074
0.000066
0.000058
0.255674
0.240643
0.263358
0.243807
0.241235
0.230210
0.703939
0.632306
0.669751
0.645978
0.630075
0.601305
0.575332
0.546163
0.517086
0.486829
0.456327
0.425456
0.394582
0.363812
0.464475
0.424733
0.406785
0.372994
0.346027
0.317127
0.289850
0.597370
0.529137
0.537044
1.680172
11.428617
1.559155
1.383912
1.351314
1.243950
1.181348
1.101116
1.031932
0.956124
0.884310
0.811649
0.741126
0.671584
0.604170
0.538727
0.475735
0.415271
0.357571
0.302732
0.250876
0.202063
0.156346
0.113740
0.229139
0.180647
0.163877
0.149567
0.149919
0.147168
0.145177
0.216129
0.203437
0.206930
0.196697
0.191947
0.184054
0.177086
0.169098
0.161096
0.152689
0.144153
0.135442
0.126657
0.117824
0.109001
0.395475
21.968426
0.547595
0.535695
0.508496
0.487572
0.462914
0.439002
0.413559
0.440971
0.408191
0.387296
0.356773
0.331547
0.307377
0.284734
0.262732
0.241143
0.219742
0.198794
0.178312
0.158415
0.139157
0.120608
0.102816
0.085830
0.069682
0.054403
0.040012
0.026525
0.017114
0.011455
0.009734
0.008092
0.006532
0.005058
0.003671
0.002373
0.001164
0.000043
0.000000
0.000000
0.000000
0.361734
0.316400
1.326868
2.305309
2.315290
2.318070
2.260434
2.213049
2.157375
2.095148
2.027347
1.953625
1.875634
1.940260
1.836724
1.763643
1.662150
1.570846
1.473105
1.682237
1.546453
1.480421
1.359784
1.264572
1.159181
1.060690
0.961191
0.864980
0.951421
0.837629
0.767367
0.674002
0.605689
0.544477
0.487666
0.430583
0.477062
0.410800
0.369386
0.311551
0.284776
0.259476
0.236445
0.410426
0.374915
0.532639
0.477400
0.478932
0.437855
0.419623
0.394762
0.375361
0.352488
0.331062
0.308674
0.286820
0.264888
0.243379
0.222178
0.347002
0.319205
0.331120
0.308303
0.481998
0.449933
1.283008
1.155889
1.227038
1.143379
1.125935
1.075008
1.036966
0.991477
0.947758
0.900492
0.970216
0.905819
0.867399
0.807166
0.759043
0.707819
0.658616
0.608503
0.559249
0.510372
0.462442
0.478549
0.421798
0.384919
0.334239
0.292876
0.249218
0.209542
0.170524
0.134053
0.099590
0.396514
0.395754
0.413397
0.369510
0.382664
0.708087
0.665270
0.671744
0.637206
0.617641
0.593204
0.570041
0.544991
0.902836
0.857332
0.861431
0.826349
0.805636
0.778401
0.752065
0.723325
0.693109
0.662181
0.629760
0.596810
0.563024
0.528910
0.494437
0.699939
0.872148
0.880545
0.883040
0.864183
0.839042
0.814401
0.786376
0.758680
0.728965
1.455561
1.364939
1.397045
1.333223
1.430615
1.389134
1.370671
1.330157
1.295582
1.253680
1.211815
1.166304
1.119674
1.070922
1.021101
0.970015
0.918209
0.865750
0.812982
0.760052
0.708456
0.661096
0.613725
0.566506
0.574183
0.523631
0.482537
0.742854
0.706839
0.685194
0.654542
0.625142
0.597179
0.567895
0.540184
0.511722
0.494805
0.624272
0.605523
0.607446
0.590400
0.581849
0.567883
0.556325
0.542275
0.528767
0.514057
0.499316
0.483930
0.468366
0.452430
0.436322
0.420001
0.403564
0.387021
0.433287
0.405725
0.396621
0.372296
0.355699
0.335200
0.318183
0.302442
0.284814
0.267248
0.249749
0.232390
0.215237
0.198278
0.181564
0.165103
0.148923
0.133036
0.121103
0.109845
0.098589
0.087816
0.077314
0.376002
0.360477
0.377736
0.370822
0.374596
0.375153
0.375888
0.375258
0.373953
0.371734
0.368757
0.366911
0.364956
0.362552
0.359647
0.455843
0.439431
0.715857
0.669431
0.691398
0.660168
0.651393
0.630686
0.614118
0.593894
0.587574
0.565157
0.544521
0.521453
0.498626
0.475140
0.463434
0.439090
0.417122
0.393082
0.391159
0.363955
0.343352
0.317727
0.295035
0.271321
0.248756
0.655318
0.580637
0.602862
0.548469
0.529830
0.495033
0.498990
0.473029
0.454470
0.428846
0.809493
0.762228
0.770135
0.729105
0.704685
0.672638
0.642302
0.609922
0.582166
0.840501
0.747310
0.743886
0.666391
0.627452
0.569645
0.523562
0.609332
0.902684
0.833728
0.883508
0.809740
0.775319
0.725425
0.685000
0.640088
0.597247
0.553660
0.510974
1.197072
1.029913
1.077102
0.954639
0.925252
0.849991
0.800149
1.288758
1.194355
1.185384
1.109636
1.131205
1.061130
1.011117
0.946159
0.956117
0.886471
1.312677
1.188552
1.239140
1.279741
1.215508
1.201321
1.128189
1.064374
0.998351
0.935205
0.878326
0.826901
0.774825
0.722415
0.670008
0.617838
0.566189
0.515271
0.539353
0.478858
0.439849
0.385730
0.341245
0.294310
0.272523
0.230594
0.200508
0.174943
0.151736
0.130057
0.109907
0.097543
0.384216
0.373615
0.389560
0.372999
0.366272
0.369176
0.357764
0.347457
0.334407
0.321584
0.307591
0.293372
0.279290
0.292301
0.276912
0.265168
0.249968
0.391797
0.349636
0.353593
0.319446
0.304719
0.280229
0.261211
0.239538
0.219941
0.199741
0.180329
0.161091
0.142479
0.124357
0.106891
0.090449
0.074743
0.059741
0.045482
0.034885
0.028963
0.023548
0.023676
0.018292
0.053595
0.046135
0.045874
0.043386
0.042662
0.041661
0.040576
0.039370
0.037983
0.036515
0.034918
0.033247
0.031493
0.029684
0.027826
0.025937
0.024027
0.022127
0.020299
0.018466
0.016708
0.014986
42.155058
0.011716
0.010166
0.084441
0.077116
0.082143
0.077658
0.076803
0.074601
0.073287
0.071494
0.083887
0.081184
0.080101
0.077473
0.075166
0.266438
0.250149
0.330209
0.297645
1.315613
1.216360
1.292262
1.233977
1.224878
1.202897
1.176674
1.144143
1.109507
1.071978
1.032206
0.990546
0.947213
7.555149
0.856980
7.499442
0.763775
0.716707
0.720452
3.298868
2.922958
2.981929
2.711608
2.576119
2.394113
2.233719
2.064965
1.900712
1.737057
1.577150
1.419818
1.265921
1.370151
1.192153
1.076182
0.974331
1.630406
1.384528
1.369761
1.236525
1.127038
0.987012
0.894594
0.841883
0.793855
0.743336
0.740816
0.685389
0.641475
0.589691
0.542759
0.495206
0.449875
0.405606
0.363177
0.322407
0.283543
0.799617
0.693745
1.665222
1.517140
1.568535
1.482933
1.467579
1.425723
1.389800
1.345732
1.413207
1.368383
1.328483
1.268423
1.214682
1.156429
1.098595
1.038635
0.978285
0.917280
0.856407
0.795609
0.735236
0.677844
0.629909
0.571016
0.515535
0.485802
0.427803
0.378863
1.038933
0.928844
0.957712
0.878247
1.023568
0.946855
0.919425
0.854801
0.806018
0.767138
0.734346
0.700524
0.666531
0.631194
0.595347
0.558946
0.522342
0.485732
0.449747
0.414269
0.480068
0.432777
0.408978
0.367826
0.335619
0.300732
0.284895
0.252008
0.223049
0.192991
0.251451
0.580445
0.524191
0.538275
0.494491
0.479605
0.488986
0.469203
0.454094
0.432825
0.483812
0.453403
0.439014
1.325067
1.143393
1.227047
1.090001
1.063698
0.979430
0.926620
0.857132
0.798037
0.734318
0.718348
0.650669
0.596934
0.534783
0.479372
0.498985
0.774145
0.671427
0.660278
0.580507
0.541902
0.622708
0.567353
0.530814
0.591752
0.611923
0.571766
0.549193
0.527354
0.503093
0.477740
0.452037
0.426020
0.399936
0.373857
0.347945
0.428724
0.396460
0.381285
0.353828
0.338041
0.312990
0.290548
0.371425
0.330430
0.321310
0.289604
0.270667
0.259556
0.301666
0.277027
0.260622
0.239751
0.221645
0.205169
0.189525
0.173875
0.159800
0.146217
0.334903
0.288336
0.401168
0.354570
0.354917
0.324844
0.309687
0.287281
0.273948
0.284823
0.271346
0.263216
0.281801
0.267674
0.259079
0.245266
0.233300
0.220162
0.207250
0.194029
0.180814
0.167581
0.154734
0.141969
0.129346
0.117834
0.106479
0.095431
0.084604
0.074073
0.063840
0.055036
0.056507
0.049025
0.044301
0.038014
0.034358
0.030724
0.027238
0.023853
0.020613
0.017502
0.014535
0.012049
0.112948
0.094287
0.142940
0.124817
0.127603
0.117109
0.113072
0.105608
0.301799
0.279555
0.290315
0.290505
0.282400
0.274397
0.264010
0.254323
0.243513
0.232728
0.221406
0.209981
0.198322
0.186607
0.174837
0.163102
0.151436
0.139898
0.128525
0.118569
0.109273
0.100073
0.771573
0.716472
0.780237
0.743100
0.740170
0.720236
0.704836
0.684570
0.663608
0.640444
0.616024
0.930722
0.860891
0.866940
0.812463
0.786800
0.747303
0.712699
0.674004
0.635822
0.596325
0.556759
0.516939
0.477254
0.437777
0.398749
0.360310
0.322627
0.285834
0.250152
0.215609
0.182281
0.150266
0.119900
0.090945
0.063451
0.040615
0.031210
0.022367
0.014095
0.006397
0.133369
0.116775
0.130204
0.237468
0.585456
0.544869
0.572056
0.538555
0.530913
0.509554
0.493051
0.472268
0.451819
0.429774
0.407355
0.384244
0.360850
0.337214
0.427749
0.457503
0.542452
0.498275
0.482238
0.441985
0.414394
0.380552
0.350575
0.319065
0.289127
1.090592
0.917156
1.118850
1.077356
1.047142
0.973219
29.377818
0.856491
0.797891
0.737306
0.756050
0.689681
0.642391
0.582117
0.529550
0.475663
0.424949
0.375450
0.330057
0.286594
0.247959
0.212145
0.178294
0.146426
0.116583
0.102779
0.778768
0.714257
0.765345
0.752410
1.161903
1.073965
1.269300
1.217157
1.245890
1.216584
1.208731
1.184532
1.168380
1.141325
1.115290
1.086428
1.056612
1.052391
1.014191
0.982676
0.961345
0.922100
0.897425
1.148963
1.109724
1.455869
1.361864
1.387595
1.317936
1.296972
1.293900
1.261863
1.229356
1.192475
1.154966
1.116351
1.076625
1.036281
0.995162
0.953922
0.912322
0.870570
0.987354
0.925414
1.524696
1.461606
1.474188
1.383503
1.521417
1.439113
1.392452
1.319659
1.260408
1.423720
1.330324
1.286301
1.200304
1.131548
1.532356
1.441361
1.410954
1.322985
1.255538
1.179169
1.110756
1.034776
1.051214
0.964486
0.899326
0.858499
0.799390
0.746700
0.692093
0.665168
0.610830
0.575029
0.535876
0.500290
0.463252
0.427466
0.391584
0.356530
0.321989
0.288320
0.257241
0.232018
46.480310
0.369922
0.314313
0.314030
0.269345
0.248155
0.215934
0.191057
0.195195
0.234198
0.219250
0.210128
0.196122
0.218405
0.204873
0.196050
0.183528
0.172970
0.161475
0.150779
0.139825
0.129378
0.118976
0.108994
0.100615
0.090988
0.082066
0.073250
0.068263
0.063576
0.058967
0.054393
0.049898
0.045481
0.041172
0.037000
0.032939
0.090493
0.077252
0.112681
0.100423
0.100332
0.091684
0.086961
0.080285
0.075381
0.070370
44.518376
0.060787
0.056322
0.561156
0.350364
0.413285
0.352530
0.357743
0.332365
0.320741
0.301535
0.285207
0.267084
0.395544
0.352053
0.351644
0.315842
0.309990
0.283240
0.263345
0.239863
0.219051
0.315368
0.275554
0.270036
0.236836
0.218508
0.193490
0.173263
0.151593
0.131898
0.112439
0.145539
0.132212
0.127615
0.116710
0.126701
0.115696
0.388657
0.591027
0.587205
0.573658
0.547435
1.077022
1.188261
1.197169
1.164769
1.134356
1.660807
1.556089
1.574910
1.665139
1.597627
1.556511
1.491508
1.436792
1.365176
1.304630
1.233566
2.787086
2.545834
2.634843
3.964717
35.853631
3.714419
3.484555
3.360175
3.181687
3.023004
2.849093
2.677512
2.508782
2.333938
2.159269
1.985797
1.816295
1.649681
1.486541
1.328885
1.185397
1.062043
0.943327
0.828672
0.718412
0.612817
0.512132
0.416564
0.326766
0.242235
0.166448
0.123760
0.083753
0.050053
0.331973
0.291663
0.317821
0.294637
0.294074
0.282351
0.275104
0.264652
0.254752
0.243762
0.526324
0.720271
0.705887
0.819107
0.773933
0.765496
0.729330
0.703849
0.671347
0.640437
0.607219
0.573918
0.539821
0.505607
0.471263
0.437084
0.403195
0.369778
0.336967
0.304898
0.273684
0.246413
0.222504
0.820350
0.719593
0.759635
0.728863
0.707012
0.665157
0.631819
0.593245
0.558083
0.525805
0.593699
0.556743
0.535985
0.505318
1.249663
1.127247
1.346940
1.229068
1.221188
1.142898
1.097409
1.033121
0.976704
0.974383
0.906899
0.851574
0.810639
0.747419
0.688483
0.627230
0.568958
0.523311
0.478654
0.434683
0.391845
0.350192
0.309883
0.271009
0.233689
0.197997
0.245753
0.204465
0.631073
0.539171
0.557735
0.503541
0.493295
0.467666
0.449572
0.426529
0.404629
0.381182
0.357767
0.334196
0.311414
0.330068
0.302963
0.356870
0.321030
0.309291
0.279671
0.259609
0.235295
0.214091
0.192070
0.171435
0.151108
0.131767
0.113129
0.096817
0.082094
0.648133
0.564482
0.619172
0.569059
0.564535
0.537643
0.527337
0.502482
0.480595
0.541931
0.506281
0.489135
0.456293
0.431104
0.402703
0.385616
0.359635
0.899314
0.829573
0.851877
0.803231
0.781304
0.747881
0.718060
0.685395
0.806476
0.753444
0.734897
0.688513
0.654080
0.613895
0.584648
0.556520
0.528349
0.499381
0.470240
0.440872
0.411638
0.382554
0.353843
0.327083
0.300672
0.274711
0.249298
0.337386
0.293704
0.283900
0.247528
0.225781
0.197749
0.174546
0.150135
0.127820
0.112039
0.103861
0.096641
0.091912
0.087220
0.082665
0.236267
0.211736
0.422142
0.389945
0.402639
0.408174
0.397541
0.388069
0.374299
0.361740
0.347473
0.333328
0.319760
0.306480
0.292652
0.278550
0.264169
0.249647
0.235036
0.220426
0.205879
0.326845
0.289252
0.291566
0.261303
0.247819
0.226035
0.253647
0.378558
0.354029
0.351296
0.333800
0.322617
0.309143
0.296419
0.283151
0.269917
0.604539
0.548365
0.574969
0.538534
0.529270
0.795746
0.741907
0.749467
0.705467
0.683040
1.205088
1.214764
1.231600
1.165786
1.128952
1.075529
1.028326
0.975679
0.923708
0.906385
0.850671
0.799398
0.744719
0.722651
0.665893
0.686066
0.620602
0.585321
0.530102
0.486141
0.438122
0.398269
0.361123
0.325923
0.291523
0.259059
0.233090
0.208177
0.184414
0.161739
0.140276
0.141923
0.137747
0.129411
0.120196
0.111404
0.102807
0.102583
0.096133
0.091687
0.085984
0.081117
0.138920
0.129456
0.862942
0.765090
0.837444
0.774395
0.770831
0.737482
0.716660
0.728415
0.693646
0.797833
0.752458
1.092540
1.007395
1.010471
0.944895
0.908751
1.011573
0.947347
0.913914
0.958905
0.892216
0.850892
0.786840
0.734615
0.676962
0.623445
0.569020
0.522686
0.470446
0.421370
0.372747
0.339174
0.329643
0.297864
0.270189
0.240922
0.213710
0.187104
0.161844
0.137609
0.114635
0.092830
0.079215
0.066300
0.054050
0.042454
0.035073
0.387865
0.357601
0.385336
0.368142
0.367338
0.358858
0.352136
0.893048
0.841062
0.877062
0.842807
0.833174
0.938951
0.911607
1.178919
1.109324
1.109151
1.052708
1.018541
0.996187
0.948275
0.903599
0.852881
0.861726
0.800344
0.756382
0.697805
0.646695
0.592159
0.540321
0.488197
0.437682
0.388039
0.339942
0.293275
0.248320
0.207946
0.174412
0.142312
0.111723
0.082692
0.055262
0.030355
0.012667
0.473057
0.411420
0.455435
0.415388
0.412225
0.391216
0.378791
0.361335
0.344956
0.326970
0.308906
0.290259
0.296453
0.274442
0.258087
0.237332
0.218764
0.199542
0.181111
0.218089
0.193371
0.181621
0.160508
0.144399
0.126863
0.423957
0.354171
0.376999
0.324447
0.310711
0.281491
0.268661
0.399808
0.372216
0.367235
0.344282
0.327953
0.308940
0.290906
0.272420
0.262870
0.244287
0.227139
0.209702
0.193171
0.176935
0.161427
0.146125
0.131432
0.117721
0.105196
0.093177
0.084213
0.078329
0.072456
0.066615
0.060832
0.055128
0.049524
0.044038
0.038687
0.033488
0.028453
0.429818
0.374500
0.410843
0.373928
0.369105
0.349754
0.549909
0.508627
0.515635
0.483076
0.466923
0.442045
0.552698
0.511398
0.826922
0.766094
0.768824
0.725098
0.698966
0.664578
0.632518
0.598334
0.771831
0.721247
1.984543
1.718116
1.837117
1.641130
1.710268
1.575687
1.691825
1.555716
1.495511
1.581215
1.494134
1.420610
1.333705
1.252834
1.172416
1.167434
1.079397
1.008131
0.925665
0.851345
0.775776
0.703071
0.632623
0.563299
0.496285
0.431555
0.371542
0.319222
0.269202
0.222749
0.194663
0.168070
0.142144
0.120597
0.100843
0.087823
0.075510
0.184031
0.163678
0.396438
0.340434
0.359174
0.320250
0.316183
0.318832
0.303138
0.289130
0.271749
0.255613
0.238645
0.222092
0.205408
0.190181
0.175178
0.160468
0.146063
0.132050
0.183100
0.232889
0.217810
0.207584
0.190155
0.176391
0.161498
0.147624
0.134531
0.125105
0.115582
0.106133
0.216968
0.191730
0.195115
0.176072
0.167476
0.156671
0.148147
0.138310
0.128989
0.119376
0.109959
0.100577
0.102166
0.091257
0.083757
0.073902
0.065661
0.057053
0.357180
0.297323
0.648301
0.581284
0.653334
0.612899
0.605837
0.579328
0.560407
0.536274
0.513437
0.488634
0.463912
0.438414
0.412884
0.387135
0.361500
0.335939
0.310672
0.530232
0.486767
0.483651
0.450225
0.428716
0.403254
0.383305
0.397621
0.373527
0.356863
0.429944
1.012772
0.954870
0.983822
0.940042
0.923007
0.893471
0.866337
0.835146
0.807156
0.883687
0.851376
0.831756
0.799040
0.769514
0.736517
0.704659
0.669657
0.634467
0.598165
0.635694
0.589571
0.560075
0.517203
0.480363
0.440989
0.403265
0.365323
0.328249
0.291720
0.256076
0.221320
0.187602
0.155546
0.124976
0.096473
0.072941
0.051400
0.042977
0.036623
0.030539
0.043504
0.034773
0.032571
0.027818
0.025466
0.022038
0.019383
0.016529
0.317196
0.261022
0.295173
0.256113
0.254161
0.252801
0.239569
0.224970
0.610195
0.545295
0.570999
0.524099
0.509013
0.478642
0.455039
0.427445
0.401207
0.374038
0.347304
0.320876
0.308562
0.282270
0.258360
0.233719
0.210288
0.660976
0.581129
0.612281
0.558179
0.541783
0.507591
0.481469
0.450759
0.421698
0.391585
0.361998
0.332709
0.304019
0.275931
0.253439
0.233916
0.214572
0.195495
0.176789
0.158528
0.140786
0.123623
0.107094
0.091244
0.076113
0.061730
0.048121
0.035302
0.023287
0.012081
0.001980
0.001559
0.001153
0.000764
0.008603
0.007231
0.008038
0.007358
0.007326
0.128766
0.113339
0.125250
0.115153
0.268467
0.244170
0.256396
0.239460
0.266268
0.251341
0.262071
0.248198
1.240119
1.103435
1.193957
1.122694
1.105847
1.055694
1.016418
0.968464
0.921394
0.871426
0.820877
0.769284
0.717392
0.665399
0.613794
0.562689
0.512355
0.463020
0.414898
0.370131
0.327164
0.285698
0.245859
0.209656
0.176198
0.144372
0.114235
0.086313
0.060516
0.036413
0.014366
0.003466
0.002931
0.002413
0.001911
0.001428
0.000963
0.000519
0.000094
0.043731
0.040417
0.081910
0.077242
0.080694
0.078426
0.078102
0.078545
0.077112
0.075527
0.073586
0.071477
0.069167
0.066694
0.064071
0.061323
0.058467
1.155215
1.066394
1.158336
1.108929
1.111368
1.089171
1.072701
1.048680
1.022968
0.993549
0.961736
0.927417
0.910626
0.873028
0.834872
0.792622
0.751677
0.707955
0.664312
0.619925
0.576619
0.533470
0.491216
0.449289
0.407904
0.367193
0.327311
0.308165
0.267841
0.233149
0.196169
0.162588
0.129993
0.099124
0.175607
0.128871
0.116821
0.464458
0.399190
0.433584
0.383922
0.376597
0.347154
0.329626
0.305437
0.346715
0.319447
0.303471
0.287453
0.266082
0.245596
0.224727
0.204779
0.185257
0.166506
0.148437
0.131169
0.114706
0.099399
0.085007
0.071641
0.060762
0.050542
0.040981
0.038122
0.035465
0.032812
0.030173
0.027562
0.024986
0.022458
0.023810
0.021196
0.019155
0.016803
0.043435
0.037728
0.044511
0.039833
0.038463
0.035265
0.032962
0.031556
0.030372
0.028998
0.027640
0.026200
0.024752
0.158695
0.137093
0.150729
0.135438
0.134055
0.125453
0.120499
0.113353
0.107141
0.100279
0.093690
0.086952
0.080355
0.073802
0.067395
0.061126
0.055038
0.050591
0.045645
0.040787
0.039138
0.034660
0.030749
0.624576
0.517663
0.756243
0.649947
0.667478
1.042623
0.989275
0.986497
0.922579
0.881086
0.828798
0.780476
0.729614
0.679450
0.629697
0.580698
0.532363
0.493513
0.445844
0.402053
0.357740
0.316147
0.275810
0.329269
0.295035
0.267084
0.238272
0.215830
0.203461
0.187524
0.172874
0.158165
0.301969
0.297890
0.295585
0.278737
0.273526
0.611611
0.545724
0.579892
0.529874
0.521127
0.489831
0.469878
1.153930
1.039756
1.083743
0.999905
0.971523
0.916107
0.872138
0.820902
0.771701
0.984782
0.920346
0.890504
0.834472
0.787746
0.737843
0.689418
0.640887
0.593085
0.546221
0.501878
0.590743
0.533058
0.564745
0.505817
0.479500
0.435765
0.403435
0.429097
0.384806
0.358221
0.862059
1.180379
1.244929
1.208121
1.185080
1.133744
1.086210
1.259876
1.166838
1.138278
1.053974
0.996586
1.510535
1.400290
1.381174
1.290867
1.227324
1.155079
1.086913
1.294933
1.183518
1.157579
1.424108
1.297457
1.260822
1.147113
1.175440
1.070283
1.000638
0.909469
0.831421
0.759047
0.696499
0.695693
0.633372
0.585448
0.525982
0.475335
0.422266
0.373028
0.324420
0.278352
63.278785
0.220401
0.176234
0.142984
0.109000
0.081018
0.062455
0.055997
0.049237
0.043011
0.036902
0.031161
0.025675
0.020523
0.015675
0.012191
0.009871
0.013589
0.012315
0.011858
0.010847
0.216727
0.180267
0.204405
0.189906
0.187593
0.174665
0.166722
0.155973
0.146750
0.136531
0.126801
0.116854
0.107181
0.097605
0.088303
0.079249
0.070519
0.080480
0.071084
0.082644
0.072512
0.067595
0.059519
0.056750
0.050611
0.044918
0.039576
0.036090
0.034707
0.180377
0.160066
0.172951
1.370219
1.724457
1.813286
1.754472
1.726625
1.674153
1.751776
1.855112
1.858221
2.016643
1.935392
1.880244
1.798449
1.721742
1.639791
1.556378
1.471115
1.384600
1.297740
1.210734
1.124040
1.037962
0.953295
0.870043
0.788474
0.731056
0.653738
0.581222
0.534089
0.571968
0.500837
0.461637
0.552511
0.491685
0.503292
0.447375
0.413959
0.368661
0.595993
0.638649
0.667752
0.628669
0.619450
0.591832
0.578008
0.559742
0.546119
0.528313
0.511767
0.495462
0.477633
0.458157
0.439153
0.550392
0.554742
0.566879
0.537906
0.515455
0.801681
0.764249
0.768094
0.732763
0.712164
0.685037
0.660029
0.633400
0.609149
0.584568
0.562586
0.539795
0.519917
0.499863
0.479834
0.471595
0.450813
0.627352
0.581780
0.580962
0.544554
0.524611
0.498680
0.475906
0.451056
0.426778
0.401972
0.686375
0.637432
0.641555
0.593428
0.567617
0.531510
0.515796
0.481467
0.451126
0.419434
0.395224
0.370693
0.468355
1.358705
1.228285
1.291366
1.193586
1.166648
1.105291
1.170706
1.102227
1.064174
1.003132
0.950912
0.893482
0.837889
0.805865
0.748117
0.695338
0.639227
0.587727
0.540502
0.494647
0.449736
0.478939
0.427207
0.393386
0.347917
0.309853
0.270704
0.234517
0.199382
0.166289
0.142337
0.130166
0.118279
0.106762
0.095969
0.086297
0.079970
0.075054
0.070387
0.065874
0.061438
0.057163
0.235538
0.208913
0.223750
0.205933
0.202538
0.192198
0.506428
25.782036
0.473638
0.425714
0.417355
1.823697
1.551466
2.092917
1.839939
1.948894
1.795467
1.736439
1.623272
1.535364
1.432916
1.337645
1.238922
1.143431
1.048342
0.955983
0.865709
0.778529
0.694329
0.613551
0.544305
1.252783
1.084122
1.097788
0.976350
0.919783
0.836550
0.777120
0.730111
0.767556
0.718467
0.743107
1.074136
1.064528
1.076910
1.073202
1.070207
1.066318
1.058247
1.048829
1.036574
1.022725
1.006652
1.008461
0.986477
0.967345
0.943105
0.919019
0.892835
0.865766
0.837397
0.808187
0.777977
0.774582
0.740664
0.710602
0.676505
0.643233
0.609319
0.575398
0.541117
0.920185
0.873228
34.194795
0.993429
0.997172
0.958055
0.940983
0.936593
0.915573
0.895889
0.871215
0.845400
0.818907
0.791564
1.243452
1.133771
1.383037
1.268335
1.259662
1.181285
1.161770
1.097975
1.183451
1.148203
2.249944
2.072583
2.148826
2.020832
1.981895
1.900823
1.838046
1.764045
1.693979
1.624183
1.555398
1.486251
1.428700
1.363808
1.298537
1.235978
1.185751
1.132355
1.082490
1.032023
0.984047
0.993422
0.942208
0.909021
0.867247
0.847994
0.809100
0.778057
0.744011
0.713747
0.683850
0.668288
0.662872
0.844975
0.825373
0.837738
0.844348
0.836717
0.828545
0.929984
0.932108
0.926836
0.925824
0.921340
0.917481
0.912054
0.906300
0.899590
0.892309
0.884369
0.875882
0.866851
0.858420
0.868913
0.858062
0.849930
0.838976
1.326778
1.254452
1.365212
1.318416
1.316937
1.290830
1.330506
1.297925
1.283488
1.253080
1.241998
1.216604
1.193308
1.171005
1.149833
1.127906
1.105755
1.083300
1.060755
1.038164
1.015654
0.993289
1.073536
1.043946
1.031272
1.006058
0.985973
0.964135
0.943282
0.922265
0.901611
0.886738
0.876007
2.225293
2.111161
2.216742
2.150066
2.145355
2.110715
2.082211
2.044260
2.003695
1.958252
1.909460
1.857247
1.802579
1.745665
1.686585
1.625704
1.563927
1.756525
1.725035
1.680867
2.176673
2.037549
2.025705
1.907843
1.834487
1.740018
1.656256
1.566803
1.479949
1.392056
1.305072
1.218595
1.133355
1.050054
0.968839
0.889961
0.813282
0.768071
0.725051
0.682778
0.641383
0.600978
0.561665
0.523528
0.486639
0.451059
0.416840
0.384013
0.355600
0.329873
0.305522
0.288981
0.329202
0.308614
0.303338
0.286773
0.277041
0.264019
0.398879
0.375981
0.376937
0.359249
0.348373
0.334322
0.321056
0.306872
0.292537
0.277803
0.262848
0.247667
0.232812
0.219211
0.205165
0.191749
0.179473
0.167330
0.155214
0.804545
0.708996
0.763498
0.698602
0.686714
0.650151
0.624210
0.591165
0.560739
0.527075
0.493553
0.459246
0.424944
0.390583
0.356467
0.338705
0.303122
0.275437
0.247375
0.222546
0.197429
0.173678
0.150505
0.128434
0.107278
0.087217
0.068211
0.050324
0.033555
0.017924
0.005735
0.005082
0.004456
0.003859
0.003292
0.002756
0.002253
0.001782
0.001344
0.000938
0.000564
0.000222
0.000164
0.102139
0.089496
0.099801
0.091664
0.091518
0.087424
0.084947
0.081339
0.077935
0.075067
0.240832
0.226429
0.236508
0.227323
0.225602
0.421657
0.580149
0.580074
0.574081
0.559630
0.545864
0.530935
0.514552
1.137172
1.036761
1.080081
1.006830
0.983556
0.935167
0.938507
1.204100
1.125641
1.109374
1.039002
0.991116
0.931593
0.876608
0.818562
0.761530
0.704042
0.647277
0.591081
0.535903
0.481875
0.429245
0.378170
0.585215
0.497197
0.486586
0.414485
0.375591
0.323715
0.284615
0.249960
0.226027
0.201296
0.178042
0.155200
0.133473
0.112683
0.093692
0.082326
0.072530
0.063159
0.054253
0.045824
0.037890
0.030458
0.048779
0.039178
0.035774
0.028300
0.023303
0.089036
0.076665
0.084905
0.075608
0.074676
0.901463
0.792023
1.769650
1.631985
1.719903
1.578031
1.542447
1.447659
1.382131
1.297713
1.220852
1.138292
1.058126
0.976887
0.897232
0.818445
0.741548
0.666555
0.593954
0.523911
0.456736
0.393002
0.332993
0.276671
0.223536
0.173662
0.127076
0.083777
0.043751
0.020572
0.007291
0.004991
0.002819
0.000815
0.000085
0.000081
0.000075
0.000071
0.000065
0.000060
0.000055
0.276706
0.242214
0.270451
0.248207
0.247947
0.236764
0.230978
0.221251
0.212234
0.202073
0.191829
0.181145
0.170317
0.159324
0.148290
0.287377
0.265180
0.267397
0.250834
0.241372
0.228914
0.217470
0.205350
0.489467
0.454174
0.466988
0.442435
0.532993
0.498507
0.495363
0.465934
0.451132
0.431511
0.414614
0.395009
0.375917
0.355768
0.335531
0.314885
0.294190
0.273424
0.252762
0.232258
0.212021
0.192158
0.203939
0.185178
0.168575
0.156003
0.138385
0.123079
0.106793
0.371723
0.324626
0.340675
0.306818
0.295296
0.273458
0.256518
0.240229
0.228243
0.215329
0.202411
0.189191
0.175944
0.162663
0.149466
0.136402
0.123870
0.111772
0.099966
0.088497
0.077407
0.066732
0.056596
0.046828
0.037714
0.029555
0.021863
0.014717
0.008046
0.048886
0.142510
0.134287
0.140416
0.131914
0.129581
0.124086
0.140827
0.132755
0.129513
0.122080
0.116228
0.109411
0.106455
0.099201
0.092815
0.085749
0.079037
0.072263
0.065669
0.059180
0.052874
0.046749
0.046174
0.040665
0.036106
0.031182
0.026710
0.022349
0.018266
0.014379
0.012281
0.011617
0.010944
0.010260
0.383913
0.336180
0.372799
0.341707
0.340045
0.324693
0.314514
0.300287
0.286843
0.334272
0.308666
0.300827
0.277723
0.262060
0.242437
0.225024
0.206560
0.744124
0.655436
0.692679
0.629803
0.611334
0.572014
0.542418
1.845452
1.646034
1.746600
1.605849
1.570107
1.676014
1.586778
1.534230
1.449823
2.270546
2.120262
2.116744
1.999054
1.922853
1.827130
1.736531
1.640967
1.545397
1.448599
1.351882
1.255433
1.159850
1.065501
0.977339
0.897063
0.818166
0.740938
0.665641
0.592507
0.521742
0.453522
0.526606
0.507281
0.477606
0.434749
0.396134
0.397441
0.360293
0.329455
0.294662
0.262309
0.230070
0.198989
0.168749
0.139602
0.117033
0.109880
0.102673
0.095459
0.088276
0.081162
0.074150
0.107621
0.095755
0.093181
0.083509
0.077243
0.069660
0.062976
0.056118
0.049625
0.043270
0.038429
0.035387
0.032459
0.029555
0.026696
0.023891
0.318809
0.279472
0.337921
0.309272
0.309456
0.293813
0.284714
0.271491
0.259286
0.245952
0.232679
0.218865
0.204969
0.190918
0.177242
0.164036
0.150919
0.137953
0.125206
0.131511
0.119944
0.110144
0.166491
0.148384
0.145601
0.131153
0.122338
0.511725
0.470790
0.494537
0.468246
0.463489
0.453139
0.444619
0.433388
0.421453
0.408167
0.393984
0.378893
0.363072
0.346612
0.329635
0.312244
0.294543
0.276627
0.258589
0.240516
0.222489
0.204584
0.186873
0.169421
0.152287
0.135529
0.119989
0.105351
0.118277
0.099787
0.089728
0.073577
0.061252
0.287748
0.256869
0.264994
0.248625
2.096142
1.858439
2.038837
1.882840
1.871917
1.788656
1.841414
1.752841
1.691989
1.615333
1.534329
1.448763
1.362044
1.274030
1.185707
1.097397
1.009692
0.968446
0.875474
0.797870
0.711335
0.641230
0.561353
0.487838
0.414988
0.346481
0.280766
0.218800
0.160235
0.105357
0.055257
0.040620
0.032630
0.027392
0.022421
0.017729
0.013321
0.010927
0.315291
0.289505
0.313680
0.299303
0.299224
0.292538
0.288242
0.281944
0.280618
0.279346
0.277655
0.275336
0.272461
0.269053
0.265245
0.261012
0.256315
0.343384
0.321534
0.326408
0.308516
0.301563
0.288418
0.480209
0.462361
0.506356
0.487774
0.488885
0.476064
0.469377
0.458349
0.448653
0.437280
0.452833
0.438699
0.435451
0.420472
0.408493
0.547321
0.529407
0.838227
0.808796
0.829866
0.813888
1.474883
1.381473
1.438681
1.372762
1.358185
1.316036
1.398874
1.342849
1.313629
1.259930
1.214187
1.213320
1.152972
1.105414
1.045052
0.990115
0.931717
0.874972
0.913703
0.845019
0.798331
0.735177
0.680478
0.623232
0.767628
0.704159
0.672989
0.636058
0.592323
0.550276
0.509061
0.478546
0.448941
0.418862
0.389728
0.360556
0.333304
0.311374
0.294243
0.276984
0.259859
0.242762
0.225856
0.209072
0.192507
0.176766
0.161909
0.147327
0.133198
0.121491
0.768826
0.676228
0.731848
0.668700
0.657384
1.094259
1.032914
1.041177
0.991536
1.021629
0.970538
1.109647
1.051448
1.024701
0.974499
0.933347
0.888490
0.889534
0.835355
0.794369
0.741847
0.694961
0.645312
0.597666
0.549651
0.502858
0.457270
0.413689
2.164597
1.989507
2.105883
2.008567
1.995365
1.943667
1.900989
1.846828
1.791219
1.730048
1.665320
1.596951
1.525695
1.451934
1.384657
1.317455
1.249064
1.179354
1.108500
1.037008
0.966705
0.896416
0.826234
0.756628
0.687810
1.224895
1.068807
1.069082
2.465629
2.210145
2.269412
2.070467
1.984719
1.846064
1.731511
1.604013
1.482067
1.390829
1.307054
1.221738
1.136362
1.051039
1.085014
1.342784
1.213848
1.172377
1.056114
1.089328
0.981669
0.911404
0.818105
0.740347
0.662803
0.590348
0.519115
0.451318
0.389440
0.330516
0.283344
0.259187
0.235592
0.212659
0.190456
0.281825
0.247304
0.373029
0.328400
0.323692
0.291333
0.273441
0.254701
0.238628
0.220998
0.203954
0.186615
0.169545
0.514724
0.437470
0.469841
0.414229
0.402999
0.368796
0.347291
0.319000
0.294510
0.268371
0.243755
0.219171
0.195604
0.172684
0.150747
0.129727
0.173497
0.151044
0.138776
0.120242
0.108330
0.095505
0.084240
0.073086
0.095207
0.083851
0.079986
1.176954
1.093163
1.186665
1.141274
1.145963
1.126580
1.112206
1.163810
1.139151
1.124268
1.095031
1.067557
1.034793
1.000657
0.963571
0.924803
0.884162
0.842195
0.799051
0.755066
0.710933
0.666930
0.622756
0.753969
0.697170
0.669139
0.619537
0.578704
1.581032
1.408017
1.470456
1.344067
1.300198
1.216448
1.149947
1.103942
1.024488
0.955191
0.900022
1.234433
1.149999
1.129030
1.058605
1.006560
1.076068
1.012507
0.964461
0.918631
0.860490
0.803983
0.745973
0.689372
0.633187
0.578215
0.524353
0.471923
0.633160
0.575353
0.546856
0.513930
0.498067
0.478403
0.459996
0.494734
0.478416
0.464899
0.448773
0.433208
0.417250
0.401307
0.390496
0.373559
0.358263
0.341775
0.326136
0.310678
0.303996
1.019114
0.908270
0.978603
0.900448
0.892511
0.848104
0.821495
0.783661
0.750012
0.712802
0.676524
0.639144
0.602074
0.564857
0.528007
0.491493
0.455549
0.420246
0.385717
0.352048
0.319403
0.287754
0.257160
0.254230
0.225338
0.201919
0.178729
0.163614
0.148171
0.133149
0.118276
0.103715
0.089451
0.075538
0.475641
0.390046
0.436827
0.375274
1.226297
1.042526
1.127673
0.997517
0.976207
1.248485
1.157336
1.128027
1.044318
0.983720
0.912969
0.847508
0.780390
1.115502
1.000238
0.977167
0.883483
0.823546
0.750478
1.071697
1.012317
1.008457
0.957737
0.920610
0.881731
0.841024
0.801343
0.759927
0.719338
0.677966
0.637226
0.596402
0.556213
0.516318
0.666831
0.622678
0.611494
0.579680
0.557308
0.611465
0.575596
0.555910
0.522198
0.493838
0.462662
0.432345
0.401374
0.377315
0.346117
0.315982
0.285428
0.255443
0.226296
0.197706
0.169644
0.142191
0.122171
0.109176
0.096425
0.083949
0.071779
0.059944
0.048466
0.340050
0.276092
0.302926
0.258431
0.254639
0.242249
0.236543
0.229683
0.223126
0.215577
0.207682
0.199278
0.190523
0.181438
0.172098
0.162553
0.152858
0.143063
0.133218
0.123368
0.113557
0.103825
0.094210
0.084746
0.075467
0.066492
0.057831
0.049425
0.053348
0.044024
0.037724
0.030947
0.027947
0.024875
0.022022
0.019328
0.016836
0.014510
0.200315
0.174899
0.193373
0.178104
0.177588
0.169795
0.164967
0.158070
0.344724
0.303455
0.922271
0.914379
0.946292
0.972138
1.125208
1.131278
1.154071
1.158115
1.163834
1.188518
1.186989
1.199960
1.192913
1.190262
1.179968
1.169996
1.156761
1.142577
1.126309
1.108817
1.089756
1.069523
1.048035
1.025514
1.044603
1.019099
1.001095
0.973031
0.950128
1.171195
1.114514
1.111045
1.063239
1.033231
0.993763
0.958898
1.198626
1.174976
1.167571
1.287323
1.261803
1.262764
1.238246
1.216733
1.193724
1.168456
1.143833
1.116742
1.090210
63.003549
1.033765
1.004422
1.103639
1.063494
1.044250
1.008244
0.978209
0.945113
0.912727
0.879377
0.848367
0.819135
0.958380
0.900512
0.888121
0.894893
0.856657
0.864233
0.943608
1.030443
0.979938
1.002706
0.957951
0.927326
0.889769
0.854830
0.821492
0.787420
0.753511
0.932626
0.881941
0.899410
0.858197
0.829819
0.794912
0.761184
0.899514
0.872023
0.857994
0.834081
0.814245
0.790878
0.770418
0.750676
0.754529
0.734515
0.718303
0.698783
0.682335
0.664028
0.858123
0.822378
0.821083
0.792202
0.870614
0.841729
1.346204
1.254766
1.313859
1.249800
1.228811
1.184840
1.149283
1.106960
1.065386
1.744351
1.613504
1.644263
1.543542
1.499037
1.426211
1.460812
1.383763
1.479041
1.771182
1.695524
2.061594
1.931248
1.903213
1.824092
1.745967
1.657063
1.571768
1.488392
1.404966
1.320882
1.238878
1.166786
1.097880
1.028902
0.960181
0.891986
0.824581
0.758197
0.693050
0.630207
0.582913
0.536198
0.490139
0.465454
0.419848
0.378802
0.335984
0.299084
0.260043
0.223356
0.187480
0.162734
0.139097
0.117413
0.099102
0.081309
0.172997
0.142526
0.137107
0.307044
0.269169
0.284156
0.257394
0.354239
0.324272
0.323337
0.300249
0.659264
0.614754
0.631500
0.600830
0.587182
0.565479
0.553995
0.532107
0.510165
0.487068
0.463523
0.439565
0.474249
0.442497
0.424024
0.395064
0.370827
0.344601
0.743490
0.687762
0.703371
0.665744
0.647768
0.620762
0.596085
0.593093
0.780018
0.747166
0.739958
0.709119
0.686209
0.658024
0.630704
0.601295
0.571560
0.540839
0.509750
0.478211
0.446505
0.414704
0.391125
0.517568
0.739007
0.676706
1.206495
1.054551
1.088170
2.124735
1.998007
2.018553
1.915000
1.852818
1.772148
1.893777
1.793060
1.741109
1.651480
1.575817
1.491359
1.412614
1.332465
1.413267
1.304744
1.243693
1.144059
1.064885
0.976577
0.980940
0.888280
0.821874
1.045676
0.935913
0.897151
0.810585
0.747374
0.675164
0.609111
1.471845
1.351414
1.378472
1.287980
1.494158
1.398081
1.367988
1.288985
1.247654
1.177371
1.114756
1.047409
0.983309
0.917710
2.717520
2.510812
2.607016
2.469377
2.418104
2.327290
2.246572
2.154699
2.061162
1.962957
1.867002
1.791893
1.694405
1.601311
1.505075
1.425092
1.327771
1.234900
1.158306
1.082051
1.005670
0.934201
0.862834
0.791952
0.721812
0.652929
0.585349
0.540065
0.710808
0.621706
0.580534
0.782542
0.688086
0.651587
0.569794
0.720240
0.896422
0.864556
0.852188
0.826510
0.880488
0.827759
0.798460
0.747284
0.705740
18.254717
0.613674
0.567436
0.522301
0.477246
0.433293
0.390402
0.349483
0.309739
0.271377
0.234484
0.262572
0.220831
0.195138
0.163837
0.146792
0.122385
0.105794
0.087815
0.071872
0.056390
0.047328
0.044428
0.041577
0.038664
0.035777
0.108528
0.092549
0.212247
0.180177
0.202422
0.886595
0.794341
1.299800
2.354621
2.296650
2.322227
2.244890
2.197026
2.132216
2.065938
1.993264
1.917077
1.836762
2.151371
2.015058
1.966379
1.844167
1.752304
1.644608
1.543271
1.438067
1.334625
1.231926
1.131458
1.033734
0.937726
0.864182
0.768902
0.682274
0.593575
0.513180
0.445681
0.381837
0.327743
0.276219
0.226704
0.179322
0.134117
0.091209
0.331054
0.317369
0.328896
0.324725
0.324793
0.324872
0.322632
0.440230
0.427261
0.433516
0.423814
0.419246
0.411503
0.403918
0.395420
0.386287
0.695472
0.645457
0.666582
0.629443
0.616785
0.591297
0.575101
0.549516
0.525658
0.499234
0.503505
0.472507
0.448290
0.418248
0.390615
0.361837
0.333762
0.427274
0.384260
0.369030
0.332336
0.305797
0.275238
0.253753
0.423753
0.372328
0.365042
0.336329
0.533504
0.491253
0.486352
0.823137
0.745866
0.771643
0.709325
0.716436
0.671380
0.642527
0.602866
0.567660
0.530025
0.493942
0.457353
0.421463
0.385931
0.351196
0.317256
0.325779
0.288952
0.265241
0.232559
0.206052
0.178095
0.152990
0.128477
0.136851
0.113609
0.428314
0.371962
0.395290
0.357714
0.397435
0.367761
0.355292
0.333741
0.318801
0.300830
0.283726
0.265760
0.247940
1.724997
1.509731
1.644206
1.497558
1.478858
1.396246
1.350099
1.276559
1.391649
1.433433
1.363789
1.301909
1.224354
1.168524
1.090956
1.019520
0.943746
0.870879
0.810065
0.737372
0.670454
0.601755
0.536898
0.473472
0.412701
0.354236
0.298977
0.248880
0.201240
0.156100
0.115849
0.101228
0.087037
0.246152
0.252017
0.250035
0.235435
1.160786
1.333188
1.388313
1.297198
1.260595
1.193182
1.178230
1.154853
1.133066
1.470147
1.471339
1.497702
1.499635
1.968981
1.936104
2.069630
2.274818
2.368703
2.355488
2.380193
2.338320
2.309181
2.263185
2.315026
2.252566
2.210132
2.591162
2.606064
2.745555
2.660885
2.603475
2.521116
2.443825
2.364039
2.282206
2.197258
2.110167
2.021195
1.930800
1.839360
1.747237
1.654776
1.562295
1.470093
1.378447
1.287975
1.201435
1.129052
1.050014
0.972881
0.905928
0.840151
0.774904
0.710462
0.648399
0.587581
0.527721
0.468926
0.415013
0.363106
0.327056
0.274899
0.228355
0.187486
0.153422
0.358909
0.286036
1.066137
0.870494
0.945050
0.830061
0.818893
0.753105
0.716601
0.771085
0.718482
1.137192
1.051039
1.043643
0.977720
0.934325
0.882780
0.833849
0.796515
0.760118
0.724941
0.689791
0.655464
0.621886
0.589052
0.556887
0.525480
0.498457
0.475354
0.462910
0.449487
0.435161
0.420011
0.404117
0.387557
0.370412
0.352758
0.334673
0.316232
0.349734
0.330515
0.315648
0.297199
0.279592
0.261518
0.243408
0.225187
0.206959
0.188767
0.170674
0.152730
0.134988
0.117492
0.130525
0.113644
0.116783
0.105655
0.098191
0.094138
0.084990
0.077233
0.073203
0.065394
0.062296
0.058536
0.054982
0.051291
0.047639
0.043970
0.040333
0.036731
0.033184
0.029706
0.026307
0.023001
0.019797
0.017704
0.015909
0.014158
0.012458
0.010812
0.009226
0.007703
0.006875
0.178208
0.363337
0.355896
0.355295
0.336645
0.323984
0.309536
0.295197
0.280196
0.264687
0.248925
0.232905
0.216856
0.200809
0.184914
0.169227
0.153847
0.138835
32.769522
0.110167
0.224896
0.195756
0.234623
0.207577
0.199945
0.181052
0.169224
0.156184
0.145220
0.133495
0.122283
0.111069
0.103558
0.096807
0.090042
0.083275
0.076560
0.069925
0.063407
0.057033
0.065108
0.058010
0.053437
0.047291
0.042045
0.036745
0.329169
0.272663
0.303635
0.262626
0.258094
0.237243
0.246608
0.228371
0.217457
0.201250
0.485955
0.434149
0.450295
0.412429
0.398436
0.373189
0.663196
0.601880
1.040440
0.939763
0.960453
0.891698
0.861953
0.812632
0.771297
0.757435
0.708219
0.668788
0.624948
0.583217
0.540387
1.392183
1.236170
1.282666
1.168174
1.125229
1.049125
0.988828
0.920218
0.855120
0.788465
0.727053
0.667828
0.609556
0.552227
0.496234
0.466005
0.413059
0.370716
0.332059
1.153487
1.112996
1.171220
1.104417
1.075444
1.027626
0.987042
0.941515
0.896409
0.849626
0.802562
0.762332
0.731471
0.699176
0.790478
0.740507
0.717923
0.672267
0.636094
0.600719
20.024680
0.521476
0.481789
0.442628
0.403906
0.365704
0.328215
0.291546
0.325961
0.514540
0.464924
0.451377
0.407176
0.377819
0.342816
0.311213
0.288471
0.275704
0.262099
0.248229
0.233977
0.219545
0.204974
0.190372
0.175806
0.161355
0.147082
0.133051
0.119315
0.105935
0.156132
0.138735
0.132034
0.117839
0.107060
0.096636
0.095367
0.085513
0.077896
0.070350
0.066206
0.062818
0.059574
0.056722
0.054538
0.052231
0.049871
0.047441
0.044976
0.042478
0.039965
0.037447
0.034938
0.120653
0.107220
0.113678
0.518508
0.484945
0.515049
0.494266
0.491544
0.480052
0.518464
0.497414
0.489749
0.534879
0.510957
0.594862
0.926547
71.773602
0.876856
0.824840
0.956347
0.887771
0.870447
0.810568
0.770589
0.719237
0.673363
0.624185
0.576779
0.528844
0.482000
0.435733
0.391921
1.017339
1.162481
1.357040
1.296816
1.285632
1.241853
1.209043
1.168665
1.203369
1.161540
1.123038
1.081201
1.037789
0.996457
0.959458
0.921343
0.881427
0.840565
0.798551
0.755873
0.712549
0.668906
0.625144
0.581374
0.537726
0.494377
0.451456
0.409109
0.367455
0.326613
0.286688
0.247778
0.209970
0.173343
0.137967
0.103904
0.074257
0.715059
0.586150
0.653086
0.560770
0.553500
0.505044
0.505242
0.464809
0.438520
0.404915
0.375845
0.345085
0.521066
0.480999
0.834719
0.756857
0.969905
0.888366
0.882365
0.826019
0.792046
0.747971
0.707485
0.700474
0.654048
0.615433
0.570962
0.538917
0.507448
0.476269
0.444630
0.413146
0.381769
0.350750
2.330513
2.143498
2.283362
2.189087
2.168520
2.107903
2.056222
1.993127
1.927473
1.856399
1.781960
2.213078
2.078858
2.056901
1.941508
1.863333
1.764025
1.904603
1.766205
1.700666
3.409046
3.079625
3.148583
2.894346
2.780849
2.600102
2.448961
2.280609
2.118414
1.952724
1.789564
1.627377
1.468091
1.311870
1.159610
1.011759
0.890703
0.796621
0.705399
0.617342
0.532717
0.451741
0.381166
0.317249
0.260159
0.206954
0.156932
0.109907
0.065993
0.025162
0.001081
0.589734
0.544429
0.594522
0.570215
0.572962
0.562939
0.555751
0.649751
0.624301
0.620590
0.596528
1.057218
0.967984
1.000455
0.925392
0.897236
0.840908
0.798260
0.746943
0.699382
0.649337
0.600646
0.551680
0.503718
0.456431
0.410320
0.365403
0.321922
0.279969
0.239682
0.267676
0.225992
0.235396
0.196028
0.169968
0.137298
0.113159
0.099639
0.095093
0.089704
0.084635
0.080288
0.076210
0.072089
0.825273
0.725718
0.796876
0.880246
0.855037
0.834267
0.798587
0.766468
0.730329
0.904312
0.850609
0.830335
0.782804
1.379219
1.224446
1.258108
1.136465
1.092517
1.117509
1.035939
1.074123
1.022752
0.966975
0.923522
0.873851
0.830936
0.785660
0.744374
0.703162
0.664688
0.627963
0.607491
0.587333
0.568709
0.552649
0.537016
0.521707
0.506786
0.492206
3.258161
2.986877
3.012537
2.719018
2.545438
0.558458
0.541137
0.530167
0.518226
0.943130
1.291356
1.270404
1.259263
1.209810
1.173955
1.130063
1.087038
1.040768
0.993481
0.944702
0.895113
0.844872
0.794320
0.743697
0.693252
0.643207
0.593764
0.545107
0.497401
0.450793
0.405412
0.361373
0.321880
0.283749
0.246937
0.954841
0.866913
0.900495
0.841530
0.817927
0.786269
0.767016
0.742815
0.717379
0.689493
0.659975
0.628809
0.604040
0.580637
0.556059
0.530477
0.504070
0.477003
0.449439
0.421528
0.393418
0.401022
0.366701
0.343059
0.311030
0.283761
0.254706
0.227466
0.200198
0.174016
0.148445
0.123853
0.100142
0.077451
0.055779
0.048730
0.026838
0.023026
0.019997
0.018688
0.016582
0.015013
0.013251
0.011693
0.010134
0.008690
0.009072
0.007556
0.006999
0.006294
0.005747
0.005156
0.004616
0.004083
0.087837
0.076595
0.084402
0.076984
0.076242
0.223756
0.208531
0.219078
0.204101
0.199571
0.189722
0.201905
0.190094
0.183028
0.171855
0.162223
0.199431
0.183154
0.177451
0.163246
0.152865
0.140819
0.129729
0.118403
0.107461
0.096664
0.086195
0.076027
0.066226
0.056806
0.048449
0.062859
0.059077
0.053735
0.050455
0.047613
0.047264
1.607108
1.409810
1.564191
1.589171
1.564730
1.516113
1.462793
1.404841
1.344094
1.280792
1.215797
1.148965
1.080894
1.012050
1.013402
0.932168
0.872114
0.795813
0.741027
0.669423
0.605412
0.558318
0.493904
0.434999
0.375718
0.320231
0.266910
0.216618
0.169056
0.124438
0.088990
0.079791
0.074533
0.066809
0.062488
0.057992
0.053702
0.254442
0.224515
0.240923
0.220379
0.216811
0.206175
0.198479
0.837297
0.746633
0.801425
0.738858
0.727024
1.297773
1.193448
1.219232
1.136855
1.100217
1.040080
0.988958
0.931209
0.874837
0.816667
0.759546
0.702639
0.646239
0.590455
0.535653
0.482036
0.429845
0.379266
0.330822
0.287977
0.246838
0.207510
0.170081
0.134622
0.101188
0.069810
0.051630
0.036043
0.021480
0.125142
0.108209
0.118210
0.159523
0.154358
0.157033
0.151929
0.149660
0.318716
0.284606
0.300566
0.274256
0.268654
0.251745
0.240529
0.225755
0.212489
0.198164
0.184315
0.170255
0.156482
0.142842
0.129519
0.116506
0.103886
0.092194
0.080431
0.069225
0.058485
0.048299
0.038657
0.148643
0.124855
0.128529
0.140134
0.399105
0.360889
0.381853
0.355519
0.349358
0.332932
0.320422
29.227106
0.289859
0.273810
0.257661
0.241171
0.224630
0.208060
0.191597
0.175313
0.458029
0.419331
0.429458
0.402289
0.389369
0.370526
0.382100
0.360414
0.630210
0.559942
0.576679
0.524159
0.506705
0.470793
0.445920
0.419866
0.482102
0.445786
0.429532
0.397318
0.372268
0.344065
0.317708
0.466281
0.443353
0.540236
0.507745
0.502182
0.476689
0.459878
0.438977
0.419937
0.399917
0.380358
0.360678
0.345092
0.330303
0.315621
0.300956
0.286139
0.271219
0.256255
0.241296
0.226390
0.211579
0.196905
0.182404
0.169774
0.157243
0.144839
0.371664
0.323925
0.339220
0.302219
0.290534
0.265959
0.248330
0.227194
0.207772
0.187481
0.168445
0.149686
0.131420
0.183512
0.574465
