0.036645
0.036610
0.036564
0.036492
0.036402
0.036960
0.036782
0.036699
0.036529
0.036367
0.036167
0.035958
0.035730
0.035490
0.035235
0.034968
0.034689
0.034399
0.034099
0.033789
0.033470
0.033185
0.032849
0.032516
0.032171
0.033935
0.033671
0.033551
0.033315
0.033118
0.032896
0.033637
0.033397
0.033242
0.033470
0.033269
0.033084
0.033000
0.032776
0.032564
0.032331
0.032102
0.031872
0.031634
0.031388
0.032860
0.032669
0.032621
0.032456
0.032329
0.032174
0.032020
0.031852
0.031678
0.031495
0.031303
0.031103
0.031651
0.031511
0.031425
0.031290
0.031167
0.031032
0.030893
0.030748
0.030596
0.030439
0.030276
0.030295
0.030105
0.029940
0.029745
0.041579
0.041337
0.042056
0.042011
0.042240
0.042321
0.042433
0.042487
0.042528
0.042536
0.042523
0.042493
0.042443
0.043717
0.043684
0.043745
0.043717
0.043692
0.043639
0.043575
0.043492
0.043397
0.043287
0.043165
0.043030
0.042884
0.042734
0.042575
0.042405
0.042231
0.042044
0.042170
0.041943
0.041764
0.041543
0.041338
0.041119
0.040895
0.040664
0.040427
0.040183
0.049693
0.049485
0.050093
0.050578
0.050719
0.050821
0.059548
0.059925
0.060599
0.060289
0.060239
0.060017
0.059797
0.059501
0.059166
0.058781
0.060787
0.060380
0.060129
0.059701
0.059301
0.058850
0.058383
0.057889
0.057606
0.057091
0.056585
0.056054
0.055515
0.054966
0.054411
0.053850
0.053286
0.052720
0.052154
0.051590
0.052346
0.051785
0.051331
0.050805
0.050306
0.049803
0.049425
0.049114
0.048794
0.048476
0.048138
0.047795
0.047443
0.047084
0.049514
0.049186
0.049347
0.049042
0.048845
0.048579
0.048327
0.048053
0.047773
0.047480
0.047178
0.047861
0.048481
0.048343
0.048209
0.048039
0.047878
0.048061
0.047896
0.049203
0.049013
0.048954
0.048809
0.048677
0.048522
0.048355
0.048171
0.048034
0.049194
0.049186
0.049146
0.049101
0.049049
0.048991
0.048926
0.048856
0.048852
0.048772
0.048695
0.048609
0.048519
0.048528
0.048420
0.048324
0.048211
0.048098
0.047979
0.047856
0.047729
0.047597
0.047462
0.047323
0.047180
0.047034
0.046885
0.046732
0.046577
0.046419
0.047515
0.047339
0.047286
0.047131
0.047012
0.046871
0.046734
0.046587
0.046437
0.046281
0.046120
0.045953
0.045782
0.045606
0.045425
0.045240
0.045051
0.044857
0.044732
0.044532
0.044332
0.044126
0.044498
0.044279
0.044141
0.043958
0.043773
0.043583
0.043388
0.043189
0.042986
0.042778
0.042565
0.042349
0.042128
0.041903
0.041673
0.041440
0.041203
0.040961
0.040716
0.040467
0.040222
0.039973
0.040566
0.040242
0.040069
0.039787
0.039551
0.039291
0.039031
0.038767
0.038592
0.038316
0.038073
0.038276
0.038055
0.037839
0.037623
0.037398
0.037169
0.036934
0.036702
0.036458
0.036223
0.035993
0.035757
0.035516
0.035270
0.035020
0.034766
0.034507
0.034244
0.038718
0.038490
0.038645
0.038494
0.038454
0.038352
0.038264
0.038153
0.038036
0.037906
0.037893
0.037738
0.037601
0.037437
0.037769
0.039134
0.039126
0.039218
0.039220
0.041046
0.040897
0.041066
0.040989
0.041397
0.041332
0.041323
0.041252
0.041185
0.041096
0.040997
0.040884
0.040760
0.040623
0.040475
0.041067
0.040929
0.040846
0.041527
0.041430
0.041377
0.041372
0.041726
0.043339
0.043322
0.043379
0.043337
0.043316
0.043266
0.043208
0.043132
0.043043
0.042940
0.042823
0.042693
0.042550
0.042394
0.042226
0.042046
0.041854
0.041829
0.041641
0.042848
0.042657
0.042625
0.042450
0.042322
0.042155
0.042965
0.042695
0.042604
0.042349
0.042158
0.041917
0.041687
0.041433
0.041176
0.040905
0.040627
0.040338
0.040042
0.039849
0.039528
0.039217
0.039419
0.039110
0.038830
0.038516
0.038284
0.037984
0.037684
0.037376
0.037076
0.036761
0.036442
0.036118
0.035791
0.035460
0.035125
0.034846
0.034505
0.034208
0.033865
0.033525
0.033179
0.032830
0.032479
0.032125
0.031767
0.031556
0.031182
0.030829
0.030454
0.030083
0.029707
0.029329
0.028947
0.028855
0.028472
0.028122
0.027742
0.027543
0.027167
0.026803
0.026425
0.026060
0.025696
0.025332
0.025031
0.024688
0.024351
0.024598
0.024256
0.027243
0.027382
0.027376
0.027029
0.026785
0.026483
0.026191
0.025883
0.025583
0.025262
0.024938
0.024602
0.024259
0.023916
0.023568
0.023211
0.022849
0.022484
0.022113
0.021741
0.021441
0.021074
0.020724
0.020922
0.020583
0.020367
0.020044
0.019736
0.019684
0.019364
0.019061
0.018740
0.018419
0.018091
0.017758
0.017422
0.017084
0.016761
0.016440
0.016126
0.015941
0.015633
0.015335
0.015028
0.014722
0.014413
0.014103
0.014357
0.014358
0.014069
0.013762
0.013506
0.013264
0.012951
0.012904
0.012592
0.012296
0.012372
0.012083
0.011791
0.013096
0.012682
0.012512
0.012143
0.012163
0.011860
0.011584
0.011326
0.011023
0.010977
0.010954
0.011392
0.011103
0.010845
0.010544
0.010286
0.009991
0.009781
0.009482
0.009197
0.009555
0.009471
0.009259
0.009033
0.008813
0.008661
0.008464
0.008262
0.008285
0.008078
0.008196
0.008024
0.007881
0.007719
0.007619
0.007460
0.007304
0.007160
0.007098
0.006947
0.006799
0.006912
0.006773
0.006638
0.006480
0.006580
0.006627
0.006479
0.006346
0.006191
0.006087
0.005938
0.006291
0.006144
0.006034
0.005904
0.005766
0.005622
0.006120
0.006169
0.006115
0.006400
0.006253
0.006154
0.006051
0.005924
0.005786
0.005653
0.005828
0.005683
0.005561
0.005414
0.005271
0.005130
0.005081
0.005529
0.005412
0.005334
0.005217
0.005272
0.005171
0.005109
0.004998
0.005259
0.005380
0.005279
0.005211
0.005226
0.005136
0.005268
0.005174
0.005098
0.005004
0.004914
0.005046
0.004948
0.004866
0.004768
0.004673
0.004574
0.004474
0.004411
0.004307
0.004267
0.004302
0.004363
0.004370
0.004279
0.004188
0.004089
0.004009
0.003914
0.003826
0.003863
0.003770
0.003799
0.003716
0.003638
0.003729
0.003654
0.003592
0.003522
0.003458
0.003401
0.003347
0.003353
0.003413
0.003364
0.003550
0.003492
0.003459
0.003411
0.003451
0.003464
0.003421
0.003396
0.003358
0.003317
0.003271
0.003227
0.003185
0.003162
0.003157
0.003120
0.003083
0.003046
0.003032
0.003028
0.002992
0.002956
0.003061
0.003024
0.003050
0.003016
0.002988
0.002954
0.002964
0.002928
0.002895
0.002882
0.002917
0.002905
0.002868
0.002830
0.002920
0.002882
0.002854
0.002818
0.002783
0.002746
0.002708
0.002670
0.002632
0.002591
0.002550
0.002546
0.002621
0.002606
0.002570
0.002534
0.002541
0.002503
0.002469
0.002432
0.002517
0.002481
0.002454
0.002419
0.002385
0.002379
0.002344
0.002310
0.002273
0.002235
0.002197
0.002421
0.002381
0.002361
0.002327
0.002298
0.002270
0.002240
0.002322
0.002556
0.002537
0.002651
0.002863
0.002837
0.003046
0.003025
0.009860
0.009310
0.009893
0.009631
0.009652
0.009516
0.009508
0.009399
0.009268
0.010797
0.010759
0.010828
0.011024
0.010990
0.010958
0.010886
0.010847
0.010837
0.010728
0.010602
0.010458
0.010300
0.017400
0.017382
0.017943
0.017647
0.017605
0.017398
0.017357
0.017131
0.016989
0.020065
0.019520
0.019511
0.019042
0.018721
0.018307
0.017899
0.017486
0.017028
0.016706
0.016222
0.015784
0.015309
0.014887
0.014399
0.013915
0.013428
0.013092
0.012681
0.012230
0.011777
0.011481
0.011240
0.010841
0.010479
0.010149
0.009835
0.009569
0.009504
0.009523
0.009386
0.009304
0.009174
0.009057
0.008939
0.008828
0.008774
0.008741
0.009315
0.009237
0.009256
0.009198
0.009167
0.009149
0.009207
0.009262
0.013647
0.013484
0.013854
0.013679
0.013690
0.013605
0.013539
0.013441
0.013334
0.013308
0.013171
0.013067
0.012914
0.012802
0.012633
0.014425
0.014343
0.014405
0.014347
0.015814
0.015662
0.015738
0.015653
0.015599
0.015511
0.015414
0.015303
0.015179
0.015044
0.014911
0.014768
0.014614
0.014452
0.014283
0.014132
0.014198
0.014063
0.013901
0.013744
0.013572
0.013397
0.013293
0.013106
0.012970
0.012799
0.013021
0.012811
0.012671
0.012480
0.012384
0.012209
0.012048
0.011882
0.013123
0.012963
0.012954
0.014976
0.015159
0.015222
0.015129
0.015069
0.015104
0.015040
0.014974
0.014888
0.014796
0.014694
0.014583
0.014465
0.014361
0.014231
0.014099
0.013961
0.013883
0.013739
0.013598
0.013449
0.013301
0.013153
0.013005
0.013052
0.012913
0.012792
0.012659
0.012755
0.012610
0.012507
0.015479
0.015165
0.015306
0.015095
0.015009
0.014885
0.014787
0.014676
0.014602
0.014611
0.016099
0.016032
0.016092
0.016060
0.016033
0.015986
0.016038
0.016034
0.015968
0.016018
0.015925
0.015836
0.015727
0.015616
0.015565
0.015438
0.015308
0.015168
0.015023
0.014872
0.014717
0.014558
0.014395
0.014229
0.014101
0.013938
0.014406
0.014204
0.014106
0.013922
0.013769
0.013644
0.013483
0.013318
0.013151
0.013674
0.013525
0.013420
0.013261
0.013120
0.012980
0.012832
0.014490
0.014353
0.014528
0.014467
0.014438
0.014387
0.014769
0.014677
0.014651
0.014563
0.014491
0.014404
0.014458
0.014350
0.014263
0.014152
0.014044
0.014926
0.014730
0.014696
0.016544
0.016645
0.016666
0.016649
0.016593
0.016720
0.016629
0.016561
0.016460
0.016363
0.016329
0.016212
0.016099
0.015972
0.015844
0.015709
0.015570
0.016774
0.016631
0.016614
0.016481
0.016483
0.016398
0.016301
0.016193
0.016093
0.015980
0.015872
0.015804
0.015695
0.015587
0.015475
0.015362
0.017062
0.016834
0.017023
0.016832
0.016743
0.016602
0.017640
0.017406
0.018092
0.018302
0.018193
0.018069
0.017912
0.017756
0.018346
0.018205
0.018539
0.018415
0.018339
0.018219
0.018581
0.018408
0.018304
0.018129
0.018413
0.018262
0.018141
0.017983
0.017829
0.017662
0.017491
0.017311
0.017127
0.016953
0.017623
0.017433
0.017302
0.017186
0.017654
0.017493
0.017375
0.017386
0.017346
0.017217
0.017088
0.016955
0.016820
0.016788
0.017117
0.016995
0.016896
0.016767
0.016642
0.016507
0.016654
0.016485
0.016360
0.016192
0.016033
0.015937
0.015758
0.016720
0.016527
0.016443
0.016267
0.016263
0.016083
0.015930
0.015965
0.016104
0.015950
0.015800
0.016029
0.015877
0.015746
0.016235
0.016051
0.016058
0.015927
0.015810
0.015679
0.015558
0.015431
0.015439
0.015294
0.015825
0.015686
0.015617
0.015497
0.015530
0.015426
0.015349
0.015351
0.015242
0.015142
0.015027
0.014915
0.015124
0.014995
0.015799
0.015681
0.015647
0.015548
0.015471
0.015382
0.015371
0.015272
0.015259
0.015201
0.015109
0.015016
0.014914
0.016046
0.016001
0.015980
0.015989
0.015937
0.015900
0.015839
0.016622
0.017236
0.017186
0.017141
0.017038
0.016980
0.016871
0.016761
0.016636
0.016503
0.016361
0.016212
0.016054
0.016090
0.015959
0.016043
0.015879
0.015731
0.015635
0.015618
0.015451
0.015279
0.015099
0.014919
0.014741
0.014554
0.014361
0.014164
0.013964
0.013762
0.013740
0.013539
0.014670
0.014466
0.014396
0.014240
0.014243
0.014413
0.014282
0.014153
0.014024
0.013879
0.014366
0.014252
0.014572
0.014463
0.014411
0.014350
0.014491
0.014414
0.014354
0.014274
0.014325
0.014232
0.014160
0.014068
0.013980
0.013885
0.013914
0.013824
0.013804
0.013721
0.013642
0.013559
0.013476
0.013390
0.013302
0.013280
0.013356
0.013423
0.013341
0.013266
0.013251
0.013163
0.013085
0.013140
0.013086
0.013004
0.012936
0.012865
0.012807
0.012828
0.012755
0.012689
0.012614
0.012558
0.012523
0.012446
0.012374
0.012295
0.012217
0.012135
0.012051
0.011966
0.012483
0.012405
0.012374
0.012307
0.012258
0.012200
0.012169
0.012112
0.012056
0.011997
0.011940
0.011882
0.011821
0.011767
0.011707
0.011648
0.011590
0.011531
0.011470
0.011497
0.011542
0.011484
0.011446
0.011746
0.011684
0.011675
0.011615
0.011579
0.011528
0.011484
0.011432
0.011625
0.011593
0.011562
0.011529
0.011525
0.011489
0.011454
0.011416
0.011479
0.011430
0.011408
0.012013
0.012076
0.012735
0.012687
0.012761
0.012735
0.012733
0.012711
0.012690
0.012722
0.012848
0.012811
0.012791
0.012751
0.012715
0.012672
0.012628
0.012601
0.012565
0.012570
0.012741
0.012701
0.012676
0.012630
0.012957
0.012913
0.012898
0.012856
0.012819
0.012776
0.012730
0.012681
0.012629
0.012574
0.012524
0.012462
0.012495
0.012429
0.012415
0.012349
0.012289
0.012224
0.012159
0.012091
0.012616
0.012578
0.012560
0.012543
0.012513
0.012463
0.013082
0.013090
0.013099
0.013103
0.013107
0.013110
0.013193
0.013236
0.013245
0.013254
0.013256
0.013260
0.013260
0.013258
0.013270
0.013281
0.013275
0.013267
0.013300
0.013284
0.013283
0.013267
0.013249
0.013228
0.013206
0.013181
0.013303
0.013267
0.013777
0.013749
0.013770
0.013750
0.013742
0.013724
0.013762
0.013740
0.013720
0.013713
0.013732
0.013702
0.013670
0.013633
0.013595
0.013639
0.013596
0.013595
0.013545
0.013502
0.013451
0.013400
0.013370
0.013314
0.013313
0.013282
0.013442
0.013367
0.013335
0.013263
0.013206
0.013882
0.013825
0.013821
0.013772
0.013735
0.013689
0.013645
0.013594
0.013541
0.013505
0.013639
0.013576
0.013528
0.013960
0.013856
0.013832
0.013740
0.013671
0.013591
0.013510
0.013425
0.013337
0.013247
0.013153
0.013057
0.012959
0.012859
0.012758
0.012662
0.012604
0.012501
0.012435
0.012329
0.012228
0.012122
0.012018
0.011912
0.011806
0.011699
0.011593
0.011720
0.011614
0.011604
0.011501
0.011413
0.011329
0.011234
0.011139
0.011049
0.010964
0.010879
0.010793
0.010706
0.010619
0.010532
0.010444
0.010356
0.010268
0.010188
0.010099
0.010012
0.009965
0.009873
0.010150
0.010061
0.010003
0.009943
0.009867
0.009790
0.009711
0.009631
0.009553
0.009474
0.009427
0.009355
0.009279
0.009229
0.009154
0.009101
0.009024
0.008954
0.008882
0.008824
0.008798
0.008724
0.008657
0.008589
0.008523
0.008456
0.008390
0.008323
0.008257
0.008192
0.008126
0.008060
0.007994
0.008059
0.007994
0.007986
0.007924
0.007872
0.007914
0.007869
0.007819
0.007774
0.007754
0.007740
0.007702
0.007666
0.007627
0.007588
0.007548
0.007508
0.007467
0.007426
0.007385
0.007343
0.007344
0.007298
0.007257
0.007214
0.007170
0.007238
0.007211
0.007176
0.007184
0.007153
0.007125
0.007096
0.007067
0.007037
0.007150
0.007130
0.007109
0.007089
0.007066
0.007044
0.007032
0.007007
0.006984
0.006958
0.006939
0.006914
0.006887
0.006860
0.006832
0.006844
0.006816
0.006790
0.006761
0.006734
0.006706
0.006677
0.006648
0.006622
0.006593
0.006564
0.006696
0.006665
0.008203
0.008154
0.008249
0.008236
0.008254
0.008257
0.008259
0.008254
0.008245
0.008235
0.008217
0.008196
0.008171
0.008142
0.008109
0.008074
0.008035
0.007994
0.007951
0.007950
0.007959
0.007921
0.007883
0.007842
0.008119
0.008070
0.008052
0.007995
0.007964
0.007917
0.007884
0.007987
0.007938
0.007901
0.007852
0.007807
0.007758
0.007718
0.007697
0.007678
0.007840
0.007808
0.007796
0.007759
0.007736
0.007700
0.007666
0.007669
0.007631
0.007594
0.007553
0.007559
0.007540
0.007498
0.007453
0.007406
0.007358
0.007308
0.007267
0.007215
0.007164
0.007115
0.007062
0.007008
0.006954
0.006978
0.006941
0.006902
0.006864
0.006825
0.006786
0.006770
0.006731
0.006694
0.006656
0.006619
0.006584
0.006550
0.006517
0.006483
0.006452
0.006421
0.006445
0.006423
0.006396
0.006366
0.006336
0.006306
0.007194
0.007087
0.007134
0.007323
0.007276
0.007247
0.007192
0.007141
0.007251
0.007228
0.007201
0.008137
0.008092
0.008135
0.008138
0.008130
0.008114
0.008100
0.008075
0.008047
0.008014
0.007977
0.007937
0.007912
0.007866
0.007835
0.007783
0.007765
0.007711
0.007658
0.007600
0.007542
0.007482
0.007421
0.007357
0.007293
0.007280
0.007214
0.007151
0.012013
0.011551
0.011924
0.011640
0.011603
0.012253
0.012312
0.012347
0.012381
0.012398
0.012416
0.012417
0.012567
0.012550
0.012550
0.012523
0.012499
0.012486
0.012448
0.012405
0.012357
0.012304
0.012413
0.012349
0.012307
0.012241
0.012178
0.012109
0.012058
0.011983
0.011907
0.011826
0.011742
0.011655
0.011564
0.011472
0.011384
0.011288
0.011208
0.011111
0.011039
0.010944
0.010851
0.010761
0.010666
0.010571
0.010476
0.011090
0.010968
0.011099
0.011014
0.011029
0.010962
0.010900
0.010848
0.010783
0.010794
0.010759
0.010728
0.010692
0.010652
0.010608
0.010560
0.010599
0.010573
0.010529
0.010484
0.010438
0.010424
0.010380
0.010337
0.010291
0.010247
0.010201
0.010153
0.010127
0.010078
0.010031
0.009983
0.009934
0.009883
0.009832
0.009780
0.009728
0.009677
0.009625
0.009574
0.009521
0.009472
0.009422
0.009372
0.009554
0.009486
0.009456
0.009399
0.009352
0.009301
0.009514
0.009442
0.009414
0.009378
0.009330
0.009282
0.009235
0.009186
0.009137
0.009210
0.009168
0.009235
0.009187
0.009196
0.009151
0.009117
0.009076
0.009036
0.008995
0.008961
0.008984
0.008949
0.008917
0.008882
0.008847
0.008811
0.008793
0.008757
0.008726
0.008693
0.008717
0.008746
0.008713
0.008684
0.008648
0.008615
0.008584
0.008555
0.008525
0.008494
0.008463
0.008430
0.008397
0.008364
0.008335
0.008332
0.008299
0.008275
0.008245
0.008216
0.008186
0.008156
0.008125
0.008123
0.008097
0.008068
0.008049
0.008019
0.007990
0.007960
0.007930
0.007899
0.007870
0.007840
0.007809
0.007781
0.007754
0.007863
0.007826
0.007816
0.007784
0.007760
0.007733
0.007779
0.007750
0.007727
0.007695
0.007665
0.007633
0.007661
0.007623
0.007595
0.007561
0.007527
0.007490
0.007454
0.007416
0.007378
0.007340
0.007300
0.007265
0.007226
0.007186
0.007147
0.007108
0.007069
0.007030
0.006991
0.006953
0.006914
0.006875
0.006840
0.006801
0.006764
0.006728
0.006693
0.006657
0.006622
0.007341
0.007247
0.007280
0.007221
0.007192
0.007146
0.007104
0.007057
0.007029
0.006981
0.006929
0.006874
0.006817
0.006758
0.006698
0.006637
0.006575
0.006528
0.006467
0.006407
0.006363
0.006302
0.006244
0.006183
0.006124
0.006065
0.006007
0.005950
0.005894
0.005838
0.005784
0.005732
0.005680
0.005630
0.005581
0.005922
0.005858
0.005863
0.005816
0.005789
0.005753
0.005720
0.005684
0.005648
0.005611
0.005573
0.005621
0.005574
0.005541
0.005495
0.005454
0.005409
0.005365
0.005320
0.005275
0.005325
0.005271
0.005233
0.005207
0.005162
0.005127
0.005093
0.005057
0.005021
0.004987
0.004955
0.004924
0.004894
0.004866
0.004839
0.031703
0.029561
0.031883
0.030713
0.030832
0.030368
0.030012
0.029474
0.028889
0.028213
0.027476
0.026678
0.025829
0.024935
0.024020
0.023055
0.022065
0.021054
0.020082
0.019053
0.018026
0.016993
0.015967
0.014953
0.013950
0.012965
0.012039
0.011097
0.010362
0.009477
0.008638
0.007821
0.007042
0.006296
0.005589
0.004918
0.004564
0.004549
0.004917
0.004879
0.004894
0.004867
0.004914
0.004896
0.004888
0.004870
0.004852
0.004832
0.004822
0.004799
0.004776
0.004750
0.004838
0.004849
0.004830
0.004807
0.004802
0.004776
0.004751
0.004776
0.004791
0.004769
0.004743
0.005258
0.005191
0.005208
0.005156
0.005127
0.005468
0.005398
0.005386
0.006132
0.006025
0.006040
0.005955
0.005901
0.005858
0.005788
0.005714
0.005634
0.005551
0.005611
0.005510
0.005471
0.005434
0.005341
0.005246
0.005197
0.005097
0.005004
0.004904
0.004806
0.004706
0.004607
0.004508
0.004409
0.004311
0.004215
0.004119
0.004066
0.003986
0.003941
0.003866
0.003796
0.003733
0.003671
0.003610
0.003550
0.003505
0.003465
0.003423
0.003382
0.003340
0.003298
0.003255
0.003212
0.003169
0.003126
0.003086
0.003046
0.003006
0.002965
0.002940
0.002909
0.002867
0.002842
0.002798
0.002757
0.002713
0.002670
0.002626
0.002582
0.002537
0.002492
0.002448
0.002406
0.002362
0.002317
0.002293
0.005452
0.005208
0.005439
0.005260
0.005229
0.005130
0.005052
0.005018
0.004919
0.005213
0.005071
0.004989
0.004857
0.004737
0.004604
0.004469
0.004328
0.004184
0.004042
0.003923
0.003776
0.003633
0.003486
0.003353
0.003208
0.003067
0.002925
0.002787
0.002651
0.002519
0.002401
0.002277
0.002168
0.002054
0.001944
0.001839
0.001785
0.001795
0.001773
0.001749
0.001727
0.001705
0.001684
0.001668
0.001647
0.001633
0.001623
0.001613
0.001603
0.001594
0.001662
0.001656
0.001654
0.001647
0.001642
0.001635
0.001630
0.001623
0.001617
0.001611
0.001604
0.001598
0.001591
0.001584
0.001577
0.001589
0.001581
0.001575
0.001567
0.001560
0.001552
0.001543
0.001537
0.001529
0.001520
0.001511
0.001502
0.001492
0.001483
0.001473
0.001463
0.001453
0.001443
0.001433
0.001422
0.001412
0.001401
0.001390
0.001378
0.001367
0.001355
0.001446
0.001435
0.001871
0.001827
0.001925
0.001899
0.001900
0.001886
0.001876
0.001862
0.001847
0.001831
0.001812
0.001793
0.001773
0.001751
0.001730
0.001872
0.001857
0.001888
0.001871
0.001862
0.001846
0.001831
0.001814
0.001797
0.001778
0.001758
0.001738
0.001716
0.001861
0.001824
0.001815
0.002023
0.001980
0.001973
0.001935
0.001907
0.001873
0.001861
0.001829
0.001797
0.001764
0.001857
0.002055
0.002037
0.002020
0.001994
0.002068
0.002143
0.002126
0.002107
0.002095
0.002075
0.002053
0.002029
0.002005
0.001980
0.001954
0.001926
0.001898
0.001869
0.001839
0.001808
0.001777
0.001746
0.001721
0.001689
0.001657
0.001624
0.001591
0.001558
0.001594
0.001556
0.001530
0.001564
0.001535
0.001687
0.001662
0.001656
0.001638
0.001624
0.001608
0.001715
0.001749
0.001741
0.001728
0.001965
0.001935
0.001945
0.001922
0.001911
0.001892
0.001875
0.001856
0.001836
0.001814
0.001792
0.001769
0.001745
0.001782
0.001847
0.001827
0.001882
0.001860
0.001877
0.001855
0.001841
0.001821
0.001804
0.001786
0.001768
0.001748
0.001729
0.003387
0.003229
0.003351
0.003255
0.003239
0.003329
0.003284
0.003239
0.003185
0.003130
0.003071
0.003007
0.002940
0.002870
0.002827
0.002784
0.002707
0.002633
0.002554
0.002476
0.002396
0.002370
0.002357
0.002284
0.002214
0.002138
0.002067
0.001996
0.001927
0.001859
0.001794
0.001732
0.001677
0.001618
0.001563
0.001508
0.001522
0.001508
0.001563
0.001548
0.001538
0.001524
0.001512
0.001498
0.001484
0.001469
0.001454
0.001509
0.001494
0.001483
0.001470
0.001458
0.001445
0.001432
0.001465
0.001447
0.001436
0.001419
0.001404
0.001391
0.001375
0.001358
0.001341
0.001324
0.001307
0.001290
0.001273
0.001256
0.001238
0.001340
0.001314
0.001307
0.001284
0.001268
0.001251
0.001234
0.001218
0.001201
0.001183
0.001166
0.001148
0.001131
0.001114
0.001097
0.001083
0.001067
0.001050
0.001034
0.001059
0.001044
0.001066
0.001050
0.001040
0.001026
0.001014
0.001002
0.001037
0.001042
0.001063
0.001053
0.001046
0.001036
0.001087
0.001085
0.001080
0.001069
0.001059
0.001047
0.001036
0.001032
0.001020
0.001014
0.001072
0.001071
0.001064
0.001051
0.001039
0.001026
0.001012
0.000998
0.000984
0.000969
0.000954
0.000939
0.000938
0.000922
0.000908
0.000891
0.000890
0.000874
0.000859
0.000844
0.000829
0.000813
0.000799
0.000784
0.000770
0.000756
0.000842
0.000899
0.000947
0.000936
0.000939
0.000966
0.000967
0.001015
0.001005
0.000999
0.000989
0.000979
0.000968
0.000957
0.000945
0.000933
0.000920
0.000906
0.000892
0.000877
0.000862
0.000874
0.000865
0.000852
0.000838
0.000824
0.000809
0.000795
0.000780
0.000765
0.000750
0.000735
0.000744
0.000729
0.000716
0.000740
0.000724
0.000715
0.000701
0.000689
0.000676
0.000663
0.000671
0.000656
0.000653
0.000641
0.000630
0.000619
0.000607
0.000596
0.000586
0.000575
0.000564
0.000553
0.000545
0.000548
0.000536
0.000527
0.000516
0.000574
0.000558
0.000553
0.000539
0.000532
0.000520
0.000508
0.000496
0.000484
0.000544
0.000526
0.000546
0.000528
0.000519
0.000509
0.000496
0.000483
0.000470
0.000478
0.000465
0.000454
0.000441
0.000428
0.000415
0.000402
0.000421
0.000407
0.000397
0.000384
0.000447
0.000435
0.000429
0.000423
0.000414
0.000408
0.000450
0.000440
0.000439
0.000431
0.000425
0.000418
0.000411
0.000403
0.000396
0.000388
0.000381
0.000386
0.000381
0.000379
0.000374
0.000381
0.000408
0.000400
0.000396
0.000388
0.000389
0.000434
0.000427
0.000423
0.000416
0.000409
0.000403
0.000397
0.000390
0.000383
0.000376
0.000368
0.000360
0.000351
0.000343
0.000334
0.000325
0.000316
0.000307
0.000300
0.000290
0.000281
0.000272
0.000262
0.000253
0.000243
0.000234
0.000225
0.000215
0.000265
0.000273
0.000269
0.000265
0.000261
0.000260
0.000256
0.000252
0.000261
0.000258
0.000256
0.000287
0.000282
0.000284
0.000282
0.000280
0.000278
0.000276
0.000274
0.000418
0.000404
0.000414
0.000408
0.000406
0.000402
0.000410
0.000405
0.000401
0.000396
0.000391
0.000385
0.000379
0.000373
0.000367
0.000367
0.000383
0.000480
0.000466
0.000467
0.000454
0.000446
0.000436
0.000426
0.000446
0.000434
0.000430
0.000418
0.000411
0.000400
0.000455
0.000439
0.000434
0.000420
0.000409
0.000422
0.000423
0.000445
0.000437
0.000433
0.000459
0.000451
0.000447
0.000439
0.000431
0.000423
0.000415
0.000407
0.000398
0.000389
0.000380
0.000397
0.000388
0.000411
0.000405
0.000400
0.000395
0.000389
0.001272
0.001204
0.001275
0.001229
0.001226
0.001202
0.001193
0.001168
0.001152
0.001124
0.001095
0.001064
0.001031
0.000997
0.000976
0.000959
0.000922
0.000887
0.000850
0.000813
0.000777
0.000740
0.000703
0.000667
0.000645
0.000608
0.000575
0.000540
0.000507
0.000474
0.000443
0.000412
0.000383
0.000355
0.000328
0.000306
0.000311
0.000306
0.000301
0.000296
0.000291
0.000286
0.000281
0.000276
0.000271
0.000266
0.000275
0.000269
0.012377
0.011427
0.012487
0.011974
0.012057
0.011846
0.011700
0.011468
0.011217
0.010923
0.010602
0.010258
0.009884
0.009489
0.009077
0.008649
0.008209
0.007760
0.007304
0.006843
0.006380
0.005917
0.005457
0.005001
0.004551
0.004109
0.003678
0.003255
0.002856
0.002458
0.002075
0.001706
0.001353
0.001016
0.000696
0.000393
0.000185
0.000181
0.000178
0.000174
0.000173
0.000169
0.000166
0.000170
0.000166
0.000163
0.000173
0.000169
0.000167
0.000177
0.000173
0.000170
0.000167
0.000163
0.000178
0.000174
0.000171
0.000168
0.000164
0.000161
0.000157
0.000154
0.000150
0.000146
0.000142
0.000138
0.000134
0.000130
0.000126
0.000122
0.000117
0.000113
0.000109
0.000105
0.000101
0.000097
0.000093
0.000089
0.000085
0.000082
0.000078
0.000074
0.000070
0.000066
0.000063
0.000059
0.000056
0.000058
0.000054
0.000052
0.000049
0.000046
0.000043
0.000041
0.000039
0.000036
0.000035
0.000033
0.000031
0.000029
0.000027
0.000026
0.000024
0.000022
0.000021
0.000027
0.000025
0.000047
0.000043
0.000044
0.000041
0.000040
0.000039
0.000037
0.000035
0.000034
0.000032
0.000033
0.000055
0.000051
0.000051
0.000048
0.000047
0.000044
0.000043
0.000041
0.000039
0.000037
0.000035
0.000033
0.000031
0.000086
0.000079
0.000086
0.000081
0.000080
0.000077
0.000074
0.000071
0.000068
0.000064
0.000061
0.000058
0.000055
0.000052
0.000049
0.000046
0.000043
0.000040
0.000036
0.000033
0.000061
0.000057
0.000056
0.000053
0.000051
0.000048
0.000046
0.000048
0.000059
0.000056
0.000132
0.000124
0.000129
0.000124
0.000122
0.000145
0.000142
0.000186
0.000179
0.000181
0.000176
0.000172
0.000168
0.000177
0.000171
0.000167
0.000173
0.000168
0.000164
0.000159
0.000153
0.000148
0.000142
0.000136
0.000136
0.000130
0.000125
0.000119
0.000113
0.000107
0.000108
0.000102
0.000096
0.000091
0.000086
0.000081
0.000076
0.000072
0.000069
0.000080
0.000078
0.000076
0.000074
0.000072
0.000070
0.000068
0.000066
0.000064
0.000062
0.000061
0.000085
0.000081
0.000082
0.000079
0.000077
0.000075
0.000073
0.000070
0.000068
0.000065
0.000063
0.000060
0.000057
0.000054
0.000051
0.000048
0.000045
0.000042
0.000047
0.000044
0.000041
0.000039
0.000050
0.000048
0.000047
0.000046
0.000044
0.000043
0.000058
0.000068
0.000068
0.000067
0.000066
0.000072
0.000070
0.000069
0.000067
0.000066
0.000064
0.000062
0.000060
0.000057
0.000055
0.000053
0.000050
0.000048
0.000045
0.000043
0.000041
0.000038
0.000036
0.000035
0.000032
0.000030
0.000027
0.000025
0.000022
0.000033
0.000030
0.000029
0.000027
0.000026
0.000024
0.000023
0.000021
0.000020
0.000019
0.000018
0.000017
0.000016
0.000015
0.000015
0.000015
0.000014
0.000014
0.000013
0.000013
0.000012
0.000011
0.000011
0.000010
0.000010
0.000009
0.000013
0.000021
0.000021
0.000021
0.000020
0.000020
0.000020
0.000020
0.000020
0.000020
0.000020
0.000019
0.000019
0.000019
0.000018
0.000018
0.000017
0.000017
0.000016
0.000016
0.000015
0.000015
0.000014
0.000025
0.000024
0.000024
0.000023
0.000023
0.000022
0.000021
0.000030
0.000028
0.000028
0.000027
0.000027
0.000026
0.000025
0.000024
0.000023
0.000022
0.000021
0.000020
0.000020
0.000018
0.000017
0.000016
0.000015
0.000014
0.000013
0.000019
0.000018
0.000019
0.000018
0.000017
0.000016
0.000015
0.000016
0.000015
0.000014
0.000013
0.000013
0.000012
0.000012
0.000011
0.000011
0.000010
0.000010
0.000010
0.000009
0.000009
0.000014
0.000013
0.000013
0.000013
0.000013
0.000012
0.000012
0.000011
0.000011
0.000018
0.000017
0.000017
0.000016
0.000015
0.000015
0.000014
0.000013
0.000013
0.000013
0.000012
0.000011
0.000011
0.000010
0.000009
0.000009
0.000008
0.000008
0.000007
0.005885
0.005407
0.005907
0.005643
0.005662
0.005547
0.005465
0.005343
0.005212
0.005062
0.004900
0.004725
0.004539
0.004344
0.004141
0.003932
0.003718
0.003500
0.003279
0.003058
0.002835
0.002614
0.002394
0.002177
0.001964
0.001754
0.001550
0.001351
0.001158
0.000972
0.000792
0.000620
0.000456
0.000300
0.000152
0.000013
0.000001
0.000000
0.000000
0.000000
0.003404
0.003131
0.003423
0.003273
0.003286
0.003222
0.003177
0.003108
0.003034
0.002949
0.002856
0.002756
0.002649
0.002537
0.002420
0.002391
0.002260
0.002143
0.002011
0.001883
0.001753
0.001623
0.001494
0.001379
0.001252
0.001134
0.001011
0.000893
0.000777
0.000665
0.000557
0.000453
0.000353
0.000258
0.000167
0.000081
0.000057
0.000053
0.000049
0.000045
0.000041
0.000037
0.000033
0.000030
0.000026
0.000022
0.000019
0.000016
0.000012
0.000009
0.000006
0.000004
0.000004
0.000003
0.000003
0.000002
0.000001
0.000004
0.000004
0.000004
0.000004
0.000003
0.000003
0.000003
0.000003
0.000003
0.000003
0.000003
0.000003
0.000003
0.000005
0.000004
0.000005
0.000004
0.000004
0.000004
0.000004
0.000006
0.000006
0.000006
0.002372
0.002171
0.002374
0.002261
0.002267
0.002216
0.002180
0.002128
0.002073
0.002010
0.001942
0.001869
0.001792
0.001712
0.001628
0.001543
0.001455
0.001366
0.001277
0.001188
0.001098
0.001009
0.000920
0.000833
0.000748
0.000664
0.000583
0.001945
0.001874
0.001917
0.001876
0.001858
0.001830
0.001801
0.001768
0.001732
0.001693
0.001651
0.001606
0.001560
0.001511
0.001460
0.001407
0.001353
0.001297
0.001240
0.001182
0.001123
0.001064
0.001004
0.000943
0.000882
0.000821
0.000760
0.000700
0.000639
0.000579
0.000520
0.000462
0.000404
0.000347
0.000291
0.000236
0.000183
0.000131
0.000080
0.000030
0.000011
0.000000
0.000000
0.000000
0.000000
0.000000
0.000000
0.000000
0.000096
0.000088
0.000097
0.000093
0.004871
0.004484
0.004893
0.004680
0.005769
0.005590
0.005615
0.005468
0.005365
0.005221
0.005073
0.004907
0.004730
0.004542
0.004345
0.004141
0.005985
0.005756
0.005753
0.005569
0.005437
0.005411
0.005264
0.005121
0.004961
0.005333
0.005218
0.005764
0.005663
0.005620
0.005531
0.005450
0.005361
0.005268
0.005168
0.005062
0.004951
0.004834
0.005049
0.005007
0.004928
0.004817
0.004715
0.004659
0.004544
0.005154
0.005140
0.005109
0.005092
0.005102
0.005114
0.005123
0.005130
0.005137
0.005142
0.005146
0.005149
0.005151
0.005153
0.005154
0.005154
0.005154
0.005153
0.005151
0.005150
0.005147
0.005144
0.005698
0.005696
0.005741
0.005749
0.005769
0.005782
0.005796
0.005807
0.005817
0.005825
0.005831
0.005835
0.005838
0.005840
0.005839
0.005836
0.005832
0.005825
0.005816
0.005842
0.005826
0.005815
0.005796
0.005778
0.005757
0.005734
0.005708
0.005681
0.005652
0.005621
0.005590
0.005554
0.005517
0.005478
0.005992
0.005954
0.005962
0.005930
0.005911
0.005883
0.005855
0.005822
0.005787
0.005750
0.005710
0.005667
0.005621
0.005574
0.005524
0.005477
0.005423
0.005367
0.005308
0.005248
0.005186
0.005123
0.005057
0.004991
0.004923
0.004854
0.004783
0.004712
0.004638
0.004564
0.004488
0.004412
0.004334
0.004256
0.004176
0.004098
0.004016
0.003935
0.003852
0.003769
0.003685
0.003600
0.003515
0.003456
0.003368
0.003284
0.003196
0.003109
0.003447
0.003355
0.003302
0.003217
0.003144
0.003065
0.002986
0.002906
0.002824
0.002742
0.002658
0.002580
0.002520
0.002465
0.003191
0.003134
0.003142
0.003097
0.003071
0.003035
0.003000
0.002962
0.002922
0.002881
0.002838
0.002793
0.002747
0.002700
0.002652
0.002602
0.002551
0.002505
0.002453
0.002402
0.002349
0.002295
0.002241
0.002188
0.002134
0.002079
0.002032
0.001987
0.001940
0.001894
0.001852
0.001809
0.001765
0.001721
0.001677
0.002249
0.002216
0.002228
0.002204
0.002192
0.002174
0.002156
0.002136
0.002116
0.002094
0.002070
0.002048
0.002037
0.002009
0.001982
0.001953
0.001923
0.001892
0.001860
0.001827
0.001793
0.001759
0.002162
0.002138
0.002152
0.002136
0.002135
0.002130
0.002126
0.002121
0.002116
0.002109
0.002101
0.002092
0.002082
0.002071
0.002059
0.002046
0.002032
0.002016
0.002000
0.001983
0.001964
0.001945
0.001925
0.001905
0.001883
0.001861
0.001838
0.001815
0.001790
0.001766
0.001740
0.001714
0.001688
0.001661
0.001634
0.001606
0.001578
0.001550
0.001521
0.001492
0.001463
0.001434
0.001404
0.001374
0.001344
0.001313
0.001283
0.001253
0.001222
0.001191
0.001160
0.001129
0.001602
0.001567
0.001578
0.001553
0.001541
0.001522
0.001504
0.001484
0.001463
0.001441
0.001418
0.001395
0.001370
0.001344
0.001317
0.001289
0.001260
0.001231
0.001201
0.001170
0.001139
0.001108
0.001076
0.001043
0.001011
0.000978
0.000945
0.000911
0.000878
0.000844
0.000942
0.000897
0.000874
0.000896
0.000857
0.001290
0.001246
0.001250
0.001216
0.001196
0.001168
0.001141
0.001112
0.001081
0.001049
0.001075
0.001042
0.001013
0.000979
0.000945
0.000913
0.000880
0.000848
0.000817
0.000785
0.000753
0.000721
0.000689
0.000657
0.000625
0.000592
0.000560
0.000529
0.000500
0.000471
0.000442
0.000416
0.000390
0.000364
0.000340
0.000316
0.000293
0.000270
0.000248
0.000225
0.000672
0.000612
0.000630
0.000587
0.000567
0.000542
0.000523
0.000500
0.000478
0.000454
0.000430
0.000406
0.000394
0.000375
0.000356
0.000335
0.000315
0.000294
0.000273
0.000253
0.000232
0.000214
0.000196
0.000179
0.000161
0.000144
0.000128
0.000112
0.000096
0.000081
0.000066
0.000052
0.000039
0.000026
0.000014
0.000004
0.000003
0.000003
0.000003
0.000002
0.000002
0.000002
0.000001
0.000001
0.000001
0.000001
0.000001
0.000000
0.000000
0.000000
0.000000
0.000000
0.000000
0.000009
0.000008
0.000009
0.000008
0.000008
0.000008
0.000363
0.000335
0.000366
0.000351
0.000582
0.000558
0.000573
0.000556
0.000550
0.000537
0.000524
0.000510
0.000494
0.000476
0.000458
0.000439
0.000418
0.000398
0.000376
0.000355
0.000333
0.000310
0.000288
0.000266
0.000244
0.000222
0.000201
0.000180
0.000160
0.000140
0.000121
0.000102
0.000084
0.000067
0.000050
0.000035
0.000268
0.000249
0.000258
0.000245
0.000242
0.000240
0.000299
0.000296
0.000407
0.000392
0.000397
0.000387
0.000381
0.000373
0.000364
0.000354
0.000344
0.000333
0.000321
0.000309
0.000296
0.000283
0.000270
0.000256
0.000242
0.000228
0.000214
0.000199
0.000185
0.000171
0.000157
0.000143
0.000267
0.000253
0.000251
0.000610
0.000572
0.000595
0.000570
0.000562
0.000547
0.000535
0.000521
0.000508
0.000497
0.000608
0.000604
0.000608
0.000605
0.000602
0.000597
0.000591
0.000614
0.000611
0.000609
0.000632
0.000626
0.000623
0.000616
0.000609
0.000601
0.000593
0.000584
0.000596
0.000588
0.000582
0.000574
0.000566
0.000558
0.000549
0.000541
0.000532
0.000523
0.000513
0.000504
0.000494
0.000503
0.000495
0.000489
0.000482
0.000477
0.000472
0.000468
0.000463
0.000459
0.000465
0.000464
0.000464
0.000479
0.000478
0.000478
0.000478
0.000478
0.000477
0.000477
0.000476
0.000475
0.000475
0.000474
0.000473
0.000472
0.000471
0.000470
0.000468
0.000467
0.000465
0.000481
0.000703
0.000687
0.000706
0.000697
0.000699
0.000695
0.000710
0.000708
0.000704
0.000700
0.000696
0.000690
0.000684
0.000678
0.000671
0.000664
0.000656
0.000648
0.000639
0.000631
0.000622
0.000613
0.000604
0.000595
0.000585
0.000576
0.000567
0.000557
0.000548
0.000539
0.000529
0.000520
0.000511
0.000502
0.000493
0.000484
0.000477
0.000494
0.000489
0.000486
0.000481
0.000536
0.000533
0.000535
0.000533
0.000532
0.000537
0.000536
0.000569
0.000564
0.000565
0.000561
0.000558
0.000554
0.000550
0.000546
0.000542
0.000537
0.000532
0.000566
0.000557
0.000554
0.000546
0.000540
0.000532
0.000525
0.000517
0.000509
0.000500
0.000492
0.000483
0.000474
0.000464
0.000455
0.000446
0.000437
0.000428
0.000430
0.000421
0.001422
0.001335
0.001412
0.001361
0.001357
0.001331
0.001310
0.001282
0.001253
0.001220
0.001185
0.001148
0.001108
0.001067
0.001024
0.000980
0.000936
0.000891
0.000951
0.000905
0.001113
0.001070
0.001066
0.001029
0.001001
0.000967
0.000934
0.000900
0.000865
0.000829
0.000792
0.000756
0.000719
0.000681
0.000644
0.000607
0.000570
0.000533
0.000496
0.000498
0.000468
0.000452
0.000431
0.000412
0.000392
0.000373
0.000353
0.001040
0.000964
0.001005
0.000955
0.000940
0.001368
0.001312
0.001319
0.001273
0.001243
0.001227
0.001216
0.001203
0.001190
0.001176
0.001161
0.001145
0.001128
0.001111
0.001093
0.001074
0.001055
0.001036
0.001273
0.001263
0.001272
0.001267
0.001267
0.001264
0.001261
0.001258
0.001253
0.001247
0.001240
0.001233
0.001226
0.001218
0.001208
0.001198
0.001617
0.001567
0.001602
0.001565
0.001563
0.001540
0.001527
0.001506
0.001487
0.001738
0.001694
0.001694
0.001657
0.001632
0.001604
0.001578
0.001548
0.001552
0.001516
0.001721
0.001690
0.001680
0.001652
0.001627
0.001725
0.001687
0.001666
0.001628
0.001595
0.001557
0.001518
0.001478
0.001436
0.001393
0.001349
0.001304
0.001258
0.001211
0.001163
0.001115
0.001066
0.001017
0.000968
0.000920
0.000875
0.000833
0.000794
0.000755
0.000717
0.000730
0.000692
0.000666
0.000633
0.000601
0.000569
0.000546
0.000513
0.000481
0.000447
0.000414
0.000381
0.000348
0.000314
0.000281
0.000248
0.000520
0.000488
0.000480
0.000453
0.000438
0.000422
0.000409
0.000397
0.000384
0.000372
0.000359
0.000345
0.000332
0.000318
0.000304
0.000290
0.000277
0.000263
0.000249
0.000235
0.000221
0.000208
0.000194
0.000181
0.000169
0.000157
0.000145
0.000133
0.000121
0.000110
0.000098
0.000087
0.000076
0.000064
0.000054
0.000043
0.000032
0.000022
0.000013
0.000009
0.000006
0.000002
0.000000
0.000000
0.000000
0.000000
0.000000
0.000000
0.000000
0.000023
0.000021
0.000023
0.000023
0.000023
0.000022
0.000022
0.000022
0.000769
0.000706
0.000770
0.000735
0.000737
0.000721
0.000710
0.000693
0.000675
0.000659
0.000637
0.000614
0.000589
0.000563
0.000536
0.000508
0.000480
0.000451
0.000422
0.000393
0.000675
0.000657
0.000659
0.000646
0.000636
0.000624
0.000612
0.000598
0.000584
0.000569
0.000554
0.000538
0.000521
0.000503
0.000491
0.000805
0.000761
0.000770
0.000736
0.000718
0.000692
0.000669
0.000651
0.000622
0.000896
0.000950
0.000953
0.000926
0.001049
0.004457
0.004181
0.004462
0.004300
0.004298
0.004218
0.004154
0.004065
0.003975
0.003873
0.003763
0.003644
0.003523
0.003398
0.003268
0.003133
0.002993
0.002850
0.002852
0.002694
0.002558
0.002404
0.002257
0.002107
0.001960
0.001813
0.001669
0.001527
0.001389
0.001253
0.001122
0.000999
0.000882
0.000769
0.000660
0.000556
0.000495
0.000473
0.000452
0.000430
0.000408
0.000528
0.000515
0.000506
0.000495
0.000484
0.000472
0.000460
0.000449
0.000436
0.000424
0.000412
0.000399
0.000386
0.000374
0.000361
0.000348
0.000529
0.000516
0.000518
0.000507
0.000501
0.000493
0.000485
0.000524
0.000521
0.000777
0.000752
0.000771
0.000756
0.000753
0.000743
0.000735
0.003352
0.003162
0.003376
0.003259
0.003401
0.003342
0.003308
0.003248
0.003184
0.003108
0.003026
0.002936
0.002841
0.002740
0.002635
0.004645
0.004358
0.004430
0.004217
0.004109
0.003949
0.003904
0.003748
0.003598
0.003437
0.003276
0.003137
0.002969
0.002804
0.002677
0.002512
0.002353
0.002239
0.002085
0.001937
0.001790
0.001651
0.001562
0.001484
0.001406
0.001330
0.001255
0.001182
0.001110
0.001041
0.000974
0.000917
0.000854
0.000795
0.000738
0.000684
0.000675
0.000670
0.000667
0.000661
0.000737
0.000725
0.000727
0.000718
0.000712
0.000704
0.000696
0.000688
0.000680
0.000671
0.000662
0.000653
0.000643
0.000633
0.000622
0.000611
0.000600
0.000588
0.000576
0.000564
0.000551
0.000538
0.000525
0.000512
0.000499
0.000485
0.000471
0.000457
0.000444
0.000430
0.000416
0.000402
0.000388
0.000707
0.000666
0.000681
0.000653
0.000643
0.000624
0.000608
0.000589
0.000569
0.000549
0.000683
0.000649
0.000639
0.000609
0.000585
0.000558
0.000531
0.000503
0.000475
0.000446
0.000417
0.000387
0.000357
0.000327
0.000298
0.000270
0.000243
0.000218
0.000193
0.000169
0.000146
0.000125
0.000105
0.000086
0.000068
0.000052
0.000042
0.000036
0.000031
0.000026
0.000021
0.000017
0.000013
0.000008
0.000004
0.000001
0.000000
0.000000
0.000000
0.000000
0.000000
0.000000
0.000000
0.000000
0.000000
0.000000
0.000000
0.000000
0.000000
0.000003
0.000002
0.000003
0.000119
0.000110
0.000120
0.000115
0.000115
0.000113
0.000111
0.000109
0.000106
0.000103
0.000100
0.000096
0.000092
0.000089
0.000084
0.000082
0.000077
0.000073
0.000068
0.000064
0.000059
0.000055
0.000050
0.000046
0.000041
0.000037
0.000033
0.000029
0.000025
0.000021
0.000017
0.000045
0.000039
0.000039
0.000034
0.000032
0.000030
0.000030
0.000029
0.000028
0.000053
0.000050
0.000056
0.000054
0.000053
0.000051
0.000050
0.000048
0.000046
0.000044
0.000042
0.000040
0.000038
0.000036
0.000034
0.000032
0.000029
0.000027
0.000025
0.000023
0.000148
0.000135
0.000144
0.000136
0.000135
0.000130
0.000127
0.000127
0.000123
0.000119
0.000114
0.000109
0.000104
0.000099
0.000094
0.000089
0.000083
0.000078
0.000073
0.000068
0.000063
0.000059
0.000054
0.000049
0.000044
0.000039
0.000035
0.000030
0.000657
0.000599
0.000649
0.000616
0.000704
0.000688
0.000829
0.000802
0.000802
0.000780
0.000764
0.000743
0.000721
0.000697
0.000672
0.000645
0.000670
0.000637
0.000613
0.000580
0.000550
0.000519
0.000488
0.000456
0.000425
0.000394
0.000363
0.000332
0.000302
0.000273
0.000244
0.000443
0.000397
0.000391
0.000356
0.000338
0.000324
0.000312
0.000298
0.000284
0.000393
0.000368
0.000367
0.000350
0.000338
0.000322
0.000308
0.000292
0.000276
0.000299
0.000696
0.000689
0.000744
0.000720
0.000712
0.000695
0.000680
0.000738
0.000715
0.000702
0.000680
0.000659
0.000743
0.000729
0.000720
0.000706
0.000714
0.000700
0.000691
0.000678
0.000675
0.000666
0.000652
0.000638
0.000622
0.000605
0.000588
0.000570
0.000552
0.000533
0.000514
0.000495
0.000475
0.000455
0.000435
0.000415
0.000394
0.000375
0.000355
0.000336
0.000316
0.000297
0.000278
0.000261
0.000245
0.000253
0.000398
0.000372
0.000370
0.000449
0.000434
0.000427
0.000410
0.000399
0.000385
0.000454
0.000433
0.000428
0.000414
0.000403
0.000389
0.000375
0.000361
0.000346
0.000330
0.000314
0.000298
0.000281
0.000265
0.000248
0.000232
0.000215
0.000199
0.000182
0.000169
0.000903
0.000829
0.000879
0.000833
0.000823
0.000796
0.000774
0.000750
0.000726
0.000700
0.000675
0.000649
0.000633
0.000604
0.000575
0.000544
0.000516
0.000487
0.000458
0.000428
0.000398
0.000369
0.000341
0.000312
0.000284
0.000257
0.000230
0.000203
0.000178
0.000153
0.000129
0.000106
0.000083
0.000062
0.000042
0.000023
0.000011
0.000010
0.000010
0.000049
0.000045
0.000048
0.000046
0.000087
0.000082
0.000085
0.000082
0.000080
0.000078
0.000076
0.000490
0.000452
0.000485
0.000479
0.000478
0.000468
0.000460
0.000449
0.000437
0.000424
0.000411
0.000414
0.001322
0.001233
0.001294
0.001236
0.001222
0.001186
0.001155
0.001118
0.001092
0.001049
0.001007
0.001192
0.001160
0.001166
0.001136
0.001112
0.001083
0.001053
0.001022
0.000989
0.000955
0.000921
0.000885
0.000854
0.000836
0.000806
0.000777
0.000746
0.000714
0.000682
0.000650
0.000617
0.000584
0.000551
0.000517
0.000483
0.000721
0.000693
0.000688
0.000665
0.000649
0.000629
0.000612
0.000592
0.000573
0.000554
0.000534
0.000514
0.000495
0.000483
0.000470
0.000462
0.000448
0.000434
0.000419
0.000403
0.000387
0.000371
0.000369
0.000351
0.000335
0.000317
0.000299
0.000281
0.000264
0.000246
0.000228
0.000210
0.000192
0.000187
0.000397
0.000385
0.000387
0.000377
0.000371
0.000363
0.000384
0.000373
0.000367
0.000357
0.000348
0.000338
0.000330
0.000321
0.000312
0.000303
0.000292
0.000282
0.000271
0.000260
0.000249
0.000237
0.000225
0.000213
0.000202
0.000190
0.000178
0.000166
0.000154
0.000142
0.000130
0.000118
0.000106
0.000095
0.000083
0.000072
0.000061
0.000272
0.000245
0.000254
0.000235
0.000227
0.000219
0.000261
0.000261
0.000266
0.000461
0.000448
0.000466
0.000459
0.000460
0.000457
0.000453
0.000448
0.000442
0.000761
0.000731
0.000754
0.000735
0.000730
0.000717
0.000705
0.000690
0.000674
0.000656
0.000637
0.000617
0.000596
0.000573
0.000550
0.000526
0.000521
0.000495
0.000471
0.000446
0.000420
0.000394
0.000487
0.000461
0.000446
0.000423
0.000402
0.000381
0.000359
0.000337
0.000315
0.000293
0.000272
0.000250
0.000243
0.000224
0.000209
0.000193
0.000177
0.000162
0.000150
0.000138
0.000183
0.000384
0.000382
0.000392
0.000391
0.000395
0.000403
0.000412
0.000420
0.000428
0.000435
0.000441
0.000448
0.000453
0.000458
0.000463
0.000471
0.000474
0.000478
0.000482
0.000486
0.000490
0.000493
0.000496
0.000499
0.000502
0.000504
0.000506
0.000509
0.000514
0.000518
0.000522
0.000542
0.000544
0.000548
0.000549
0.000552
0.000553
0.000554
0.000585
0.000587
0.000591
0.000593
0.000595
0.000597
0.000598
0.000599
0.000600
0.000600
0.000600
0.000600
0.000599
0.000598
0.000597
0.000596
0.000594
0.000592
0.000589
0.000587
0.000584
0.000581
0.000577
0.002700
0.002521
0.002696
0.002595
0.002595
0.002548
0.002512
0.002462
0.002408
0.002348
0.002283
0.002213
0.002140
0.002163
0.002084
0.002010
0.002038
0.001948
0.001874
0.001785
0.001704
0.001618
0.001532
0.001447
0.001362
0.001278
0.001195
0.001114
0.001034
0.001973
0.001878
0.001888
0.001820
0.001776
0.001723
0.001757
0.001703
0.001654
0.001599
0.001547
0.001490
0.001433
0.001375
0.001326
0.001277
0.001230
0.001181
0.001131
0.001081
0.001032
0.000982
0.000932
0.000885
0.000839
0.000793
0.000748
0.000704
0.000661
0.000619
0.000578
0.000538
0.000500
0.000463
0.000447
0.000479
0.000463
0.000459
0.000447
0.000437
0.000427
0.000416
0.000405
0.000394
0.000382
0.000371
0.000359
0.000347
0.000335
0.000323
0.000311
0.000299
0.000287
0.000275
0.000263
0.000252
0.000336
0.000323
0.000319
0.000308
0.000300
0.000292
0.000283
0.000275
0.000266
0.000257
0.000249
0.000240
0.000232
0.000223
0.000215
0.000209
0.000204
0.000198
0.000192
0.000186
0.000181
0.000175
0.000169
0.000165
0.000160
0.000155
0.000151
0.000148
0.000150
0.000144
0.000140
0.000135
0.000130
0.000125
0.000121
0.000116
0.000112
0.000108
0.000105
0.000102
0.000099
0.000098
0.000096
0.000096
0.000094
0.000091
0.035397
0.032617
0.035568
0.034055
0.034172
0.033526
0.033054
0.032350
0.031591
0.030717
0.029767
0.028738
0.027645
0.026493
0.025293
0.024053
0.022780
0.021482
0.020167
0.018841
0.017511
0.016182
0.014862
0.013555
0.012266
0.011000
0.009777
0.008568
0.007396
0.006260
0.005165
0.004114
0.003107
0.002147
0.001235
0.000373
0.000022
0.000020
0.000019
0.000017
0.000015
0.000014
0.000013
0.006525
0.005982
0.006549
0.006247
0.006269
0.006138
0.006046
0.005907
0.005760
0.005591
0.005408
0.005210
0.005002
0.004783
0.004555
0.004321
0.004081
0.003837
0.003591
0.003343
0.003096
0.002850
0.002606
0.002365
0.002129
0.001897
0.001671
0.001454
0.001241
0.001037
0.000840
0.000651
0.000472
0.000301
0.000140
0.000002
0.000002
0.000002
0.000002
0.000002
0.000002
0.000002
0.000002
0.000001
0.000001
0.000001
0.000001
0.000001
0.000001
0.000001
0.000001
0.000001
0.000001
0.000001
0.000001
0.000001
0.000308
0.000283
0.000310
0.000297
0.000299
0.000302
0.000297
0.000292
0.000285
0.000278
0.000270
0.000261
0.000251
0.000241
0.000362
0.000358
0.000363
0.000361
0.000359
0.000357
0.000354
0.000351
0.000346
0.000341
0.000336
0.000330
0.000323
0.000355
0.000351
0.000349
0.000348
0.000346
0.000343
0.000340
0.000337
0.000333
0.000329
0.000325
0.000321
0.000536
0.000515
0.000531
0.000517
0.000515
0.000506
0.000567
0.000552
0.000548
0.000535
0.000523
0.000510
0.000496
0.000480
0.000464
0.000448
0.000430
0.000412
0.000394
0.000375
0.000356
0.000336
0.000316
0.000296
0.000278
0.000261
0.000244
0.000227
0.000374
0.000353
0.000350
0.000333
0.000321
0.000307
0.000294
0.000347
0.000327
0.000318
0.000300
0.000321
0.000304
0.000295
0.000320
0.000307
0.000299
0.000287
0.000275
0.000263
0.000250
0.000237
0.000224
0.000210
0.000196
0.000183
0.000170
0.000157
0.000145
0.000133
0.000121
0.022204
0.020445
0.022323
0.021393
0.021451
0.021032
0.020721
0.020267
0.019782
0.019226
0.018623
0.017972
0.017282
0.016557
0.015801
0.015020
0.014219
0.013404
0.012578
0.011746
0.010912
0.010080
0.009252
0.008436
0.007629
0.006837
0.006061
0.005306
0.004572
0.003862
0.003178
0.002521
0.001891
0.001292
0.000723
0.000184
0.000006
0.000003
0.000002
0.000001
0.000001
0.000007
0.000006
0.000007
0.000006
0.000006
0.000006
0.000006
0.000006
0.000006
0.000005
0.000005
0.000029
0.000027
0.000028
0.000029
0.000044
0.000042
0.000043
0.000042
0.000041
0.000040
0.000039
0.000038
0.000036
0.000035
0.000033
0.000032
0.000030
0.000029
0.000057
0.000053
0.000054
0.000051
0.000049
0.000047
0.000045
0.000043
0.000041
0.000038
0.000036
0.000034
0.005873
0.005387
0.005894
0.005720
0.005732
0.005623
0.005535
0.005411
0.005276
0.005123
0.004957
0.004778
0.004588
0.004388
0.004181
0.003967
0.003749
0.003568
0.003345
0.003125
0.002901
0.002679
0.002459
0.002241
0.002027
0.001818
0.001614
0.001415
0.001222
0.001036
0.000886
0.000716
0.000556
0.000402
0.000257
0.000128
0.000128
0.000128
0.000330
0.000315
0.000333
0.000325
0.000326
0.000323
0.000320
0.000317
0.000312
0.000307
0.000302
0.000296
0.000289
0.000282
0.000275
0.000267
0.000259
0.000250
0.000242
0.000233
0.000224
0.000215
0.000228
0.000219
0.000277
0.000263
0.000261
0.000251
0.000244
0.000235
0.000227
0.000219
0.000210
0.000202
0.000193
0.000185
0.000177
0.000174
0.000170
0.000166
0.000161
0.000157
0.000152
0.000148
0.000835
0.000877
0.000931
0.000904
0.000904
0.000889
0.001013
0.001009
0.001020
0.001015
0.001013
0.001005
0.000996
0.000984
0.000970
0.000953
0.000936
0.000917
0.000897
0.000875
0.000851
0.000826
0.000799
0.000772
0.000743
0.000714
0.000683
0.000652
0.000620
0.000588
0.000717
0.000688
0.000676
0.000650
0.000630
0.000606
0.000584
0.000561
0.000539
0.000516
0.000493
0.000471
0.000448
0.000425
0.000403
0.000384
0.000368
0.000352
0.000335
0.000318
0.000301
0.000283
0.000266
0.000248
0.000231
0.000216
0.000201
0.000186
0.000171
0.000156
0.000141
0.000126
0.000112
0.000098
0.000083
0.000070
0.000057
0.000049
0.000041
0.000033
0.000025
0.000018
0.000035
0.000026
0.000023
0.000022
0.000022
0.000022
0.000021
0.000021
0.000023
0.000022
0.000022
0.000021
0.000020
0.000019
0.000018
0.000017
0.000017
0.000016
0.000015
0.000014
0.000013
0.000012
0.000011
0.000010
0.000009
0.000209
0.000192
0.000208
0.000198
0.000198
0.000193
0.000339
0.000322
0.000330
0.000317
0.000311
0.000302
0.000293
0.000283
0.000273
0.000262
0.000250
0.000238
0.000226
0.000213
0.000200
0.000187
0.000174
0.000161
0.000148
0.000136
0.000123
0.000110
0.000098
0.000086
0.000075
0.000064
0.000053
0.000043
0.000033
0.000023
0.000032
0.000027
0.000024
0.000019
0.000016
0.000013
0.000013
0.001753
0.001612
0.001760
0.001681
0.001687
0.001653
0.001628
0.001592
0.001553
0.001508
0.001460
0.001407
0.001352
0.001294
0.001233
0.001171
0.001219
0.001144
0.001088
0.002758
0.002551
0.002637
0.002492
0.002434
0.002335
0.002248
0.002148
0.002048
0.001944
0.001837
0.001729
0.001619
0.001509
0.001398
0.001288
0.001179
0.001105
0.001035
0.000965
0.000895
0.000824
0.000755
0.000686
0.000708
0.000634
0.000577
0.000511
0.000450
0.000390
0.000332
0.000276
0.000223
0.000174
0.000127
0.000104
0.000089
0.000088
0.000084
0.000081
0.000088
0.000083
0.000081
0.000076
0.000073
0.000076
0.000071
0.000068
0.000063
0.000059
0.000055
0.000051
0.000047
0.000042
0.000038
0.000034
0.000030
0.000027
0.000023
0.000019
0.000017
0.000016
0.000015
0.000013
0.000012
0.000010
0.000078
0.000071
0.000075
0.000071
0.000070
0.000068
0.000066
0.000064
0.000062
0.000060
0.000058
0.000056
0.000053
0.000051
0.000048
0.000078
0.000073
0.000073
0.000069
0.000066
0.000063
0.000334
0.000310
0.000329
0.000356
0.000354
0.000353
0.000347
0.000340
0.000332
0.000324
0.000314
0.000304
0.000293
0.000282
0.000270
0.000258
0.000245
0.000233
0.000219
0.000206
0.000193
0.000180
0.000167
0.000154
0.000141
0.000128
0.000115
0.000103
0.000091
0.000079
0.000069
0.000059
0.000049
0.000039
0.000030
0.000021
0.000016
0.000014
0.000012
0.000010
0.000008
0.000007
0.000005
0.000003
0.000001
0.000000
0.000000
0.000000
0.000000
0.000000
0.000000
0.000000
0.000000
0.000000
0.000000
0.000000
0.000000
0.000000
0.000000
0.000000
0.000000
0.000000
0.000000
0.000000
0.000000
0.000000
0.000000
0.000000
0.000020
0.000018
0.000020
0.000019
0.000019
0.000019
0.000019
0.000018
0.000018
0.000017
0.000017
0.000016
0.000016
0.000015
0.000014
0.000014
0.000013
0.000012
0.000012
0.000011
0.000010
0.000009
0.000009
0.000008
0.000007
0.000006
0.000019
0.000017
0.000017
0.000016
0.000015
0.000015
0.000014
0.000013
0.000012
0.000011
0.000011
0.000010
0.000010
0.000010
0.000043
0.000040
0.000042
0.000040
0.000040
0.000039
0.000038
0.000037
0.000035
0.000034
0.000033
0.000031
0.000030
0.000028
0.000027
0.000025
0.000023
0.000022
0.000020
0.000018
0.000017
0.000015
0.000014
0.000013
0.000011
0.000010
0.000009
0.000008
0.000007
0.000006
0.000005
0.000004
0.000003
0.000002
0.000001
0.000000
0.000000
0.000000
0.000000
0.000000
0.000000
0.000000
0.000000
0.000000
0.000000
0.000000
0.000000
0.000000
0.000083
0.000077
0.000084
0.000080
0.000081
0.000080
0.000079
0.000077
0.000075
0.000073
0.000071
0.000088
0.000084
0.000083
0.000080
0.000077
0.000074
0.000070
0.000067
0.000063
0.000060
0.000056
0.000052
0.000049
0.000045
0.000041
0.000038
0.000034
0.000031
0.000027
0.000024
0.000032
0.000028
0.000026
0.000023
0.000020
0.000018
0.000017
0.000016
0.000015
0.000014
0.000013
0.000012
0.000219
0.000201
0.000218
0.000208
0.000208
0.000203
0.000200
0.000195
0.000190
0.000184
0.000178
0.000172
0.000165
0.000157
0.000150
0.000142
0.000134
0.000126
0.000117
0.000109
0.000101
0.000093
0.000085
0.000077
0.000069
0.000062
0.000054
0.000047
0.000041
0.000034
0.000051
0.000043
0.000039
0.000033
0.000028
0.000024
0.000024
0.000024
0.000024
0.000024
0.000024
0.000024
0.000024
0.000024
0.000024
0.000057
0.000054
0.000057
0.000091
0.000088
0.000090
0.000087
0.000086
0.000084
0.000082
0.000080
0.000186
0.000175
0.000181
0.000174
0.000171
0.000166
0.000161
0.000156
0.000150
0.000144
0.000137
0.000131
0.000124
0.000274
0.000254
0.000260
0.000245
0.000239
0.000228
0.000219
0.000209
0.000199
0.000188
0.000177
0.000166
0.000156
0.000146
0.000136
0.000126
0.000117
0.000107
0.000098
0.000089
0.000080
0.000072
0.000063
0.000057
0.000051
0.000045
0.000040
0.000035
0.000030
0.000025
0.000020
0.000015
0.000011
0.000007
0.000003
0.000000
0.000000
0.000000
0.000000
0.000000
0.000000
0.000000
0.000000
0.000000
0.000000
0.000000
0.000000
0.000000
0.000000
0.000000
0.000000
0.000000
0.000000
0.000000
0.000000
0.000000
0.000000
0.000000
0.000000
0.000000
0.000000
0.000000
0.000000
0.000000
0.000000
0.000000
0.000000
0.000000
0.000000
0.000000
0.000045
0.000042
0.000046
0.000044
0.000044
0.000044
0.000043
0.000043
0.000042
0.000041
0.000039
0.000038
0.000052
0.000050
0.000049
0.000047
0.000045
0.000043
0.000067
0.000065
0.000066
0.000071
0.000070
0.000069
0.000068
0.000066
0.000065
0.000063
0.000062
0.000060
0.000058
0.000056
0.000054
0.000112
0.000105
0.000107
0.000102
0.000125
0.000120
0.000119
0.000131
0.000128
0.000125
0.000121
0.000118
0.000114
0.000110
0.000106
0.000102
0.000119
0.000114
0.000111
0.000107
0.000103
0.000098
0.000094
0.000089
0.000085
0.000080
0.000076
0.000071
0.000066
0.000062
0.000057
0.000052
0.000048
0.000043
0.000039
0.000035
0.000032
0.000029
0.000026
0.000023
0.000021
0.000018
0.000015
0.000013
0.000011
0.000009
0.000007
0.000006
0.000005
0.000003
0.000002
0.000002
0.000001
0.000000
0.000000
0.000000
0.000000
0.000000
0.000000
0.000000
0.000000
0.000000
0.000000
0.000000
0.000000
0.000000
0.000000
0.000000
0.000000
0.000000
0.000000
0.000000
0.000000
0.000000
0.000000
0.000000
0.000000
0.000232
0.000213
0.000233
0.000223
0.000224
0.000219
0.000216
0.000211
0.000206
0.000200
0.000214
0.000206
0.000200
0.000192
0.000184
0.000175
0.000179
0.000169
0.000161
0.000163
0.000153
0.000144
0.000134
0.000125
0.000115
0.000105
0.000096
0.000087
0.000078
0.000069
0.000060
0.000052
0.000044
0.000036
0.000029
0.000021
0.000019
0.000030
0.000028
0.000027
0.000025
0.000023
0.000022
0.000020
0.000018
0.000017
0.000020
0.000018
0.000018
0.000331
0.000305
0.000331
0.000316
0.000317
0.000310
0.000305
0.000299
0.000292
0.000283
0.000274
0.000265
0.000255
0.000244
0.000233
0.000221
0.000210
0.000198
0.000185
0.000173
0.000161
0.000149
0.000144
0.000132
0.000121
0.000109
0.000098
0.000088
0.000077
0.000067
0.000057
0.000048
0.000039
0.000031
0.001540
0.001414
0.001545
0.001482
0.001490
0.001629
0.001598
0.001584
0.001545
0.001509
0.001466
0.001423
0.001373
0.001321
0.001265
0.001207
0.001147
0.001085
0.001023
0.000959
0.000895
0.000831
0.000767
0.000704
0.000641
0.000579
0.000519
0.000459
0.000402
0.000346
0.000292
0.000239
0.000189
0.000142
0.000096
0.000053
0.000022
0.000017
0.000012
0.000007
0.000003
0.000001
0.000001
0.000001
0.000000
0.000000
0.000000
0.000000
0.000000
0.000000
0.000001
0.000001
0.000001
0.000001
0.000001
0.000001
0.000001
0.000001
0.000001
0.000190
0.000176
0.000193
0.000185
0.000187
0.000184
0.000182
0.000179
0.000175
0.000220
0.000211
0.000210
0.000203
0.000197
0.000190
0.000183
0.000175
0.000167
0.000159
0.000254
0.000248
0.000250
0.000246
0.000243
0.000239
0.000234
0.000281
0.000271
0.000270
0.000262
0.000255
0.000248
0.000288
0.000283
0.000281
0.000277
0.000273
0.000268
0.000270
0.000264
0.000259
0.000253
0.000247
0.000241
0.000234
0.000228
0.000222
0.000216
0.000210
0.000203
0.000197
0.000190
0.000183
0.000218
0.000213
0.000212
0.000207
0.000204
0.000200
0.000196
0.000192
0.000188
0.000185
0.000182
0.000179
0.000175
0.000172
0.000168
0.000164
0.000160
0.000156
0.000152
0.000148
0.000143
0.000139
0.000135
0.000130
0.000130
0.000125
0.000160
0.000155
0.000159
0.000159
0.000158
0.000157
0.000156
0.000155
0.000154
0.000153
0.000152
0.000150
0.000149
0.000147
0.000145
0.000144
0.000142
0.000140
0.000150
0.000149
0.000150
0.000149
0.000150
0.000151
0.000151
0.000152
0.000153
0.000231
0.000229
0.000238
0.000242
0.000247
0.000251
0.000259
0.000262
0.000266
0.000292
0.000293
0.000297
0.000298
0.000300
0.000301
0.000302
0.000303
0.000303
0.000391
0.000383
0.000409
0.000405
0.000407
0.000405
0.000403
0.000422
0.000418
0.000416
0.000412
0.000408
0.002029
0.001896
0.002032
0.001958
0.001960
0.001925
0.001913
0.001876
0.001837
0.001791
0.001742
0.001689
0.001633
0.001574
0.001512
0.001476
0.001412
0.001349
0.001283
0.001218
0.001152
0.001086
0.001020
0.000955
0.000893
0.000849
0.000790
0.000734
0.000692
0.000638
0.000588
0.000539
0.000492
0.000447
0.000405
0.000364
0.000340
0.000340
0.000339
0.000338
0.000337
0.000336
0.000335
0.000333
0.000332
0.000331
0.000329
0.000328
0.000367
0.000362
0.000364
0.000361
0.000360
0.000358
0.000356
0.000354
0.000353
0.000408
0.000401
0.000403
0.000398
0.000496
0.000484
0.000489
0.000480
0.000476
0.000469
0.000463
0.000456
0.000448
0.000440
0.000447
0.000437
0.000429
0.000419
0.000409
0.000399
0.000389
0.000379
0.000368
0.000358
0.000347
0.000336
0.000326
0.000316
0.000307
0.000297
0.000288
0.000278
0.000269
0.000260
0.000251
0.000242
0.000274
0.000267
0.000291
0.000286
0.000284
0.000281
0.000279
0.000277
0.000275
0.000272
0.000269
0.000266
0.000263
0.000260
0.000257
0.000254
0.000251
0.000247
0.000244
0.000240
0.000236
0.000232
0.000228
0.000224
0.000220
0.000216
0.000211
0.000207
0.000202
0.000198
0.000193
0.000188
0.000183
0.000178
0.000173
0.000168
0.000176
0.000171
0.000167
0.000162
0.000157
0.000152
0.000148
0.000143
0.000138
0.000133
0.000128
0.000123
0.000118
0.000113
0.000108
0.000103
0.000098
0.000093
0.000089
0.000084
0.000080
0.000075
0.000071
0.000067
0.000062
0.000058
0.000053
0.000049
0.000064
0.000058
0.000056
0.000050
0.000046
0.000042
0.000039
0.000035
0.000032
0.000028
0.000025
0.000022
0.000021
0.000020
0.000018
0.000017
0.000016
0.000015
0.000014
0.000013
0.000012
0.000011
0.000010
0.000009
0.000008
0.000007
0.000006
0.000005
0.000004
0.000004
0.000003
0.000002
0.000002
0.000001
0.000001
0.000000
0.000000
0.000000
0.000000
0.000000
0.000000
0.000000
0.000000
0.000000
0.000000
0.000000
0.000158
0.000145
0.000159
0.000152
0.000153
0.000150
0.000148
0.000145
0.000181
0.000444
0.000567
0.000573
0.000569
0.000559
0.000549
0.000537
0.000523
0.000508
0.000491
0.000474
0.000455
0.000435
0.000414
0.000393
0.000372
0.000350
0.000464
0.000447
0.000440
0.000425
0.000467
0.000450
0.000440
0.000424
0.000410
0.000394
0.000495
0.000473
0.000574
0.000555
0.000550
0.000535
0.000523
0.000566
0.000551
0.000541
0.000526
0.000511
0.000496
0.000481
0.000465
0.000448
0.000431
0.000414
0.000396
0.000378
0.000359
0.000341
0.000322
0.000303
0.000285
0.000266
0.000247
0.000229
0.000211
0.000193
0.000225
0.000204
0.000194
0.000179
0.000167
0.000158
0.000149
0.000140
0.000133
0.000126
0.000119
0.000112
0.000104
0.000134
0.000126
0.000122
0.000113
0.000131
0.000121
0.000116
0.000108
0.000100
0.000093
0.000087
0.000128
0.000121
0.000119
0.000113
0.000108
0.000104
0.000101
0.000275
0.000257
0.000269
0.000257
0.000254
0.000248
0.000242
0.000235
0.000281
0.000273
0.000270
0.000288
0.000282
0.000276
0.000269
0.000262
0.000255
0.000247
0.000238
0.000230
0.000221
0.000212
0.000204
0.000435
0.000407
0.000418
0.000399
0.000390
0.000377
0.000365
0.000351
0.000338
0.000323
0.000308
0.000293
0.000278
0.000302
0.000287
0.000278
0.000323
0.000344
0.000702
0.000661
0.000682
0.000655
0.000645
0.000730
0.000706
0.000696
0.000672
0.000652
0.000628
0.000606
0.000583
0.000563
0.000542
0.000521
0.000500
0.000480
0.000464
0.000448
0.000431
0.000415
0.000398
0.000382
0.000365
0.000349
0.000333
0.000317
0.000301
0.000285
0.000270
0.000256
0.000242
0.000255
0.000240
0.000229
0.000220
0.000217
0.000212
0.000207
0.000202
0.000197
0.000192
0.000187
0.000181
0.000176
0.000170
0.000164
0.000158
0.000152
0.000146
0.000140
0.000134
0.000166
0.000164
0.000161
0.000158
0.000155
0.000153
0.000150
0.000147
0.000145
0.000175
0.000191
0.000190
0.000188
0.000185
0.000182
0.000179
0.000176
0.000172
0.000169
0.000165
0.000162
0.000159
0.000156
0.000153
0.000150
0.000148
0.000145
0.000142
0.000139
0.000137
0.000174
0.000191
0.000448
0.000424
0.000443
0.000428
0.000425
0.000416
0.000409
0.000399
0.000389
0.000378
0.000366
0.000354
0.000341
0.000328
0.000315
0.000302
0.000289
0.000275
0.000262
0.000248
0.000234
0.000221
0.000207
0.000194
0.000180
0.001321
0.001218
0.001302
0.001241
0.001234
0.001202
0.001176
0.001143
0.001108
0.001071
0.001032
0.000995
0.000957
0.000918
0.000878
0.000836
0.000793
0.000755
0.000710
0.000666
0.000621
0.000576
0.000531
0.000487
0.000444
0.000451
0.000407
0.000370
0.000331
0.000294
0.000258
0.000224
0.000191
0.000159
0.000302
0.000258
0.000259
0.000250
0.000250
0.000245
0.000242
0.000237
0.000232
0.000227
0.000221
0.000215
0.000208
0.000201
0.000194
0.000187
0.000179
0.000205
0.000195
0.000189
0.000180
0.000172
0.000163
0.000155
0.000147
0.000138
0.000130
0.000121
0.000298
0.000274
0.000282
0.000270
0.000262
0.000252
0.000241
0.000230
0.000223
0.000215
0.000206
0.000198
0.000188
0.000179
0.000169
0.000169
0.000158
0.000149
0.000139
0.000176
0.000277
0.000262
0.000260
0.000250
0.000241
0.000229
0.000219
0.000208
0.000219
0.000206
0.000196
0.000184
0.000173
0.000161
0.000150
0.000139
0.000131
0.000124
0.000117
0.000109
0.000133
0.000123
0.000126
0.000116
0.000110
0.000102
0.000094
0.000087
0.000079
0.000072
0.000065
0.000058
0.000051
0.000104
0.000098
0.000100
0.000096
0.000094
0.000090
0.000098
0.000094
0.000091
0.000090
0.000087
0.000084
0.000089
0.000085
0.000083
0.000079
0.000076
0.000072
0.000068
0.000065
0.000061
0.000057
0.000053
0.000050
0.000098
0.000093
0.000093
0.000091
0.000158
0.000154
0.000158
0.000156
0.000155
0.000154
0.000153
0.000151
0.000149
0.000147
0.000144
0.000141
0.000139
0.000151
0.000148
0.000146
0.000143
0.000140
0.000137
0.000134
0.000130
0.000126
0.000123
0.000119
0.000143
0.000139
0.000138
0.000135
0.000132
0.000130
0.000126
0.000123
0.000120
0.000116
0.000113
0.000109
0.000105
0.000101
0.000097
0.000093
0.000089
0.000085
0.000080
0.000076
0.000072
0.000069
0.000065
0.000061
0.000058
0.000054
0.000051
0.000047
0.000044
0.000080
0.000074
0.000074
0.000070
0.000067
0.000064
0.000061
0.000057
0.000054
0.000051
0.000047
0.000053
0.000049
0.000047
0.000043
0.000040
0.000038
0.000036
0.000034
0.000033
0.000031
0.000029
0.000041
0.000039
0.000038
0.000036
0.000035
0.000033
0.000031
0.000030
0.000028
0.000026
0.000024
0.000023
0.000021
0.000019
0.000017
0.000016
0.000016
0.000015
0.000014
0.000128
0.000118
0.000127
0.000120
0.021715
0.019966
0.021886
0.020929
0.021040
0.020639
0.020362
0.019929
0.019463
0.018922
0.018333
0.017693
0.017012
0.016294
0.015546
0.014772
0.013978
0.013173
0.012354
0.011529
0.010701
0.009876
0.009070
0.008259
0.007463
0.006680
0.005921
0.005389
0.004652
0.003974
0.003295
0.002655
0.002040
0.001456
0.000902
0.000378
0.000202
0.000196
0.000189
0.000192
0.000184
0.000177
0.000169
0.000160
0.000151
0.000143
0.000134
0.000210
0.000203
0.000203
0.000197
0.000193
0.000188
0.000183
0.000178
0.000172
0.000244
0.000232
0.000233
0.000224
0.000218
0.000210
0.000203
0.000195
0.000187
0.000178
0.000170
0.000161
0.000152
0.000142
0.000133
0.000187
0.000248
0.000244
0.000246
0.000244
0.000243
0.000247
0.000246
0.000246
0.000245
0.000244
0.000243
0.000242
0.000240
0.000238
0.000236
0.000233
0.000231
0.000228
0.000225
0.000267
0.000261
0.000263
0.000259
0.000257
0.000253
0.000250
0.000246
0.000242
0.000237
0.000232
0.000227
0.000222
0.000216
0.000210
0.000205
0.000198
0.000192
0.000185
0.000179
0.000172
0.000165
0.000158
0.000151
0.000144
0.000136
0.000129
0.000191
0.000185
0.000184
0.000179
0.000176
0.000172
0.000168
0.000164
0.000159
0.000156
0.000152
0.000148
0.000145
0.000141
0.000137
0.000132
0.000128
0.000124
0.000119
0.000115
0.000110
0.000114
0.000109
0.000105
0.000101
0.000096
0.000092
0.000155
0.000145
0.000147
0.000140
0.000146
0.000140
0.000136
0.000130
0.000125
0.000119
0.000113
0.000107
0.000101
0.000094
0.000088
0.000081
0.000075
0.000069
0.000063
0.000056
0.000083
0.000079
0.000078
0.000076
0.000075
0.000073
0.000071
0.000070
0.000068
0.000066
0.000063
0.000082
0.000078
0.000077
0.000074
0.000072
0.000069
0.000066
0.000063
0.000060
0.000057
0.000054
0.000051
0.000048
0.000045
0.000042
0.000039
0.000036
0.000033
0.000030
0.000027
0.000024
0.000022
0.000019
0.000016
0.000285
0.000260
0.000282
0.000268
0.000268
0.000261
0.000256
0.000250
0.000243
0.000236
0.000228
0.000220
0.000211
0.000202
0.000193
0.000183
0.000173
0.000163
0.000153
0.000884
0.000815
0.000868
0.000826
0.001112
0.001080
0.001086
0.001060
0.001042
0.001017
0.000992
0.000963
0.000932
0.000944
0.000914
0.000886
0.000854
0.000822
0.000789
0.000755
0.000816
0.000774
0.000746
0.000707
0.000672
0.000635
0.000612
0.000574
0.000542
0.000534
0.000497
0.000464
0.000429
0.000395
0.000362
0.000330
0.000309
0.000294
0.000279
0.000265
0.000251
0.000240
0.000228
0.000216
0.000204
0.000192
0.000234
0.000223
0.000216
0.000205
0.000195
0.000185
0.000175
0.000165
0.000155
0.000145
0.000134
0.000124
0.000114
0.000104
0.000093
0.000083
0.000074
0.000064
0.000056
0.000051
0.000046
0.000044
0.000042
0.000039
0.000037
0.000034
0.000034
0.000031
0.000029
0.000026
0.000069
0.000063
0.000065
0.000060
0.000058
0.000055
0.000052
0.000049
0.000046
0.000043
0.000040
0.000038
0.000186
0.000172
0.000183
0.000174
0.000173
0.000168
0.000164
0.000159
0.000153
0.000148
0.000142
0.000135
0.000129
0.000122
0.000115
0.000142
0.000132
0.000128
0.000119
0.000149
0.000138
0.000134
0.000125
0.000118
0.000110
0.000104
0.000097
0.000090
0.000083
0.000076
0.000069
0.000181
0.000165
0.000169
0.000160
0.000158
0.000181
0.000177
0.000178
0.000175
0.000173
0.000170
0.000166
0.000163
0.000159
0.000155
0.000151
0.000147
0.000142
0.000138
0.000134
0.000129
0.000125
0.000120
0.000116
0.000143
0.000209
0.000202
0.000206
0.000201
0.000199
0.000196
0.000192
0.000189
0.000195
0.000190
0.000187
0.000182
0.000177
0.000232
0.000221
0.000221
0.000212
0.000207
0.000200
0.000194
0.000254
0.000247
0.000258
0.000250
0.000247
0.000241
0.000235
0.000229
0.000223
0.000216
0.000210
0.000203
0.000197
0.000190
0.000183
0.000176
0.000170
0.000165
0.000160
0.000154
0.000149
0.000143
0.000138
0.000133
0.000128
0.000122
0.000117
0.000189
0.000183
0.000318
0.000305
0.000315
0.000308
0.000306
0.000302
0.000298
0.000293
0.000287
0.000281
0.000275
0.000268
0.000371
0.000355
0.000357
0.000344
0.000336
0.000326
0.000316
0.000305
0.000294
0.000282
0.000271
0.000393
0.000373
0.000373
0.000356
0.000347
0.000348
0.000336
0.000382
0.000369
0.000362
0.000351
0.000342
0.000333
0.000325
0.000318
0.000312
0.000306
0.000299
0.000293
0.000286
0.000279
0.000272
0.000264
0.000403
0.000384
0.000390
0.000379
0.000374
0.000367
0.000359
0.000351
0.000342
0.000333
0.000323
0.000313
0.000303
0.000292
0.000281
0.000270
0.000258
0.000247
0.000261
0.000247
0.000238
0.000226
0.000215
0.000203
0.000269
0.000259
0.000255
0.000247
0.000240
0.000233
0.000226
0.000219
0.000243
0.000234
0.000230
0.000222
0.000214
0.000207
0.000199
0.000190
0.000182
0.000173
0.000165
0.000156
0.000147
0.000138
0.000129
0.000120
0.000111
0.000102
0.000094
0.000086
0.000078
0.000139
0.000562
0.000526
0.000556
0.000533
0.000530
0.000517
0.000507
0.000494
0.000481
0.000467
0.000453
0.000439
0.000500
0.000478
0.000469
0.000449
0.000433
0.000414
0.000396
0.000429
0.000406
0.000390
0.000368
0.000349
0.000328
0.000307
0.000287
0.000266
0.000246
0.000272
0.000249
0.000233
0.000213
0.000194
0.000176
0.000158
0.000146
0.000139
0.000156
0.000149
0.000143
0.000137
0.000130
0.000150
0.000142
0.000137
0.000130
0.000123
0.000116
0.000111
0.000107
0.000102
0.000097
0.000092
0.000087
0.000093
0.000087
0.000083
0.000077
0.000097
0.000093
0.000090
0.000087
0.000083
0.000080
0.000078
0.000075
0.000073
0.000070
0.000067
0.000065
0.000070
0.000067
0.000065
0.000069
0.000066
0.000064
0.000067
0.000064
0.000061
0.000058
0.000056
0.000054
0.000052
0.000050
0.000047
0.000045
0.000042
0.000040
0.000037
0.000035
0.000032
0.000030
0.000056
0.000052
0.000052
0.000092
0.000087
0.000088
0.000084
0.000081
0.000078
0.000089
0.000086
0.000085
0.000082
0.000080
0.000078
0.000077
0.000075
0.000073
0.000071
0.000069
0.000067
0.000065
0.000063
0.000102
0.000096
0.000097
0.000093
0.000095
0.000091
0.000088
0.000085
0.000135
0.000136
0.000137
0.000132
0.000129
0.000124
0.000120
0.000116
0.000112
0.000108
0.000104
0.000100
0.000191
0.000179
0.000183
0.000174
0.000170
0.000164
0.000158
0.000151
0.000145
0.000138
0.000131
0.000145
0.000135
0.000132
0.000123
0.000116
0.000109
0.000102
0.000105
0.000098
0.000145
0.000139
0.000137
0.000132
0.000129
0.000126
0.000123
0.000120
0.000117
0.000113
0.000349
0.000341
0.000356
0.000343
0.000339
0.000330
0.000323
0.000314
0.000304
0.000300
0.000288
0.000277
0.000265
0.000252
0.000240
0.000226
0.000213
0.000200
0.000187
0.000174
0.000161
0.000148
0.000135
0.000122
0.000110
0.000097
0.000085
0.000074
0.000069
0.000057
0.000047
0.000038
0.000038
0.000030
0.000024
0.000018
0.000016
0.000016
0.000015
0.000015
0.000014
0.000013
0.000013
0.000070
0.000076
0.000079
0.000077
0.000076
0.000075
0.000073
0.000071
0.000069
0.000067
0.000082
0.000082
0.000082
0.000082
0.000082
0.000082
0.000082
0.000082
0.000081
0.000095
0.000096
0.000097
0.000098
0.000099
0.000102
0.000103
0.000148
0.000146
0.000151
0.000165
0.000165
0.000166
0.000166
0.000165
0.000165
0.000164
0.000163
0.000174
0.000172
0.000172
0.000170
0.000168
0.000166
0.000164
0.000161
0.000159
0.000156
0.000153
0.000150
0.000147
0.000144
0.000428
0.000402
0.000424
0.000409
0.000407
0.000399
0.000393
0.000384
0.000375
0.000365
0.000354
0.000343
0.000332
0.000321
0.000309
0.000297
0.000285
0.000273
0.000260
0.000247
0.000234
0.000221
0.000209
0.000217
0.000205
0.000294
0.000280
0.000292
0.000281
0.000274
0.000265
0.000256
0.000247
0.000238
0.000228
0.000218
0.000209
0.000199
0.000189
0.000200
0.000190
0.000185
0.000179
0.000174
0.000168
0.000162
0.000156
0.000150
0.000143
0.000137
0.000131
0.000125
0.000119
0.000113
0.000107
0.000101
0.000095
0.000090
0.000084
0.000079
0.000074
0.000068
0.000066
0.000063
0.000061
0.000059
0.000057
0.000055
0.000052
0.000050
0.000048
0.000046
0.000044
0.000041
0.000039
0.000037
0.000035
0.000059
0.000054
0.000055
0.000051
0.000049
0.000047
0.000044
0.000042
0.000039
0.000037
0.000034
0.000032
0.000030
0.000027
0.000025
0.000023
0.000021
0.000019
0.000017
0.000016
0.000014
0.000013
0.000011
0.000010
0.000009
0.000008
0.000007
0.000006
0.000005
0.000005
0.000004
0.000003
0.000002
0.000001
0.000001
0.000000
0.000000
0.000000
0.000000
0.000000
0.000000
0.006449
0.005943
0.006508
0.006235
0.006269
0.006157
0.006079
0.005956
0.005823
0.005667
0.005497
0.005312
0.005114
0.004904
0.004685
0.004459
0.004226
0.003988
0.003746
0.003503
0.003258
0.003013
0.002770
0.002529
0.002292
0.002058
0.001830
0.001618
0.001401
0.001192
0.000990
0.000796
0.000610
0.000433
0.000265
0.000106
0.000010
0.000009
0.000009
0.000045
0.000042
0.000044
0.000042
0.000042
0.000041
0.000040
0.000039
0.000038
0.000036
0.000035
0.000034
0.000032
0.000030
0.000029
0.000027
0.000025
0.000024
0.000022
0.000020
0.000019
0.000017
0.000015
0.000014
0.000012
0.000011
0.000010
0.000008
0.000007
0.000006
0.000005
0.000004
0.000003
0.000021
0.000020
0.000020
0.000020
0.000020
0.000019
0.000027
0.000059
0.000058
0.000060
0.000058
0.000057
0.000056
0.000055
0.000053
0.000052
0.000050
0.000048
0.000046
0.000044
0.000042
0.000040
0.000038
0.000041
0.000039
0.000037
0.000034
0.000032
0.000030
0.000028
0.000025
0.000023
0.000021
0.000018
0.000016
0.000014
0.000012
0.000010
0.000009
0.000007
0.000006
0.000007
0.000006
0.000005
0.000004
0.000004
0.000026
0.000025
0.000026
0.000026
0.000027
0.000027
0.000027
0.000028
0.000028
0.000028
0.000030
0.000031
0.000079
0.000076
0.000081
0.000080
0.000081
0.000080
0.000080
0.000080
0.000080
0.000079
0.000078
0.000077
0.000076
0.000075
0.000073
0.000123
0.000118
0.000120
0.000117
0.000115
0.000116
0.000114
0.000112
0.000109
0.000107
0.000104
0.000101
0.000098
0.000095
0.000091
0.000088
0.000085
0.000082
0.000078
0.000075
0.000072
0.000069
0.000067
0.000065
0.000063
0.000060
0.000058
0.000056
0.000191
0.000178
0.000187
0.000179
0.000178
0.000173
0.000169
0.000164
0.000159
0.000155
0.000150
0.000146
0.000140
0.000135
0.000130
0.000124
0.000118
0.000112
0.000106
0.000110
0.000104
0.000099
0.000093
0.000087
0.000082
0.000076
0.000071
0.000066
0.000060
0.000055
0.000050
0.000046
0.000041
0.000037
0.000032
0.000028
0.000027
0.000026
0.000026
0.000025
0.000024
0.000023
0.000022
0.000021
0.000052
0.000048
0.000050
0.000048
0.000047
0.000046
0.000044
0.000043
0.000041
0.000040
0.000173
0.000160
0.000170
0.000162
0.000161
0.000157
0.000153
0.000149
0.000144
0.000139
0.000134
0.000161
0.000152
0.000149
0.000175
0.000167
0.000163
0.000155
0.000148
0.000140
0.000133
0.000125
0.000118
0.000110
0.000102
0.000095
0.000088
0.008984
0.008273
0.009019
0.008629
0.008651
0.008480
0.008354
0.008170
0.007972
0.007748
0.007506
0.007243
0.006985
0.006691
0.006388
0.006072
0.005749
0.005420
0.005087
0.004750
0.004413
0.004077
0.003742
0.003411
0.003085
0.002766
0.002453
0.002148
0.001852
0.001565
0.001289
0.001023
0.000769
0.000527
0.000297
0.000080
0.000010
0.000008
0.000007
0.000006
0.000005
0.000004
0.000003
0.000002
0.000002
0.000001
0.000001
0.000000
0.000000
0.000000
0.000000
0.000000
0.000000
0.000000
0.000004
0.000004
0.000004
0.000004
0.000004
0.000004
0.000004
0.000004
0.000004
0.000003
0.000003
0.000003
0.000003
0.006113
0.005638
0.006176
0.005922
0.005958
0.005855
0.005784
0.005670
0.005546
0.005401
0.005241
0.005067
0.004880
0.004683
0.004477
0.004262
0.004042
0.003817
0.003588
0.003357
0.003125
0.002892
0.002661
0.002432
0.002207
0.001984
0.001767
0.001555
0.001349
0.001149
0.000957
0.000771
0.000594
0.006398
0.005774
0.006148
0.005787
0.005823
0.005722
0.005653
0.005542
0.005421
0.005279
0.005123
0.004953
0.004771
0.004578
0.004377
0.004168
0.004163
0.003926
0.003720
0.003485
0.003260
0.003029
0.002800
0.002572
0.002347
0.002124
0.001906
0.001694
0.001485
0.001283
0.001094
0.000905
0.000724
0.000551
0.000386
0.000236
0.000117
0.000109
0.000101
0.000093
0.000085
0.000077
0.000069
0.000062
0.000054
0.000047
0.000040
0.000033
0.023945
0.021979
0.024113
0.023020
0.023087
0.022607
0.022261
0.021752
0.021210
0.020594
0.019924
0.019203
0.018440
0.017639
0.016942
0.016074
0.015208
0.014411
0.013502
0.012602
0.011688
0.010782
0.009881
0.008991
0.008115
0.007256
0.006416
0.006475
0.005616
0.004926
0.004154
0.003453
0.002764
0.002112
0.001487
0.000924
0.000891
0.000857
0.000821
0.000785
0.000749
0.000711
0.000673
0.000634
0.000594
0.000555
0.000515
0.000475
0.000436
0.000399
0.000363
0.000328
0.000294
0.000263
0.000232
0.000202
0.000173
0.000145
0.000119
0.000093
0.000068
0.000045
0.000022
0.000001
0.000000
0.000000
0.000008
0.000008
0.000008
0.000008
0.000008
0.000008
0.000008
0.000068
0.000063
0.000068
0.000065
0.000065
0.000064
0.000090
0.000087
0.000087
0.000084
0.000083
0.000132
0.000125
0.000127
0.000122
0.007905
0.007273
0.007936
0.007587
0.007611
0.007459
0.007349
0.007186
0.007011
0.006810
0.006592
0.006357
0.006108
0.005846
0.005573
0.005292
0.005004
0.004712
0.004415
0.004117
0.003818
0.003521
0.003227
0.002936
0.002650
0.002369
0.002095
0.001829
0.001570
0.001321
0.001081
0.000851
0.000632
0.000423
0.000226
0.000040
0.000000
0.000000
0.000000
0.000000
0.000000
0.005099
0.004681
0.005111
0.004879
0.004892
0.004791
0.004717
0.004609
0.004494
0.004362
0.004220
0.004067
0.003905
0.003735
0.003558
0.003377
0.003190
0.003001
0.002879
0.002775
0.002669
0.002560
0.002449
0.002335
0.002219
0.002101
0.001982
0.001863
0.001742
0.001621
0.001500
0.001380
0.001260
0.001140
0.001022
0.000905
0.000790
0.000676
0.000595
0.000567
0.000539
0.000508
0.000478
0.000454
0.000423
0.000393
0.000362
0.000332
0.000302
0.000273
0.000244
0.000216
0.000188
0.000162
0.000136
0.000111
0.000087
0.000065
0.000043
0.000023
0.000004
0.000004
0.003329
0.003050
0.003337
0.003181
0.003191
0.003122
0.003073
0.003001
0.002924
0.002837
0.002757
0.002654
0.002548
0.002435
0.002318
0.002198
0.002075
0.001950
0.001824
0.001698
0.001571
0.001446
0.001321
0.001198
0.001077
0.002982
0.002835
0.002910
0.002816
0.002776
0.002712
0.002650
0.002580
0.002506
0.002427
0.002344
0.002258
0.002168
0.002075
0.001980
0.001882
0.001783
0.002627
0.002529
0.002508
0.002425
0.002364
0.002291
0.002221
0.002146
0.002071
0.001994
0.001917
0.001838
0.001759
0.001679
0.001600
0.001520
0.001441
0.001361
0.001283
0.001205
0.001127
0.001051
0.000975
0.000900
0.000834
0.000792
0.000750
0.000706
0.000663
0.000619
0.000576
0.000532
0.000489
0.000446
0.000403
0.000360
0.000834
0.000795
0.002758
0.002576
0.002731
0.002626
0.002616
0.002559
0.002512
0.002451
0.002386
0.002313
0.002236
0.002158
0.002080
0.001997
0.001910
0.001821
0.001729
0.001635
0.001540
0.001444
0.001347
0.001250
0.001154
0.001058
0.000964
0.000870
0.000779
0.000689
0.000601
0.000516
0.000433
0.000353
0.000276
0.000202
0.000132
0.000064
0.000012
0.000000
0.000000
0.000000
0.000000
0.000000
0.000000
0.000000
0.000000
0.000000
0.000000
0.000000
0.000000
0.000000
0.000000
0.000000
0.000000
0.000000
0.000000
0.000000
0.000000
0.000000
0.000000
0.000000
0.000000
0.000000
0.000000
0.000070
0.000064
0.000070
0.000067
0.000068
0.000066
0.000065
0.000064
0.000063
0.000061
0.000059
0.000057
0.000055
0.000052
0.000050
0.004253
0.003890
0.004246
0.004040
0.004045
0.003950
0.003882
0.003784
0.003682
0.003566
0.003441
0.003308
0.003169
0.003023
0.002872
0.002718
0.002560
0.002400
0.002240
0.002079
0.001918
0.001759
0.001603
0.001450
0.001299
0.001151
0.001008
0.000868
0.000734
0.000604
0.000480
0.000362
0.000249
0.000142
0.000041
0.000000
0.000000
0.000000
0.000000
0.000000
0.000000
0.000000
0.000000
0.000000
0.000000
0.000000
0.000000
0.000000
0.000000
0.000000
0.000000
0.000000
0.000000
0.000000
0.000000
0.000000
0.000000
0.000000
0.000000
0.000000
0.000000
0.000000
0.000000
0.000000
0.000000
0.000000
0.002938
0.002700
0.002950
0.002819
0.002829
0.002773
0.002732
0.002672
0.002607
0.007886
0.007378
0.007752
0.007426
0.007351
0.007152
0.006977
0.006764
0.006540
0.006297
0.006041
0.005773
0.005496
0.005210
0.004919
0.007076
0.006908
0.006900
0.006767
0.006658
0.006531
0.006398
0.006254
0.006103
0.005944
0.005778
0.005606
0.005486
0.005365
0.005236
0.006486
0.006428
0.006478
0.006434
0.006419
0.006380
0.006342
0.010231
0.010201
0.010484
0.010506
0.010617
0.010671
0.010827
0.010855
0.010888
0.010893
0.010891
0.010872
0.010842
0.010800
0.010746
0.010681
0.010627
0.010601
0.010503
0.011945
0.011879
0.011943
0.011894
0.014551
0.014586
0.014836
0.014903
0.015026
0.015105
0.015184
0.015242
0.015289
0.015321
0.015341
0.015348
0.015342
0.015325
0.015296
0.015256
0.015206
0.015145
0.015075
0.014997
0.014910
0.014815
0.014711
0.014599
0.014479
0.014352
0.014218
0.014077
0.013930
0.013841
0.013678
0.013985
0.013774
0.016306
0.016158
0.016232
0.016132
0.016088
0.016006
0.015927
0.015830
0.015726
0.015611
0.015488
0.015355
0.015214
0.015066
0.014910
0.014747
0.014577
0.014401
0.014220
0.014033
0.013841
0.013644
0.013443
0.013238
0.013029
0.012817
0.012602
0.012383
0.012163
0.011939
0.011726
0.011497
0.011267
0.013780
0.013541
0.013539
0.013344
0.013219
0.013052
0.012894
0.012720
0.012543
0.012356
0.012163
0.011964
0.011759
0.011549
0.011334
0.011114
0.010890
0.010661
0.010430
0.010195
0.009957
0.009717
0.009480
0.009235
0.012060
0.011823
0.011815
0.011624
0.011500
0.011452
0.011292
0.011143
0.011006
0.010831
0.010654
0.010469
0.010281
0.010088
0.009890
0.009689
0.009484
0.009281
0.009070
0.008857
0.008640
0.008422
0.008202
0.007981
0.007758
0.007534
0.007308
0.007082
0.006857
0.006630
0.006403
0.006176
0.005948
0.005721
0.005494
0.005268
0.005042
0.004817
0.004593
0.004377
0.006712
0.006508
0.006520
0.006363
0.006270
0.006145
0.006030
0.007705
0.007441
0.007464
0.007256
0.007127
0.006974
0.006832
0.006674
0.006511
0.006340
0.006744
0.006607
0.006519
0.006408
0.006302
0.006187
0.006077
0.005969
0.005855
0.005735
0.005611
0.005482
0.005349
0.005212
0.005071
0.004926
0.004779
0.004628
0.004475
0.004320
0.004163
0.004004
0.003844
0.003682
0.003519
0.003356
0.003192
0.003028
0.002864
0.002700
0.002537
0.002374
0.002212
0.002064
0.001936
0.001808
0.001680
0.001554
0.001429
0.001305
0.001215
0.001092
0.000975
0.000857
0.000777
0.000694
0.000631
0.000568
0.000515
0.000482
0.000554
0.000512
0.000488
0.000450
0.000417
0.000389
0.000369
0.000348
0.002241
0.002064
0.002205
0.002097
0.002081
0.002022
0.001974
0.007125
0.006665
0.007061
0.007780
0.007692
0.007602
0.007479
0.007326
0.007158
0.006966
0.006758
0.010164
0.010196
0.010493
0.010560
0.010699
0.010781
0.013076
0.012951
0.013189
0.013113
0.014005
0.014045
0.014164
0.015232
0.015329
0.015433
0.015471
0.015499
0.015506
0.015493
0.015462
0.015413
0.015938
0.015917
0.015934
0.015902
0.015875
0.015831
0.015779
0.015717
0.015646
0.015566
0.015478
0.015382
0.015279
0.015181
0.015078
0.014968
0.015430
0.015359
0.015331
0.015266
0.015251
0.015234
0.016934
0.017857
0.017893
0.017960
0.017960
0.017956
0.017935
0.017901
0.017854
0.017795
0.017723
0.017640
0.017546
0.017441
0.018056
0.017981
0.017960
0.017887
0.017824
0.017747
0.017667
0.017579
0.017491
0.017395
0.017293
0.017185
0.017072
0.016952
0.016827
0.016697
0.016561
0.017049
0.018085
0.017968
0.018003
0.017894
0.017847
0.017780
0.017726
0.017655
0.017583
0.017501
0.017414
0.017320
0.017674
0.018685
0.018649
0.018667
0.018619
0.018587
0.018537
0.018483
0.018418
0.018345
0.018485
0.023288
0.023221
0.023508
0.023537
0.023627
0.023692
0.023739
0.023757
0.023767
0.023759
0.023737
0.023700
0.023648
0.023581
0.025773
0.025789
0.025991
0.026025
0.026106
0.026143
0.027753
0.027635
0.027766
0.027675
0.027643
0.027559
0.027469
0.027355
0.027225
0.027076
0.026912
0.026732
0.026537
0.026329
0.026108
0.025875
0.025631
0.026004
0.025769
0.027202
0.026984
0.026883
0.026678
0.026498
0.026293
0.026083
0.025860
0.025634
0.025392
0.025144
0.024889
0.024632
0.024367
0.024095
0.023816
0.023532
0.023242
0.022947
0.022648
0.022345
0.022038
0.021728
0.021415
0.021100
0.020783
0.020470
0.020162
0.019854
0.019547
0.019240
0.018936
0.018669
0.018407
0.018163
0.017919
0.017675
0.017434
0.017206
0.017981
0.017671
0.018994
0.018626
0.018549
0.018283
0.018104
0.018464
0.018214
0.018048
0.017803
0.017577
0.017333
0.017086
0.016831
0.016569
0.016795
0.016530
0.016298
0.016030
0.015765
0.015490
0.015210
0.014976
0.014692
0.014410
0.014117
0.013825
0.013526
0.013278
0.012968
0.012901
0.013460
0.013220
0.013037
0.012814
0.012622
0.012420
0.012797
0.012645
0.012482
0.012324
0.012156
0.011988
0.011814
0.011638
0.011458
0.011275
0.011089
0.010907
0.010721
0.010533
0.010340
0.010143
0.009943
0.009739
0.009531
0.009320
0.010491
0.010176
0.010072
0.009791
0.009570
0.009316
0.009079
0.008846
0.008630
0.008409
0.008206
0.008019
0.008625
0.008430
0.008299
0.008345
0.008720
0.008555
0.008426
0.008255
0.008094
0.007922
0.007768
0.007617
0.007464
0.007307
0.009066
0.008747
0.008746
0.008495
0.008351
0.008239
0.008063
0.007884
0.007693
0.007499
0.007314
0.007141
0.008439
0.008202
0.008136
0.007925
0.007774
0.007585
0.007417
0.007243
0.007072
0.006897
0.006739
0.006579
0.006424
0.006275
0.006122
0.006405
0.006263
0.006156
0.006021
0.009481
0.009380
0.010147
0.010102
0.010189
0.010233
0.011120
0.011164
0.011271
0.011312
0.011364
0.011395
0.011419
0.011428
0.011428
0.011417
0.011395
0.011363
0.011321
0.012199
0.012063
0.012072
0.011952
0.014503
0.014177
0.014287
0.014042
0.013914
0.013719
0.013550
0.013668
0.013501
0.013344
0.013788
0.014058
0.013884
0.013825
0.014236
0.014019
0.013878
0.013655
0.013451
0.013226
0.012998
0.012759
0.012515
0.012265
0.012010
0.012085
0.011842
0.011624
0.011384
0.011150
0.010913
0.010678
0.010562
0.010359
0.010165
0.010657
0.010516
0.010434
0.010307
0.010193
0.010069
0.009944
0.009815
0.009683
0.009548
0.009411
0.010170
0.010056
0.010022
0.009922
0.009853
0.009787
0.009723
0.009651
0.009576
0.009497
0.009413
0.009325
0.009234
0.009383
0.009297
0.009226
0.009138
0.009054
0.008964
0.008872
0.008793
0.008715
0.008635
0.008552
0.008466
0.008378
0.008288
0.008197
0.008103
0.008008
0.007911
0.007812
0.007713
0.007612
0.007510
0.007408
0.007305
0.007201
0.007097
0.006992
0.006889
0.006785
0.006690
0.006595
0.006499
0.006404
0.006424
0.006320
0.006236
0.006138
0.007038
0.006906
0.006946
0.006860
0.006818
0.006755
0.006695
0.006628
0.006558
0.006484
0.006408
0.006329
0.006456
0.006356
0.007327
0.007220
0.007216
0.007147
0.007090
0.007019
0.006950
0.006875
0.006799
0.006720
0.006640
0.006557
0.007251
0.007155
0.007129
0.007048
0.006983
0.006910
0.006837
0.006761
0.006683
0.006603
0.006529
0.006468
0.006403
0.006337
0.006268
0.006391
0.006303
0.006245
0.006161
0.006084
0.006651
0.006582
0.006558
0.006500
0.006452
0.006396
0.006340
0.006279
0.006216
0.006151
0.006084
0.006014
0.005943
0.005869
0.005795
0.005719
0.005641
0.005563
0.005483
0.005403
0.005322
0.005241
0.006084
0.006003
0.006242
0.006162
0.006468
0.006408
0.006388
0.006337
0.006383
0.006334
0.006295
0.006241
0.006190
0.006134
0.006075
0.006020
0.005964
0.005904
0.005842
0.005780
0.005717
0.005653
0.005587
0.005520
0.006372
0.006231
0.006238
0.006129
0.006060
0.005972
0.005890
0.005804
0.006275
0.006197
0.006162
0.006089
0.006027
0.005977
0.005911
0.005843
0.005772
0.005701
0.005630
0.005563
0.005497
0.005429
0.005362
0.005292
0.005227
0.005157
0.005088
0.006970
0.006778
0.006880
0.007122
0.007125
0.007150
0.007143
0.008687
0.008555
0.008682
0.008620
0.008625
0.008591
0.008560
0.008515
0.008462
0.008401
0.008334
0.008260
0.008179
0.008092
0.008001
0.007903
0.007802
0.007697
0.007588
0.007477
0.007363
0.007246
0.007129
0.007010
0.006891
0.006771
0.006651
0.006531
0.006412
0.006294
0.006177
0.006062
0.005951
0.005846
0.005744
0.005644
0.005551
0.005490
0.005429
0.005369
0.005309
0.005249
0.005191
0.005135
0.005084
0.005033
0.005039
0.004985
0.004942
0.004892
0.004846
0.004799
0.004754
0.004710
0.004666
0.004623
0.004581
0.004540
0.004499
0.004464
0.004445
0.004428
0.004411
0.004393
0.004428
0.004415
0.004406
0.004395
0.004384
0.004374
0.004382
0.005572
0.005469
0.005568
0.005676
0.005661
0.006440
0.006772
0.006783
0.008009
0.007823
0.007900
0.008098
0.008099
0.008151
0.008142
0.008127
0.008104
0.008074
0.008057
0.008034
0.008008
0.007978
0.007983
0.007953
0.008486
0.008422
0.008446
0.008396
0.008374
0.008335
0.008300
0.008258
0.008216
0.008170
0.008123
0.008073
0.008328
0.008273
0.008242
0.008190
0.008144
0.008095
0.008044
0.007991
0.007936
0.008350
0.008299
0.008295
0.008257
0.008226
0.008189
0.008418
0.008390
0.008382
0.008353
0.008327
0.008296
0.008262
0.008225
0.008185
0.008373
0.008333
0.008314
0.008278
0.008245
0.008207
0.008168
0.008126
0.008081
0.008034
0.007984
0.007933
0.007894
0.007844
0.007794
0.007992
0.007936
0.007902
0.007848
0.007798
0.007743
0.007688
0.007638
0.012662
0.012259
0.012669
0.012425
0.012443
0.012330
0.012254
0.012176
0.012051
0.011912
0.011758
0.011592
0.011570
0.011370
0.011188
0.010983
0.010784
0.010574
0.010412
0.010189
0.009969
0.009739
0.012390
0.012219
0.012263
0.012542
0.012470
0.012399
0.012303
0.012201
0.012087
0.011963
0.011829
0.011686
0.011535
0.011375
0.011208
0.011033
0.010851
0.010661
0.010465
0.010262
0.010054
0.010653
0.010453
0.010314
0.010119
0.009940
0.009750
0.009560
0.009364
0.009164
0.008960
0.008752
0.008542
0.008329
0.008113
0.007895
0.007676
0.007456
0.007234
0.007011
0.006788
0.006565
0.006342
0.006119
0.005896
0.005678
0.005497
0.005344
0.005191
0.005056
0.004940
0.004827
0.004715
0.004603
0.004490
0.004378
0.004267
0.004157
0.004143
0.004024
0.003921
0.003805
0.003693
0.003578
0.003472
0.003830
0.003721
0.003651
0.005950
0.005684
0.005793
0.005618
0.005545
0.005422
0.005308
0.005179
0.005044
0.004902
0.004763
0.004725
0.005189
0.005004
0.004883
0.004718
0.004837
0.004697
0.004582
0.004452
0.004326
0.004194
0.004061
0.003925
0.003788
0.003651
0.003521
0.003391
0.003261
0.003131
0.003002
0.002873
0.002745
0.002620
0.002495
0.002371
0.002272
0.002198
0.002173
0.002320
0.002257
0.002205
0.002142
0.002081
0.002018
0.002550
0.002439
0.002426
0.002340
0.002283
0.002214
0.002150
0.002084
0.002022
0.001957
0.001891
0.001828
0.001763
0.001704
0.002629
0.002560
0.002586
0.002492
0.002440
0.002827
0.002722
0.002842
0.002733
0.002668
0.002571
0.002761
0.002673
0.002939
0.002828
0.002776
0.002676
0.002595
0.002502
0.002414
0.002322
0.002236
0.002153
0.002079
0.002525
0.002461
0.002435
0.002381
0.002334
0.002568
0.002522
0.002498
0.002456
0.002419
0.002377
0.002335
0.002291
0.002246
0.002200
0.002153
0.002104
0.002346
0.002272
0.002246
0.002185
0.002647
0.002991
0.002980
0.002987
0.002964
0.002947
0.002922
0.002896
0.002865
0.002859
0.002819
0.005818
0.005782
0.006332
0.006346
0.006425
0.006458
0.006635
0.006850
0.006851
0.006862
0.006838
0.006815
0.006773
0.006721
0.006656
0.006579
0.006492
0.006395
0.006302
0.006186
0.006063
0.006705
0.006502
0.006424
0.006235
0.006256
0.006078
0.005996
0.005813
0.005636
0.005445
0.005251
0.005051
0.004847
0.004639
0.004429
0.004215
0.004002
0.003787
0.003572
0.003359
0.003246
0.003036
0.002835
0.002629
0.005211
0.004987
0.005025
0.004855
0.004770
0.004641
0.004535
0.004728
0.004719
0.004637
0.004518
0.004561
0.004451
0.004365
0.005507
0.005471
0.005524
0.005502
0.005600
0.005594
0.005597
0.005584
0.005640
0.005616
0.005754
0.005735
0.005711
0.005685
0.005653
0.005617
0.005576
0.005530
0.005479
0.005425
0.005368
0.005509
0.006581
0.006579
0.006636
0.006630
0.006643
0.006676
0.006673
0.006668
0.006654
0.006634
0.006607
0.006669
0.006907
0.006997
0.006976
0.006986
0.006945
0.006904
0.006855
0.006800
0.007060
0.006987
0.006998
0.006923
0.006947
