0.004558
0.004271
0.003982
0.003693
0.003405
0.082317
0.076086
0.082676
0.079265
0.079486
0.077990
0.076875
0.075232
0.073458
0.071420
0.069206
0.066809
0.064264
0.081030
0.076415
0.075456
0.071519
0.068654
0.065192
0.061864
0.100758
0.097317
0.098087
0.095489
0.093856
0.091655
0.089445
0.086998
0.084429
0.081710
0.078877
0.075933
0.073179
0.070043
0.066888
0.063645
0.060375
0.057070
0.053751
0.050412
0.047067
0.043731
0.040405
0.037103
0.033831
0.030598
0.027411
0.024638
0.021947
0.019292
0.016679
0.014113
0.011599
0.009142
0.006747
0.004770
0.003368
0.002051
0.000798
0.000067
0.004061
0.003654
0.004003
0.003756
0.003746
0.003624
0.003538
0.003420
0.003306
0.003181
0.003050
0.002912
0.002769
0.002622
0.045877
0.040501
0.044507
0.041022
0.040727
0.048785
0.046569
0.045789
0.043606
0.041862
0.039822
0.061311
0.056423
0.056585
0.052659
0.050447
0.047394
0.044680
0.041752
0.038920
0.036101
0.033312
0.030539
0.027808
0.025127
0.034310
0.030619
0.029231
0.026176
0.023908
0.021409
0.019661
0.018200
0.016774
0.015353
0.013959
0.012592
0.011259
0.010034
0.008984
0.007964
0.006977
0.006134
0.005678
0.005225
0.004776
0.004333
0.003899
0.003474
0.003061
0.002661
0.002274
0.001903
0.001547
0.001207
0.000885
0.004480
0.003811
0.003895
0.066818
0.060794
0.066544
0.062933
0.062981
0.061247
0.060041
0.058307
0.056531
0.054530
0.052415
0.050167
0.047824
0.045396
0.042906
0.040367
0.037798
0.036681
0.033953
0.031513
0.028878
0.026365
0.023855
0.021413
0.019022
0.016702
0.014454
0.012287
0.010206
0.008215
0.006337
0.004621
0.002998
0.001472
0.000773
0.000716
0.000660
0.099841
0.090173
0.099199
0.093462
0.093542
0.090833
0.088989
0.086335
0.083639
0.080607
0.077417
0.074033
0.070513
0.066874
0.063169
0.059404
0.055596
0.055231
0.050983
0.047503
0.043462
0.039729
0.035942
0.032286
0.028691
0.025207
0.021828
0.018571
0.015441
0.012448
0.009596
0.006890
0.004335
0.001933
0.001417
0.001283
0.001153
0.001026
0.000903
0.000784
0.000670
0.000560
0.000456
0.000358
0.000265
0.000177
0.000095
0.000019
0.018180
0.016069
0.017873
0.016543
0.016539
0.015882
0.015473
0.014877
0.014304
0.013665
0.013010
0.012325
0.011626
0.010913
0.010193
0.009471
0.008750
0.008034
0.007328
0.006634
0.012774
0.011463
0.011455
0.010456
0.009879
0.009136
0.008479
0.007794
0.007133
0.006478
0.005841
0.005220
0.004910
0.004664
0.004411
0.004153
0.003892
0.003629
0.005567
0.005046
0.005001
0.004581
0.004325
0.003997
0.003705
0.003398
0.003101
0.002805
0.002517
0.002234
0.001959
0.001693
0.001437
0.001191
0.001037
0.000950
0.000865
0.000812
0.000727
0.000651
0.000572
0.000498
0.000426
0.000358
0.000293
0.000231
0.000172
0.000117
0.000066
0.000022
0.000021
0.000020
0.000019
0.000017
0.000016
0.000015
0.000014
0.000013
0.000012
0.000010
0.000009
0.000008
0.000007
0.000006
0.000005
0.000004
0.000003
0.000003
0.000002
0.000001
0.000000
0.000000
0.000000
0.004750
0.004396
0.004810
0.004624
0.004655
0.004582
0.004532
0.004449
0.004357
0.004249
0.004130
0.003999
0.003858
0.011849
0.010906
0.011490
0.010857
0.010697
0.010304
0.009980
0.009588
0.050462
0.046803
0.049828
0.083821
0.079986
0.082090
0.078992
0.077752
0.075425
0.073285
0.070764
0.068142
0.065330
0.062403
0.059359
0.056232
0.053120
0.049979
0.046802
0.043608
0.055013
0.050434
0.048630
0.044695
0.065736
0.062157
0.061468
0.058726
0.056680
0.240672
0.220056
0.234482
0.221161
0.218751
0.211106
0.205102
0.197590
0.191984
0.184416
0.176748
0.168538
0.160131
0.305672
0.278762
0.284976
0.264536
0.255345
0.240660
0.228159
0.214506
0.200843
0.186869
0.172926
0.158989
0.145363
0.132015
0.118883
0.106017
0.093751
0.081897
0.143052
0.125061
0.122049
0.112259
0.106904
0.099704
0.093347
0.086620
0.080094
0.073563
0.067162
0.060871
0.054734
0.048995
0.046277
0.043514
0.040719
0.037909
0.035099
0.032304
0.029540
0.026818
0.024146
0.021534
0.018992
0.016528
0.014148
0.011860
0.009668
0.009103
0.006938
0.005210
0.003328
0.001669
0.001328
0.001292
0.001242
0.056839
0.052600
0.057364
0.055095
0.055373
0.054438
0.053764
0.052713
0.051564
0.050223
0.048751
0.051848
0.049765
0.048345
0.046247
0.044293
0.042180
0.040044
0.037843
0.035613
0.033356
0.031088
0.028818
0.026556
0.024343
0.022154
0.019999
0.017884
0.015816
0.013803
0.011849
0.009960
0.008140
0.006393
0.004723
0.003133
0.001624
0.001326
0.001165
0.028155
0.025290
0.027559
0.025793
0.025633
0.024720
0.041180
0.038269
0.039099
0.036953
0.036023
0.034432
0.033046
0.031458
0.029874
0.028216
0.026538
0.024833
0.023120
0.021404
0.019697
0.018007
0.016342
0.014709
0.013114
0.011563
0.010061
0.008613
0.007223
0.005893
0.004627
0.040911
0.036943
0.039359
0.037413
0.037213
0.036226
0.035565
0.034888
0.034145
0.033274
0.032316
0.031267
0.030144
0.028953
0.027704
0.026408
0.025071
0.023703
0.022312
0.020905
0.019489
0.018072
0.016659
0.015257
0.013872
0.012508
0.011170
0.009863
0.008590
0.007356
0.006163
0.005015
0.003913
0.008601
0.007033
0.006599
0.005365
0.005353
0.005192
0.005082
0.004926
0.004767
0.004590
0.004404
0.004207
0.004003
0.003793
0.003577
0.003359
0.003138
0.009036
0.008232
0.008581
0.008021
0.007823
0.007456
0.007146
0.006792
0.006440
0.006074
0.005705
0.005330
0.025670
0.022857
0.024515
0.022603
0.022234
0.021228
0.020506
0.019574
0.018673
0.017700
0.016717
0.015706
0.014686
0.013659
0.012632
0.011611
0.010602
0.009608
0.008635
0.018159
0.016223
0.016290
0.014915
0.014232
0.013283
0.012454
0.011572
0.010717
0.009859
0.009018
0.008191
0.007427
0.007046
0.006656
0.006258
0.005856
0.005452
0.005047
0.004645
0.004247
0.003854
0.003469
0.003092
0.002726
0.002371
0.002028
0.001698
0.001382
0.001081
0.000794
0.000524
0.003437
0.002817
0.003091
0.002848
0.002838
0.002715
0.002636
0.002525
0.004842
0.004435
0.004550
0.004243
0.004111
0.003892
0.003705
0.003495
0.003289
0.003076
0.002864
0.002651
0.002439
0.002230
0.002024
0.001823
0.001626
0.001436
0.001251
0.001074
0.000904
0.000743
0.000589
0.000483
0.000406
0.000332
0.000263
0.000197
0.008607
0.009318
0.009800
0.009551
0.009470
0.009311
0.009142
0.008938
0.008707
0.008450
0.008169
0.007870
0.007552
0.007220
0.014464
0.014334
0.014712
0.014695
0.014760
0.014771
0.019121
0.018664
0.097480
0.089562
0.096650
0.091915
0.091790
0.089396
0.087659
0.085242
0.082762
0.079984
0.077074
0.073992
0.070778
0.067446
0.064023
0.060530
0.056988
0.053416
0.049834
0.046257
0.050981
0.046639
0.043912
0.040016
0.036683
0.033204
0.029894
0.026620
0.023453
0.020376
0.017407
0.014549
0.011854
0.009827
0.008643
0.007957
0.007200
0.006478
0.005750
0.005037
0.004333
0.003642
0.003106
0.002678
0.002376
0.002083
0.001799
0.001525
0.004521
0.003946
0.003999
0.003579
0.003363
0.003140
0.021863
0.019931
0.021542
0.020344
0.020244
0.019610
0.019137
0.018506
0.019731
0.023650
0.023198
0.023246
0.022765
0.022425
0.021957
0.030658
0.029223
0.029476
0.028318
0.027661
0.026711
0.025810
0.024808
0.023780
0.022701
0.021592
0.020454
0.019318
0.018210
0.017086
0.015952
0.014814
0.013675
0.012541
0.011415
0.010303
0.009206
0.008130
0.007202
0.006461
0.008874
0.008280
0.007916
0.007411
0.006962
0.006514
0.006172
0.005834
0.005502
0.005306
0.005171
0.036006
0.034993
0.037030
0.037146
0.037805
0.038193
0.058044
0.056834
0.058695
0.057997
0.058105
0.057700
0.057304
0.056693
0.055967
0.055098
0.054110
0.053003
0.051791
0.050819
0.049378
0.047928
0.050358
0.048269
0.046974
0.044942
0.043179
0.041266
0.045682
0.043257
0.041848
0.039702
0.037833
0.035816
0.033828
0.031800
0.029772
0.027737
0.025708
0.023688
0.021686
0.019706
0.017753
0.016166
0.014700
0.013248
0.011812
0.010397
0.009003
0.007635
0.006699
0.005360
0.004284
0.003448
0.008018
0.007220
0.007353
0.007136
0.007037
0.006891
0.006746
0.006586
0.006417
0.006239
0.006052
0.005992
0.005925
0.005844
0.005772
0.005661
0.005544
0.005411
0.005269
0.005118
0.004957
0.004789
0.004614
0.004432
0.004245
0.004053
0.003857
0.003658
0.003456
0.003255
0.003059
0.002861
0.002662
0.002464
0.002267
0.002070
0.001875
0.001683
0.001493
0.001306
0.001123
0.000943
0.000768
0.000598
0.000432
0.000272
0.000117
0.000000
0.000000
0.000000
0.000000
0.000000
0.000000
0.000000
0.000000
0.000000
0.000000
0.000000
0.000000
0.000000
0.000000
0.000000
0.000000
0.000000
0.000000
0.000000
0.000000
0.000000
0.000000
0.000000
0.000000
0.000000
0.025410
0.022916
0.025214
0.023730
0.023740
0.023036
0.022556
0.021871
0.021176
0.020396
0.019578
0.018711
0.017811
0.016881
0.015930
0.014963
0.013986
0.013005
0.012026
0.014358
0.013136
0.012466
0.011396
0.010500
0.009558
0.008661
0.007771
0.006909
0.006070
0.005260
0.004479
0.003730
0.003013
0.002374
0.002259
0.002140
0.014695
0.013046
0.014136
0.013039
0.012873
0.012256
0.011817
0.011254
0.010712
0.010129
0.009543
0.008942
0.008337
0.007729
0.007124
0.006523
0.005930
0.005347
0.004778
0.004260
0.003795
0.003343
0.002908
0.002489
0.002088
0.001705
0.001343
0.001001
0.000679
0.000378
0.000097
0.000000
0.000000
0.000000
0.000000
0.000000
0.000000
0.000000
0.000000
0.000000
0.006314
0.005686
0.006251
0.005876
0.005872
0.005692
0.005568
0.005393
0.005217
0.005020
0.004814
0.004596
0.004370
0.004138
0.003900
0.003659
0.003416
0.003172
0.002929
0.002687
0.002449
0.002214
0.004768
0.004215
0.004270
0.003851
0.003643
0.004742
0.004494
0.004360
0.004124
0.003917
0.003691
0.003468
0.042591
0.039319
0.055858
0.053509
0.054582
0.053623
0.053225
0.052401
0.051517
0.050449
0.049258
0.060776
0.065203
0.063991
0.062367
0.060206
0.058159
0.055932
0.053672
0.051334
0.048993
0.046602
0.044186
0.041754
0.041218
0.038570
0.036352
0.033839
0.031506
0.029156
0.026889
0.024668
0.022521
0.020443
0.018446
0.016531
0.014991
0.014118
0.013332
0.012784
0.012258
0.011756
0.011278
0.010917
0.010713
0.010696
0.010674
0.010645
0.010612
0.010573
0.010529
0.010480
0.010427
0.010369
0.010307
0.010254
0.010219
0.010178
0.010130
0.010074
0.010012
0.009944
0.009869
0.009788
0.009701
0.009609
0.009511
0.009407
0.009298
0.009184
0.009066
0.008943
0.008815
0.008683
0.008547
0.008408
0.008265
0.008118
0.007968
0.007815
0.007660
0.007501
0.007340
0.007177
0.007012
0.006845
0.007057
0.006841
0.006705
0.006503
0.006327
0.006136
0.099604
0.092280
0.100123
0.096129
0.096433
0.094700
0.093414
0.091499
0.089423
0.092759
0.089717
0.087381
0.084137
0.080990
0.077579
0.074077
0.070441
0.066720
0.062924
0.059079
0.055202
0.051312
0.047426
0.043560
0.039731
0.035955
0.032246
0.028611
0.025062
0.021990
0.018604
0.015403
0.012288
0.009387
0.006649
0.004079
0.001846
0.001641
0.001441
0.001246
0.001057
0.000875
0.000700
0.000532
0.000372
0.000220
0.000199
0.000184
0.000170
0.000155
0.000141
0.000127
0.000113
0.000100
0.000087
0.000074
0.000062
0.000051
0.000040
0.000029
0.000019
0.000010
0.000001
0.000000
0.017384
0.016037
0.017510
0.016784
0.016859
0.016558
0.016341
0.016008
0.015647
0.015228
0.014770
0.014273
0.013742
0.013182
0.012596
0.011990
0.011367
0.010730
0.010084
0.009432
0.008777
0.008122
0.007471
0.006825
0.006188
0.005562
0.004948
0.007736
0.006886
0.006605
0.005914
0.005402
0.004838
0.004314
0.003791
0.003287
0.002932
0.002841
0.002742
0.002637
0.002526
0.002411
0.002292
0.002170
0.002046
0.001920
0.001793
0.001666
0.001539
0.001412
0.001287
0.001164
0.001043
0.000925
0.000809
0.000697
0.003570
0.003242
0.003401
0.003187
0.003114
0.002981
0.002867
0.002787
0.002729
0.002661
0.011635
0.010669
0.011685
0.011046
0.010979
0.010618
0.010345
0.009991
0.009632
0.009239
0.008831
0.008405
0.007966
0.007516
0.007059
0.006597
0.006133
0.005669
0.005208
0.004752
0.004302
0.003861
0.003430
0.016575
0.014543
0.015456
0.014044
0.013700
0.012896
0.012294
0.011569
0.010878
0.010154
0.009437
0.008901
0.008361
0.007815
0.007266
0.006718
0.006180
0.005648
0.005125
0.004612
0.004113
0.003629
0.003161
0.002711
0.002280
0.001869
0.001479
0.001111
0.000764
0.000440
0.000138
0.000000
0.000000
0.000000
0.000000
0.000000
0.000000
0.000000
0.000000
0.000000
0.000000
0.000000
0.000000
0.000000
0.000000
0.000000
0.000000
0.000000
0.000000
0.000000
0.000000
0.000000
0.000000
0.000000
0.000000
0.000000
0.000000
0.000000
0.000000
0.000000
0.000000
0.000000
0.028945
0.026114
0.028740
0.027059
0.027077
0.026283
0.025743
0.024967
0.024181
0.023297
0.022368
0.021384
0.020362
0.019304
0.018222
0.017211
0.016091
0.014982
0.013860
0.012751
0.011650
0.010567
0.009504
0.008466
0.007456
0.006477
0.005532
0.004624
0.003755
0.002926
0.002139
0.001395
0.000694
0.000044
0.000040
0.001426
0.001316
0.001431
0.001370
0.001374
0.001347
0.001327
0.001298
0.001267
0.001231
0.001192
0.001150
0.001106
0.001059
0.001012
0.000964
0.000914
0.023799
0.021545
0.023607
0.022258
0.022250
0.021597
0.021142
0.020499
0.019845
0.019113
0.018344
0.017530
0.016684
0.015811
0.014917
0.014009
0.013091
0.012170
0.011250
0.010344
0.009469
0.008607
0.007760
0.006932
0.006125
0.005343
0.009697
0.008582
0.008325
0.007453
0.006849
0.006168
0.005545
0.004924
0.004652
0.004533
0.004402
0.004259
0.004105
0.003943
0.003773
0.003596
0.003413
0.003227
0.003037
0.002845
0.002652
0.002459
0.002267
0.002076
0.009167
0.008113
0.008636
0.007906
0.014587
0.013673
0.014871
0.014131
0.307274
0.271948
0.300035
0.277432
0.276315
0.267776
0.259879
0.249582
0.239229
0.228027
0.216539
0.204635
0.192517
0.180219
0.167848
0.155468
0.143154
0.130968
0.118984
0.109403
0.097801
0.090104
0.079194
0.069229
0.059415
0.050160
0.041287
0.032895
0.024954
0.017515
0.010595
0.005786
0.005512
0.005234
0.006588
0.006394
0.006331
0.006162
0.006064
0.005975
0.005889
0.005789
0.005686
0.005575
0.005459
0.005336
0.005210
0.005079
0.018007
0.016586
0.017626
0.016719
0.031530
0.029592
0.030580
0.029238
0.028812
0.027917
0.027127
0.026185
0.025215
0.024175
0.023096
0.021976
0.020827
0.019655
0.018467
0.017270
0.016070
0.014872
0.013683
0.012506
0.011347
0.010210
0.009099
0.008017
0.006966
0.005951
0.013548
0.012662
0.012435
0.011792
0.011528
0.011227
0.012811
0.012302
0.012174
0.011783
0.011499
0.011147
0.010819
0.010462
0.010093
0.009707
0.009308
0.008898
0.008478
0.008050
0.007616
0.007177
0.006734
0.006289
0.005844
0.005400
0.004958
0.004519
0.004085
0.003656
0.030645
0.027609
0.029739
0.027801
0.027475
0.026388
0.025546
0.024488
0.023428
0.026529
0.025337
0.024766
0.023639
0.022665
0.021576
0.020486
0.019356
0.018212
0.017053
0.015889
0.019159
0.017561
0.016810
0.021562
0.019984
0.019301
0.017909
0.016796
0.015582
0.014421
0.013251
0.012103
0.010972
0.009865
0.009132
0.008635
0.008128
0.007615
0.007100
0.006583
0.006069
0.005559
0.005055
0.004560
0.004074
0.003646
0.003273
0.002909
0.002555
0.002211
0.001879
0.001560
0.001253
0.000994
0.000806
0.000626
0.000453
0.000289
0.000134
0.000000
0.000000
0.000000
0.000000
0.000000
0.000000
0.000000
0.000000
0.000000
0.000000
0.000000
0.000000
0.000000
0.000000
0.000000
0.000000
0.000000
0.000000
0.000000
0.000000
0.000000
0.000000
0.004467
0.004033
0.004440
0.004182
0.004187
0.004066
0.003984
0.003865
0.003745
0.003610
0.003467
0.003316
0.003159
0.002996
0.002829
0.002660
0.002488
0.002316
0.002143
0.001972
0.001802
0.001635
0.001471
0.001311
0.001155
0.001004
0.000858
0.000718
0.000583
0.000455
0.000334
0.000219
0.000110
0.000009
0.000000
0.000000
0.000000
0.000000
0.000000
0.000000
0.000000
0.000000
0.000000
0.000000
0.000000
0.000000
0.000000
0.000000
0.000000
0.000000
0.000000
0.000000
0.000000
0.001529
0.002793
0.002766
0.002816
0.002711
0.002667
0.002586
0.002512
0.002423
0.002331
0.002232
0.002128
0.002020
0.001909
0.001796
0.001682
0.001567
0.001452
0.001337
0.001224
0.001112
0.001002
0.000895
0.000791
0.000690
0.000592
0.000499
0.000410
0.000325
0.000244
0.000168
0.000096
0.000037
0.000002
0.000000
0.000000
0.000000
0.005927
0.005461
0.005958
0.005705
0.005725
0.005618
0.005540
0.005422
0.005296
0.010206
0.009562
0.009857
0.009388
0.009206
0.008873
0.008577
0.008233
0.052914
0.048041
0.051663
0.048570
0.048127
0.046419
0.045111
0.043443
0.041765
0.039946
0.038068
0.036115
0.035795
0.033591
0.031680
0.029506
0.027430
0.025318
0.023239
0.021250
0.019351
0.017482
0.016906
0.015028
0.013404
0.011679
0.010142
0.008675
0.007275
0.005931
0.004651
0.003435
0.004802
0.003957
0.004071
0.003867
0.003778
0.003635
0.003505
0.003359
0.003211
0.003056
0.002898
0.002736
0.002572
0.002419
0.002288
0.002155
0.002020
0.001884
0.001748
0.001612
0.001477
0.001344
0.001213
0.001084
0.000958
0.000835
0.000717
0.014711
0.012988
0.014301
0.013189
0.013107
0.018625
0.017520
0.017588
0.016626
0.016082
0.015347
0.014673
0.013926
0.013177
0.012401
0.011618
0.010828
0.010037
0.009250
0.008470
0.009361
0.008450
0.009119
0.008215
0.007633
0.006873
0.006211
0.005936
0.005340
0.004793
0.004249
0.013549
0.012343
0.013031
0.012263
0.012074
0.011627
0.011376
0.011040
0.010696
0.014042
0.013347
0.013235
0.012636
0.012196
0.011664
0.011143
0.010593
0.010034
0.009463
0.008886
0.008306
0.007724
0.007145
0.006570
0.006001
0.005441
0.004893
0.004372
0.003877
0.003395
0.002929
0.002479
0.002047
0.001632
0.001426
0.012242
0.011232
0.012018
0.011419
0.011330
0.011009
0.012206
0.014272
0.013770
0.013586
0.013086
0.012734
0.012282
0.012211
0.011684
0.011212
0.010661
0.010118
0.009552
0.008982
0.008403
0.007822
0.007240
0.006661
0.006087
0.005521
0.004965
0.004420
0.003889
0.004175
0.003597
0.003189
0.002681
0.002240
0.001798
0.001384
0.001033
0.000901
0.000775
0.000703
0.000654
0.000614
0.000573
0.000533
0.001385
0.001258
0.001299
0.001213
0.134233
0.123938
0.135216
0.134653
0.134744
0.132885
0.130926
0.128371
0.125454
0.122133
0.118472
0.114499
0.110254
0.105771
0.101090
0.116810
0.109836
0.106627
0.100281
0.095090
0.089296
0.083682
0.077925
0.072204
0.066744
0.061047
0.055462
0.049928
0.044518
0.039227
0.034101
0.029129
0.024327
0.019706
0.015277
0.014785
0.011366
0.010794
0.009906
0.009163
0.008378
0.007639
0.006902
0.006194
0.005503
0.004839
0.004199
0.003586
0.003000
0.002839
0.002716
0.002590
0.002462
0.002333
0.002204
0.002074
0.001944
0.001817
0.001694
0.001572
0.001451
0.001331
0.001213
0.001097
0.000983
0.000871
0.000762
0.000655
0.000550
0.000447
0.000347
0.000250
0.000197
0.001593
0.001968
0.002017
0.001930
0.001864
0.001782
0.001721
0.001660
0.001598
0.001530
0.001459
0.001385
0.001310
0.001232
0.001154
0.001075
0.000997
0.000918
0.000841
0.000764
0.000690
0.000616
0.000545
0.000477
0.000411
0.000347
0.000286
0.000228
0.000174
0.000122
0.000074
0.007779
0.006837
0.007566
0.006962
0.006933
0.006635
0.006444
0.006176
0.005920
0.005637
0.005350
0.005051
0.004749
0.004441
0.004133
0.003824
0.003517
0.003214
0.010079
0.009071
0.010253
0.009450
0.009257
0.008732
0.008341
0.007876
0.007432
0.006969
0.006509
0.006046
0.005587
0.005214
0.004912
0.004605
0.004296
0.003986
0.003677
0.003371
0.003069
0.002772
0.002481
0.002198
0.001923
0.001657
0.001401
0.001155
0.000921
0.000698
0.000487
0.000288
0.000102
0.000000
0.000000
0.000000
0.000000
0.000000
0.000000
0.001756
0.001621
0.001771
0.001698
0.045328
0.040988
0.044888
0.042283
0.042242
0.040972
0.040085
0.038842
0.037581
0.036175
0.034700
0.033142
0.090665
0.083335
0.087096
0.088850
0.087065
0.084283
0.081502
0.078390
0.075198
0.071822
0.068350
0.064776
0.061140
0.057456
0.053749
0.050037
0.046339
0.042671
0.039051
0.043980
0.040953
0.063472
0.059579
0.059937
0.056822
0.055324
0.053111
0.051199
0.049127
0.047113
0.045072
0.043056
0.041056
0.039088
0.037931
0.037229
0.036485
0.035688
0.034861
0.033998
0.033106
0.032190
0.031255
0.030304
0.029341
0.028370
0.027393
0.026414
0.025436
0.024461
0.023491
0.022528
0.033947
0.031812
0.032134
0.031022
0.030611
0.029830
0.074832
0.069411
0.072747
0.069078
0.068145
0.065842
0.063940
0.061626
0.059283
0.056767
0.054170
0.051478
0.048722
0.045911
0.043065
0.040197
0.037320
0.034448
0.031592
0.028765
0.050717
0.049618
0.049237
0.048397
0.047666
0.046923
0.046214
0.045538
0.045039
0.044592
0.044120
0.043721
0.043318
0.042883
0.042418
0.041922
0.041397
0.040842
0.040259
0.039648
0.039010
0.038369
0.037751
0.037116
0.036464
0.035795
0.035111
0.034411
0.033696
0.032967
0.032224
0.031468
0.030700
0.029920
0.029128
0.028327
0.027515
0.026695
0.025866
0.025030
0.024188
0.023339
0.035308
0.034537
0.034817
0.034278
0.034051
0.033677
0.033345
0.032967
0.032584
0.032179
0.031763
0.031413
0.031139
0.030854
0.030554
0.030244
0.029919
0.029585
0.029238
0.028883
0.028602
0.028349
0.028075
0.027781
0.027469
0.027138
0.026791
0.026427
0.026048
0.025653
0.025244
0.024821
0.024386
0.023939
0.023480
0.023010
0.022531
0.022043
0.021547
0.021035
0.020517
0.019988
0.019450
0.018903
0.018349
0.017788
0.017222
0.016649
0.016072
0.015490
0.014905
0.014316
0.013726
0.013134
0.012541
0.011947
0.011354
0.010761
0.010169
0.009579
0.010065
0.009538
0.009132
0.008629
0.010967
0.010203
0.010078
0.009556
0.009197
0.008754
0.008336
0.007892
0.007446
0.006989
0.006527
0.006061
0.010332
0.009548
0.009622
0.010092
0.009723
0.009331
0.008897
0.008451
0.007993
0.007523
0.007044
0.006558
0.006067
0.005575
0.005183
0.004846
0.004501
0.004166
0.003832
0.003505
0.003183
0.002893
0.002644
0.002401
0.002197
0.002006
0.001820
0.001638
0.001461
0.001290
0.001124
0.000965
0.000811
0.000665
0.000595
0.000555
0.000514
0.000473
0.000433
0.000392
0.000353
0.000313
0.000275
0.000237
0.000200
0.000164
0.000128
0.000094
0.000061
0.000029
0.000000
0.000000
0.000000
0.006594
0.005804
0.006438
0.007392
0.007227
0.007101
0.006851
0.006620
0.006359
0.006088
0.005802
0.005506
0.005201
0.004890
0.004576
0.004260
0.003944
0.003630
0.003320
0.003015
0.031530
0.027772
0.030252
0.027768
0.027411
0.026039
0.025081
0.023846
0.022668
0.021405
0.020138
0.018922
0.017750
0.016564
0.015376
0.014191
0.013030
0.011900
0.010790
0.009703
0.008644
0.007618
0.006626
0.013754
0.011202
0.011329
0.009326
0.008469
0.007097
0.006749
0.006472
0.006213
0.005923
0.005628
0.005321
0.005008
0.004690
0.004371
0.004051
0.003732
0.003417
0.003106
0.002802
0.002505
0.002217
0.001938
0.001669
0.001412
0.001166
0.000932
0.000711
0.000503
0.000308
0.000126
0.000000
0.062000
0.056015
0.061705
0.116336
0.111879
0.115116
0.111537
0.110132
0.107440
0.104822
0.101719
0.098401
0.094804
0.091004
0.090412
0.085887
0.081943
0.077342
0.099748
0.092543
0.090420
0.084273
0.079728
0.074461
0.069487
0.064366
0.059325
0.054548
0.049571
0.044719
0.039933
0.228290
0.204689
0.217789
0.204033
0.201170
0.193091
0.186701
0.178882
0.171754
0.164686
0.157347
0.149676
0.141786
0.133711
0.125539
0.117310
0.109051
0.100824
0.092650
0.084567
0.076608
0.069322
0.062232
0.057186
0.050317
0.043966
0.037611
0.031592
0.025794
0.020282
0.015042
0.010142
0.005583
0.001660
0.001586
0.001509
0.001433
0.001370
0.001305
0.001238
0.001170
0.001100
0.001030
0.000959
0.000888
0.011561
0.010230
0.011215
0.010349
0.010270
0.009808
0.009495
0.009074
0.023655
0.021454
0.022478
0.020903
0.020419
0.019394
0.018581
0.017651
0.016743
0.015786
0.047014
0.042900
0.044851
0.042013
0.041072
0.039239
0.037703
0.035927
0.034162
0.032316
0.030450
0.028554
0.027463
0.025492
0.023882
0.022151
0.020477
0.022533
0.020524
0.019244
0.017444
0.015928
0.014622
0.013373
0.013083
0.013231
0.013984
0.012679
0.011673
0.010423
0.009327
0.008209
0.007153
0.006120
0.005770
0.005451
1.187677
0.988091
1.025583
0.889912
0.827708
0.737710
0.663688
0.007927
0.007469
0.007067
0.006640
0.006228
0.005808
0.005389
0.004971
0.004617
0.004282
0.003949
0.003618
0.003293
0.002973
0.002680
0.002413
0.002171
0.130451
0.120356
0.131078
0.125577
0.125986
0.125163
0.123274
0.120828
0.117946
0.114733
0.111195
0.107381
0.103326
0.099160
0.094801
0.090283
0.085633
0.080881
0.076054
0.071569
0.066624
0.061762
0.056855
0.052018
0.047227
0.042521
0.037905
0.033400
0.029016
0.024767
0.020663
0.016714
0.012929
0.009314
0.005875
0.002617
0.011358
0.010235
0.011186
0.010524
0.010519
0.010205
0.009987
0.009679
0.009367
0.009018
0.008651
0.008265
0.007870
0.007462
0.007044
0.006627
0.006204
0.005779
0.005354
0.004930
0.004510
0.004096
0.003690
0.003292
0.002905
0.002530
0.002167
0.001818
0.001484
0.001165
0.000862
0.000575
0.000304
0.001548
0.001318
0.001462
0.001347
0.001343
0.001285
0.001247
0.001195
0.001146
0.001091
0.001035
0.000977
0.000918
0.000859
0.001033
0.001030
0.000996
0.000990
0.000968
0.000957
0.000941
0.001471
0.001406
0.001444
0.001402
0.001393
0.001369
0.001351
0.075097
0.069420
0.075694
0.072645
0.072984
0.071721
0.070812
0.069410
0.067883
0.066710
0.088126
0.087356
0.088880
0.088338
0.088272
0.087720
0.090902
0.089691
0.088924
0.087468
0.086014
0.084305
0.082457
0.080435
0.078272
0.075971
0.073548
0.071022
0.068399
0.065688
0.062901
0.060048
0.057141
0.054190
0.051206
0.130364
0.119243
0.123618
0.115756
0.112728
0.107408
0.102833
0.097623
0.092421
0.086990
0.081485
0.075881
0.070233
0.064559
0.059506
0.054928
0.050379
0.045905
0.041580
0.037346
0.033963
0.030875
0.027847
0.024891
0.022015
0.019230
0.016542
0.013959
0.011486
0.009129
0.006891
0.004775
0.002784
0.001108
0.001168
0.001135
0.001116
0.001086
0.005590
0.005213
0.005571
0.005356
0.005348
0.005243
0.005159
0.005044
0.004922
0.004784
0.010348
0.009766
0.010098
0.009701
0.009558
0.097455
0.088385
0.095928
0.090332
0.089914
0.087017
0.084895
0.082057
0.079190
0.076032
0.072744
0.069295
0.065738
0.062087
0.058372
0.054613
0.050834
0.047054
0.043294
0.039569
0.035895
0.032313
0.028886
0.025565
0.022346
0.019232
0.016234
0.013358
0.051812
0.045116
0.046333
0.041559
0.039446
0.037203
0.036402
0.035270
0.034126
0.032847
0.031506
0.030090
0.028621
0.027107
0.025559
0.023987
0.022401
0.020811
0.019223
0.017647
0.016089
0.014556
0.013054
0.011589
0.010165
0.008787
0.007459
0.006184
0.004965
0.003804
0.002704
0.001664
0.000688
0.000000
0.000000
0.000000
0.000000
0.000000
0.000000
0.000000
0.013703
0.012071
0.013397
0.012360
0.012327
0.167686
0.152488
0.166476
0.157300
0.157184
0.152663
0.149460
0.144958
0.140364
0.135221
0.129811
0.124083
0.123284
0.116733
0.110874
0.104258
0.097817
0.091237
0.084690
0.078150
0.071672
0.075811
0.068741
0.063509
0.057104
0.051356
0.045680
0.040416
0.035279
0.030334
0.025573
0.021013
0.016662
0.012528
0.010404
0.009866
0.009315
0.008756
0.008192
0.007625
0.007058
0.006494
0.005935
0.005383
0.031596
0.028398
0.030265
0.028164
0.029340
0.028022
0.027302
0.026100
0.025021
0.023811
0.022598
0.026708
0.025457
0.024547
0.023346
0.022200
0.021019
0.019830
0.018634
0.017437
0.016245
0.015063
0.013896
0.012747
0.011621
0.010521
0.009449
0.008410
0.007405
0.006436
0.005505
0.004614
0.003764
0.003175
0.002956
0.002738
0.002552
0.002367
0.008798
0.011804
0.011973
0.011644
0.011299
0.010901
0.010509
0.010071
0.009618
0.009137
0.008641
0.008129
0.007701
0.106908
0.096587
0.105068
0.098718
0.098235
0.094986
0.092636
0.089490
0.086322
0.082836
0.079212
0.075416
0.071506
0.067498
0.063424
0.059308
0.055173
0.051041
0.046934
0.042992
0.039110
0.035294
0.070315
0.062931
0.062957
0.057419
0.054271
0.050162
0.046525
0.042711
0.039025
0.035355
0.031774
0.028954
0.027596
0.026190
0.024748
0.023279
0.021792
0.020297
0.018801
0.017312
0.015837
4.565106
0.012956
0.011560
0.010201
0.008884
0.007612
0.006388
0.005215
0.004097
0.003034
0.002028
0.001081
0.000193
0.000000
0.000000
0.000000
0.000000
0.000000
0.000000
0.000000
0.000000
0.000000
0.000000
0.000000
0.000000
0.003638
0.003278
0.003603
0.003388
0.003386
0.003283
0.003212
0.006292
0.005877
0.013549
0.012529
0.013100
0.012462
0.012287
0.011871
0.011516
0.011087
0.010649
0.010179
0.009693
0.009190
0.008675
0.008151
0.007621
0.007089
0.006558
0.006102
0.005572
0.005064
0.004555
0.004062
0.003580
0.003114
0.002690
0.002332
0.001986
0.001655
0.001337
0.001035
0.000747
0.000488
0.000299
0.000121
0.000037
0.000034
0.000032
0.000029
0.000026
0.002921
0.002633
0.002891
0.002718
0.002716
0.002633
0.002575
0.002494
0.002412
0.002321
0.002225
0.002124
0.002021
0.001915
0.001806
0.002044
0.001898
0.001818
0.002106
0.001953
0.001871
0.001732
0.001616
0.001491
0.001372
0.001252
0.001135
0.001019
0.000907
0.000797
0.000691
0.000589
0.000490
0.000407
0.000377
0.000348
0.019246
0.017417
0.019147
0.018064
0.018087
0.017576
0.017228
0.016725
0.016211
0.015633
0.015022
0.014374
0.013702
0.047102
0.042984
0.045294
0.042526
0.041763
0.040046
0.038635
0.036958
0.035283
0.033509
0.031702
0.029851
0.027979
0.026091
0.024201
0.022317
0.020449
0.018605
0.016793
0.015020
0.013292
0.011815
0.010577
0.009370
0.008199
0.007066
0.005974
0.004927
0.003927
0.002975
0.002073
0.001223
0.000424
0.000000
0.009453
0.008438
0.009307
0.008683
0.008668
0.008361
0.008156
0.007869
0.050706
0.045339
0.049257
0.045723
0.045330
0.043384
0.042025
0.044386
0.046581
0.044551
0.042808
0.040496
0.038359
0.036838
0.034490
0.032265
0.029917
0.029212
0.026734
0.024641
0.022311
0.022995
0.020550
0.018778
0.016660
0.014819
0.013053
0.011383
0.009763
0.008218
0.008929
0.007313
0.007036
0.006442
0.005987
0.005483
0.005012
0.016003
0.014436
0.015061
0.014056
0.013782
0.013226
0.015870
0.015089
0.014823
0.014131
0.013569
0.012932
0.012324
0.011686
0.011037
0.010377
0.009710
0.009066
0.008455
0.141037
0.127706
0.139438
0.131553
0.131256
0.127257
0.125353
0.121413
0.117567
0.113173
0.108599
0.103752
0.100819
0.095390
0.090296
0.084945
0.079734
0.074410
0.069105
0.063797
0.058535
0.053332
0.048215
0.043201
0.038311
0.033560
0.028962
0.024531
0.020304
0.016284
0.012457
0.008829
0.005404
0.002187
0.000795
0.000683
0.000577
0.001740
0.001604
0.001617
0.001519
0.001468
0.001397
0.001337
0.001307
0.001284
0.001256
0.001227
0.001195
0.001161
0.001126
0.001088
0.001050
0.001010
0.000969
0.000927
0.000884
0.000841
0.000797
0.000753
0.000709
0.000665
0.000620
0.000577
0.000533
0.000490
0.000447
0.000405
0.000364
0.000323
0.000284
0.000244
0.000206
0.000168
0.000132
0.000096
0.000073
0.037816
0.034828
0.037971
0.036341
0.036454
0.035757
0.035253
0.034502
0.033691
0.032758
0.031744
0.030645
0.029477
0.028247
0.026966
0.104375
0.095467
0.109469
0.102830
0.102314
0.098368
0.095579
0.091922
0.088311
0.084379
0.080337
0.076137
0.222141
0.202902
0.211979
0.198662
0.194191
0.185532
0.178248
0.169815
0.161416
0.255566
0.237678
0.238852
0.224680
0.216414
9.727022
0.194960
0.183898
0.172881
0.161642
0.150396
0.139137
0.127952
0.122827
0.113028
0.104403
0.095171
0.086378
0.077636
0.069154
0.060878
0.052871
0.045138
0.037708
0.031332
0.027655
0.024089
0.020646
0.017333
0.014159
0.011130
0.008252
0.005530
0.002965
0.001816
0.001636
0.001460
0.001289
0.001122
0.000962
0.000808
0.000660
0.000519
0.000385
0.000258
0.000138
0.000026
0.000000
0.000000
0.000000
0.000000
0.000000
0.000000
0.000000
0.000000
0.000000
0.026258
0.024234
0.026465
0.025379
0.025499
0.025050
0.024729
0.024232
0.023692
0.023064
0.022376
0.021628
0.020830
0.019986
0.019104
0.018189
0.017249
0.016288
0.015313
0.014328
0.013338
0.012348
0.011363
0.010802
0.009797
0.008886
0.009490
0.008396
0.007653
0.006672
0.090129
0.080976
0.087775
0.082049
0.081314
0.078573
0.076435
0.074101
0.071712
0.069050
0.066255
0.063300
0.060235
0.057072
0.053838
0.050553
0.047238
0.043910
0.040589
0.037290
0.102547
0.092543
0.095540
0.108111
0.103143
0.100069
0.094777
0.090229
0.085238
0.080316
0.075257
0.070192
0.065104
0.060242
0.056975
0.053644
0.050268
0.046868
0.043464
0.040072
0.036709
0.033390
0.030128
0.026937
0.023828
0.020810
0.017893
0.015085
0.012393
0.009821
0.007376
0.005062
0.002886
0.001241
0.000747
0.000283
0.000000
0.000000
0.013769
0.012448
0.013724
0.013001
0.013199
0.013237
0.013305
0.013468
0.013444
0.013423
0.013348
0.013256
0.013132
0.012983
0.012808
0.012609
0.012386
0.058127
0.054380
0.058058
0.055908
0.055849
0.054774
0.053903
0.052708
0.051422
0.050617
0.048968
0.047340
0.045502
0.043622
0.041645
0.039613
0.037523
0.035394
0.085855
0.077510
0.080498
0.074413
0.072183
0.068085
0.064733
0.071112
0.067212
0.064558
0.060681
0.057151
0.053414
0.053151
0.049149
0.045847
0.045501
0.042045
0.038812
0.036546
0.034352
0.109716
0.098566
0.104172
0.096461
0.094462
0.109370
0.103906
0.101410
0.096168
0.091869
0.087039
0.083366
0.079468
0.075499
0.071434
0.067324
0.063184
0.059041
0.054917
0.050836
0.046818
0.044770
0.040883
0.037287
0.033652
0.030184
0.026820
0.023594
0.041643
0.036670
0.035758
0.031855
0.030615
0.029111
0.027887
0.026516
0.025161
0.023763
0.022358
0.021188
0.020167
0.019120
0.018054
0.016974
0.015886
0.014794
0.013705
0.012621
0.011548
0.010489
0.009448
0.008427
0.007430
0.006460
0.005518
0.004607
0.003752
0.002943
0.002168
0.001443
0.022480
0.020267
0.021927
0.020890
0.020954
0.020551
0.020255
0.019818
0.019347
0.018806
0.018218
0.017583
0.016908
0.016198
0.015458
0.014694
0.013912
0.055557
0.049797
0.053176
0.049234
0.048392
0.046033
0.044264
0.042071
0.039947
0.037686
0.035410
0.033088
0.030756
0.028704
0.026351
0.024073
0.021787
0.019561
0.017380
0.015578
0.054846
0.049231
0.051379
0.047497
0.046080
0.043580
0.041508
0.039173
0.036896
0.034554
0.032223
0.029887
0.028338
0.026821
0.025272
0.023700
0.022116
0.020529
0.018945
0.017375
0.016077
0.021940
0.019910
0.019093
0.017391
0.016070
0.014638
0.013293
0.011954
0.010659
0.009397
0.008179
0.007005
0.006204
0.005962
0.005708
0.005445
0.005173
0.004894
0.004611
0.004325
0.004036
0.003747
0.003459
0.003173
0.002890
0.002612
0.002338
0.002071
0.001882
0.160434
0.147865
0.161063
0.154195
0.154649
0.151674
0.149483
0.146249
0.142927
0.139086
0.138676
0.133832
0.129300
0.124021
0.118690
0.113085
0.109527
0.103431
0.097654
0.091486
0.085411
0.079270
0.073170
0.067100
0.061101
0.055189
0.049388
0.043715
0.038190
0.032827
0.027642
0.022645
0.017850
0.013264
0.008895
0.101041
0.091459
0.187841
0.177086
0.186439
0.181125
0.180439
0.177096
0.174036
0.170042
0.165675
0.160774
0.155515
0.149912
0.143986
0.137775
0.131329
0.124687
0.117893
0.110984
0.103999
0.096973
0.089941
0.082932
0.075977
0.069104
0.062339
0.055704
0.049221
0.042910
0.036789
0.030872
0.025175
0.019710
0.014485
0.009511
0.004794
0.008692
0.006699
0.007307
0.006737
0.006668
0.074582
0.072720
0.077540
0.077253
0.078408
0.080199
0.080476
0.080704
0.080516
0.080173
0.079579
0.078792
0.077800
0.076626
0.075275
0.073761
0.072095
0.070288
0.068352
0.066298
0.064136
0.061878
0.059534
0.057114
0.054629
0.052089
0.049503
0.046997
0.044473
0.041922
0.039352
0.036768
0.034180
0.031595
0.029020
0.026463
0.023929
0.021427
0.059801
0.053403
0.054758
0.050085
0.047867
0.044561
0.041677
0.038529
0.035436
0.032865
0.031554
0.030165
0.028721
0.027229
0.025702
0.024148
0.022579
0.021002
0.019427
0.017861
0.016311
0.014785
0.013288
0.011827
0.010405
0.021476
0.019163
0.018923
0.017164
0.016037
0.014701
0.013487
0.012254
0.011084
0.010774
0.010438
0.010074
0.009688
0.009282
0.008858
0.008421
0.007972
0.007515
0.007051
0.006584
0.006116
0.005649
0.005184
0.004725
0.004271
0.003827
0.003391
0.002967
0.002555
0.002157
0.001773
0.001404
0.001051
0.020209
0.017998
0.019477
0.018265
0.018289
0.017764
0.017410
0.016896
0.016373
0.015785
0.015165
0.014506
0.013821
0.013112
0.012386
0.011646
0.010897
0.010145
0.009393
0.020509
0.019921
0.020480
0.020130
0.020076
0.019844
0.019631
0.019337
0.019019
0.018648
0.018245
0.017802
0.017329
0.016824
0.016292
0.015735
0.015156
0.014557
0.013941
0.013311
0.012668
0.012015
0.011354
0.010688
0.010017
0.009346
0.008674
0.030282
0.027482
0.028879
0.026970
0.026373
0.025158
0.024145
0.022962
0.021778
0.020530
0.019259
0.017956
0.016637
0.161455
0.146611
0.159362
0.150367
0.149899
0.145307
0.178490
0.170355
0.169037
0.208402
0.198478
0.196040
0.186792
0.179818
0.171405
0.163198
0.154512
0.145730
0.136768
0.127743
0.118679
0.109939
0.111127
0.101726
0.094264
0.085497
0.090424
0.082170
0.075851
0.068411
0.061609
0.071625
0.145880
0.132976
0.135655
0.128402
0.125702
0.120768
0.116467
0.111515
0.106507
0.101234
0.095843
0.090319
0.084715
0.079055
0.073370
0.140416
0.126977
0.137635
0.127527
0.123353
0.116204
0.110219
0.103547
0.097052
0.090540
0.084237
0.078007
0.071834
0.065732
0.059736
0.053865
0.048196
0.042742
0.038431
0.035239
0.032103
0.029034
0.026043
0.023139
0.020331
0.017625
0.026061
0.022261
0.020962
0.031345
0.027904
0.026766
0.038492
0.036677
0.036647
0.035035
0.033923
0.032513
0.031162
0.029769
0.028340
0.026859
0.025441
0.024127
0.022786
0.021424
0.020050
0.018671
0.019086
0.017756
0.016631
0.015358
0.014148
0.012930
0.044631
0.039485
0.041478
0.037820
0.036611
0.034263
0.032421
0.030410
0.088671
0.081085
0.084934
0.079803
0.078193
0.074890
0.072316
0.069366
0.066397
0.063239
0.124374
0.114850
0.117393
0.110325
0.107010
0.101888
0.127614
0.153726
0.152169
0.148688
0.144678
0.140322
0.135892
0.131788
0.127466
0.122938
0.118192
0.113294
0.108258
0.103992
0.098711
0.093520
0.088191
0.082897
0.077600
0.072471
0.067245
0.062116
0.057046
0.052082
0.047223
0.042485
0.037875
0.033404
0.030056
0.027165
0.024332
0.021880
0.019754
0.025565
0.022548
0.021272
0.018666
0.016685
0.014464
0.012398
0.010302
0.035257
0.030907
0.032406
0.030468
0.030115
0.029003
0.028131
0.056641
0.052725
0.054314
0.051468
0.274382
0.237161
0.259509
0.232994
0.229952
0.214661
0.205560
0.192716
0.183141
0.233695
0.230778
0.231090
0.228712
0.226412
0.223778
0.220581
0.217079
0.213127
0.208857
0.204228
0.199302
0.242589
0.239108
0.240863
0.238405
0.237414
0.235289
0.233340
0.230822
0.228167
0.225745
0.222446
0.218946
0.215131
0.211084
0.206792
0.202271
0.197530
0.192579
0.187431
0.182095
0.176585
0.170910
0.165084
0.159118
0.153025
0.146816
0.140505
0.134102
0.127621
0.121073
0.114471
0.107827
0.101153
0.094461
0.087762
0.081068
0.074390
0.067738
0.061125
0.054560
0.048053
0.055573
0.047872
0.042872
0.035882
0.030028
0.024890
0.020057
0.016183
0.013750
0.025970
0.023748
0.024678
0.023077
0.022526
0.021443
0.020553
0.019511
0.018488
0.017414
0.016334
0.015239
0.014142
0.013047
0.011960
0.010887
0.009833
0.008801
0.007796
0.006822
0.005881
0.004976
0.004110
0.003284
0.002500
0.001983
0.001565
0.002388
0.001895
0.001657
0.001261
0.001129
0.001093
0.001069
0.001034
0.001000
0.000961
0.007919
0.007176
0.007753
0.007286
0.023756
0.022238
0.023459
0.022536
0.098462
0.107551
0.111566
0.112197
0.112437
0.112665
0.112367
0.111845
0.110931
0.109742
0.108247
0.106491
0.104482
0.102243
0.099792
0.097167
0.094372
0.091417
0.088320
0.191247
0.185452
0.201913
0.199382
0.204181
0.204473
0.256263
0.251883
0.257097
0.254213
0.254071
0.252109
0.250322
0.247914
0.247713
0.244838
0.241985
0.238473
0.234763
0.230705
0.229271
0.224438
0.248507
0.240600
0.238080
0.247692
0.240295
0.235553
0.228108
0.221567
0.214363
0.207247
0.199888
0.192530
0.303451
0.299896
0.304357
0.302797
0.302757
0.354426
0.349492
0.353956
0.350344
0.349466
0.346795
0.344295
0.341078
0.337583
0.333657
0.355261
0.350150
0.347530
0.352620
0.617685
0.587671
0.607586
0.587182
0.582255
0.569438
0.558713
0.547129
0.533433
0.518968
0.503628
0.487728
0.471277
0.454413
0.437205
0.440652
0.423281
0.407025
0.389851
0.372777
0.355758
0.338760
0.321962
0.305264
0.402626
0.431108
0.422474
0.412065
0.400122
0.389277
0.377776
0.366212
0.354729
0.343220
0.334622
0.328839
0.323308
0.317589
0.311637
0.319819
0.313380
0.308707
0.302489
0.296683
0.290416
0.294459
0.286722
0.281140
0.273652
0.266852
0.259610
0.252765
0.245846
0.238909
0.231932
0.224938
0.217938
0.210945
0.203970
0.197023
0.190114
0.183369
0.177599
0.171823
0.166048
0.160281
0.154526
0.148791
0.155860
0.150379
0.145813
0.140576
0.135588
0.130508
0.125473
0.120422
0.115390
0.110365
0.106998
0.111094
0.106371
0.102977
0.099217
0.095619
0.091932
0.088260
0.084561
0.080857
0.077145
0.073438
0.069754
0.066077
0.062409
0.058751
0.055107
0.051478
0.047867
0.044274
0.041391
0.038740
0.036081
0.033460
0.030865
0.028301
0.025768
0.023267
0.030702
0.062429
0.059259
0.060804
0.058695
0.058371
0.057358
0.056448
0.055307
0.054078
0.052720
0.051264
0.050821
0.049082
0.047479
0.045648
0.043828
0.041933
0.045254
0.043489
0.042105
0.040702
0.039056
0.037408
0.035726
0.034049
0.032369
0.030697
0.029035
0.027388
0.025762
0.024159
0.022583
0.021038
0.019527
0.018128
0.016789
0.015822
0.015286
0.014744
0.014197
0.013645
0.013089
0.012616
0.012140
0.011659
0.011199
0.010745
0.010289
0.009832
0.009376
0.008920
0.008466
0.008014
0.007584
0.007205
0.006830
0.006457
0.006778
0.006393
0.006863
0.006435
0.013498
0.012813
0.012965
0.012668
0.012469
0.012232
0.012408
0.012083
0.011933
0.011701
0.011465
0.011199
0.010958
0.010741
0.010766
0.010516
0.010267
0.009985
0.009690
0.009378
0.009052
0.008713
0.008362
0.009039
0.008779
0.008610
0.008359
0.008136
0.007890
0.007673
0.007462
0.007247
0.007026
0.006800
0.006569
0.068453
0.063441
0.068492
0.065692
0.065765
0.064498
0.063526
0.062138
0.067852
0.065669
0.064375
0.071918
0.070558
0.069829
0.067997
0.066348
0.064429
0.062453
0.068096
0.065307
0.063672
0.060975
0.058557
0.055908
0.053244
0.050489
0.047694
0.044855
0.041992
0.039114
0.036234
0.033363
0.030510
0.144582
0.130335
0.138185
0.128703
0.126201
0.120539
0.117159
0.112876
0.108549
0.103872
0.099040
0.124385
0.145098
0.139948
0.135694
0.128880
0.122904
0.116397
0.110295
0.103998
0.097646
0.091227
0.084928
0.078680
0.072471
0.066326
0.060274
0.054337
0.048538
0.042896
0.037428
0.032149
0.027074
0.022608
0.021600
0.019301
0.017319
0.015195
0.013228
0.011294
0.009454
0.007685
0.006002
0.004402
0.002889
0.015942
0.014133
0.015320
0.014113
0.013924
0.013240
0.012764
0.012159
0.011590
0.010976
0.010355
0.009716
0.009071
0.008422
0.007772
0.007126
0.006509
0.005931
0.005365
0.004812
0.004274
0.003777
0.005921
0.005198
0.004990
0.005180
0.004688
0.004309
0.003844
0.003436
0.003023
0.002741
0.002630
0.002515
0.002394
0.002269
0.002142
0.002012
0.001881
0.001749
0.001617
0.001486
0.001357
0.001229
0.001105
0.000983
0.000864
0.000750
0.000639
0.000533
0.000432
0.000335
0.000244
0.000158
0.000076
0.000018
0.000002
0.000000
0.000000
0.000000
0.000000
0.000000
0.000000
0.000000
0.000000
0.000000
0.000000
0.000000
0.000000
0.000000
0.000000
0.000530
0.000466
0.000516
0.000475
0.000474
0.000453
0.000440
0.000421
0.000403
0.000384
0.000364
0.000343
0.000322
0.000301
0.000280
0.000259
0.000238
0.008311
0.007348
0.008129
0.007514
0.007491
0.007178
0.006977
0.006693
0.006421
0.006120
0.005813
0.005812
0.005493
0.005185
0.004863
0.004541
0.004220
0.003899
0.003583
0.003272
0.002967
0.002669
0.002380
0.002100
0.001831
0.001670
0.001424
0.001199
0.000980
0.000777
0.000584
0.000406
0.000381
0.000375
0.000370
0.000363
0.000357
0.000349
0.000342
0.000334
0.000326
0.000317
0.000309
0.000300
0.000290
0.000281
0.000271
0.006181
0.005459
0.006017
0.005726
0.005675
0.005449
0.005276
0.005056
0.004838
0.004603
0.004362
0.004113
0.004759
0.004413
0.004236
0.003925
0.003668
0.003390
0.079010
0.072765
0.078845
0.105368
0.101745
0.102983
0.099422
0.097578
0.114224
0.109500
0.108027
0.103517
0.099952
0.095803
0.091680
0.087295
0.082815
0.078211
0.073538
0.068813
0.064066
0.059320
0.054599
0.049922
0.045311
0.040783
0.036354
0.032051
0.027882
0.023851
0.019968
0.016242
0.036256
0.031020
0.030194
0.026722
0.025512
0.024517
0.023667
0.022690
0.021706
0.020675
0.019897
0.040635
0.037766
0.038903
0.036820
0.038983
0.037162
0.036164
0.034464
0.032972
0.031300
0.029639
0.027915
0.037395
0.034550
0.033816
0.031414
0.029681
0.027651
0.026300
0.024270
0.022394
0.020429
0.018535
0.016653
0.014821
0.018110
0.017162
0.016540
0.015718
0.014956
0.014203
0.013458
0.012730
0.012226
0.011962
0.011682
0.011445
0.011191
0.010920
0.010633
0.010332
0.021793
0.020338
0.021089
0.020077
0.019744
0.019071
0.018493
0.017811
0.017122
0.016395
0.015644
0.014866
0.014070
0.013257
0.012433
0.011601
0.010765
0.009928
0.017187
0.015568
0.015483
0.014206
0.013418
0.012420
0.011510
0.010555
0.009620
0.008723
0.007940
0.007276
0.006664
0.006059
0.005465
0.004883
0.050218
0.045547
0.049479
0.046611
0.046418
0.044939
0.043859
0.042407
0.040938
0.039317
0.037628
0.035854
0.109553
0.100424
0.105476
0.099272
0.100580
0.096354
0.093545
0.089658
0.085929
0.081875
0.077750
0.073485
0.069151
0.064758
0.060339
0.055916
0.051512
0.047148
0.042844
0.038618
0.034484
0.030459
0.027069
0.024222
0.021446
0.018752
0.016147
0.013639
0.011233
0.008934
0.006748
0.004677
0.002724
0.000891
0.000236
0.000155
0.000080
0.000009
0.000000
0.000000
0.000000
0.000000
0.000000
0.000000
0.000000
0.000000
0.000000
0.000000
0.000000
0.000000
0.000000
0.000000
0.000000
0.000000
0.000000
0.000000
0.039863
0.036890
0.040279
0.038647
0.038834
0.038161
0.037678
0.036929
0.036112
0.035162
0.034120
0.032986
0.031774
0.030493
0.029153
0.027763
0.026334
0.025710
0.024142
0.046239
0.042868
0.043483
0.040974
0.039588
0.037687
0.035931
0.034041
0.032146
0.030207
0.028256
0.047679
0.045296
0.045145
0.043259
0.041917
0.040297
0.038716
0.037033
0.035324
0.033566
0.031783
0.029975
0.028154
0.026326
0.024497
0.022675
0.020864
0.019072
0.017304
0.015563
0.013863
0.012210
0.010596
0.009025
0.007501
0.006175
0.005269
0.004383
0.003634
0.002953
0.002300
0.001680
0.001095
0.000544
0.000028
0.015117
0.013661
0.015051
0.014192
0.014218
0.013819
0.013550
0.013158
0.012758
0.017380
0.017237
0.017605
0.017523
0.017555
0.017480
0.017392
0.017245
0.017065
0.049483
0.046108
0.048837
0.046679
0.046396
0.045164
0.044186
0.042912
0.041598
0.040148
0.038625
0.037017
0.035347
0.033622
0.031853
0.034371
0.032215
0.030746
0.277644
0.280061
0.297815
0.284647
0.281184
0.272788
0.265554
0.256687
0.247444
0.237418
0.226920
0.215949
0.204631
0.193029
0.181229
0.169484
0.158108
0.147018
0.136135
0.125308
0.114588
0.104024
0.093657
0.083528
0.073671
0.064638
0.055367
0.046551
0.038034
0.029943
0.022245
0.021463
0.014117
0.008717
0.006706
0.006723
0.008218
0.007998
0.007996
0.007779
0.007613
0.007397
0.007174
0.006927
0.006666
0.006390
0.006103
0.005805
0.005500
0.005189
0.004873
0.004554
0.004235
0.003916
0.003598
0.003284
0.002974
0.002670
0.002372
0.002093
0.001820
0.001557
0.001301
0.001056
0.000820
0.000595
0.000381
0.020459
0.019898
0.021346
0.021277
0.021640
0.021814
0.021994
0.029315
0.028479
0.029138
0.028488
0.028309
0.027815
0.027367
0.026796
0.026187
0.036316
0.034558
0.034783
0.033361
0.032532
0.031367
0.068615
0.063732
0.066041
0.062594
0.061360
0.062175
0.060642
0.058470
0.055976
0.053394
0.050721
0.047978
0.045179
0.042339
0.039475
0.036601
0.033807
0.031092
0.028394
0.025726
0.023097
0.020587
0.018060
0.015611
0.049037
0.043544
0.045106
0.041407
0.040013
0.037773
0.035907
0.033811
0.031765
0.029663
0.028067
0.026740
0.025372
0.023980
0.022567
0.021195
0.019816
0.018431
0.017048
0.015672
0.014312
0.012972
0.011657
0.010374
0.009126
0.007917
0.006750
0.005630
0.004557
0.003534
0.002564
0.001647
0.000784
0.000000
0.000000
0.000000
0.000000
0.000000
0.000000
0.004615
0.004071
0.004523
0.020783
0.019170
0.020520
0.019463
0.019331
0.018739
0.018275
0.017672
0.017054
0.016376
0.015667
0.014925
0.014159
0.013373
0.012573
0.011765
0.010953
0.010141
0.009334
0.008535
0.007749
0.006977
0.006224
0.005491
0.004782
0.004097
0.003440
0.002811
0.002224
0.001745
0.001290
0.000860
0.000455
0.000075
0.000000
0.000000
0.000000
0.001974
0.001824
0.001994
0.001914
0.020773
0.018481
0.020271
0.018796
0.018701
0.017927
0.017412
0.016703
0.016018
0.015265
0.014498
0.013702
0.012893
0.012071
0.011245
0.010418
0.009596
0.008782
0.007981
0.007195
0.006429
0.005684
0.004964
0.004271
0.003606
0.002970
0.002366
0.001794
0.005567
0.004726
0.004618
0.004204
0.004176
0.004100
0.004045
0.003961
0.003870
0.003766
0.003651
0.003527
0.003395
0.003256
0.003110
0.002959
0.002805
0.002647
0.002486
0.002325
0.002642
0.002432
0.002314
0.003282
0.002988
0.002933
0.002686
0.002523
0.002323
0.002142
0.001953
0.001770
0.001588
0.001410
0.001236
0.001067
0.000944
0.000962
0.000889
0.000832
0.000764
0.000702
0.000638
0.000577
0.000516
0.000458
0.019254
0.017770
0.019341
0.018532
0.018590
0.046478
0.044508
0.046485
0.044950
0.044612
0.043640
0.042749
0.041636
0.040439
0.039118
0.063947
0.059860
0.060654
0.057481
0.055803
0.053351
0.051102
0.048621
0.046122
0.043535
0.040916
0.038262
0.035595
0.032925
0.030267
0.027632
0.025031
0.022474
0.019972
0.017531
0.015161
0.012875
0.011088
0.009362
0.007701
0.006109
0.004805
0.003981
0.019553
0.017543
0.018222
0.016874
0.016318
0.015562
0.015356
0.015042
0.014701
0.014305
0.013874
0.013405
0.012905
0.012377
0.011826
0.011256
0.033124
0.030295
0.031696
0.029750
0.029123
0.027868
0.026815
0.034939
0.033971
0.033570
0.032656
0.031813
0.030884
0.029912
0.028891
0.027832
0.026739
0.025620
0.024481
0.023325
0.022160
0.020989
0.019817
0.018648
0.017487
0.016336
0.015200
0.014081
0.012982
0.011905
0.010853
0.009828
0.008832
0.008014
0.007539
0.007062
0.006584
0.006105
0.005628
0.005152
0.004678
0.009746
0.008740
0.008783
0.008008
0.007565
0.006975
0.006441
0.008246
0.007454
0.007101
0.006546
0.006327
0.006068
0.005822
0.005553
0.005278
0.013841
0.012670
0.013165
0.014881
0.014524
0.014255
0.013799
0.013374
0.013418
0.012878
0.012406
0.011844
0.011295
0.010722
0.010144
0.009558
0.008970
0.008385
0.008188
0.007829
0.007478
0.007111
0.006741
0.006368
0.005991
0.007881
0.007239
0.007087
0.006545
0.196494
0.177896
0.195136
0.184052
0.184097
0.178773
0.175126
0.170011
0.164795
0.158911
0.152703
0.146107
0.139236
0.132128
0.124838
0.117442
0.110029
0.102565
0.109721
0.100860
0.094820
0.086702
0.079569
0.072181
0.065100
0.093678
0.087133
0.083445
0.077940
0.073014
0.068084
0.063224
0.058454
0.053748
0.049145
0.044637
0.040245
0.037196
0.035461
0.033666
0.031826
0.029960
0.028213
0.026306
0.024421
0.022526
0.020654
0.018803
0.016983
0.015198
0.035523
0.033650
0.034234
0.033218
0.032709
0.042786
0.040991
0.041147
0.039651
0.038734
0.037471
0.036261
0.034926
0.033556
0.032121
0.030645
0.029129
0.027583
0.026012
0.024424
0.022823
0.021218
0.019613
0.018013
0.016424
0.014852
0.013299
0.011770
0.010272
0.008808
0.007378
0.005987
0.004636
0.003329
0.002273
0.001387
0.000551
0.000229
0.000000
0.000000
0.000000
0.000000
0.028963
0.025574
0.034129
0.031300
0.031819
0.030317
0.029631
0.028446
0.027378
0.026149
0.024907
0.023599
0.022267
0.020906
0.019533
0.018153
0.016776
0.015409
0.014060
0.012734
0.011437
0.010175
0.008952
0.007771
0.006637
0.005553
0.004519
0.003539
0.002614
0.001746
0.000933
0.000178
0.000037
0.000000
0.000000
0.000000
0.000000
0.000000
0.000000
0.000000
0.000000
0.000000
0.002866
0.002520
0.002793
0.002572
0.002562
0.002450
0.002378
0.002277
0.002181
0.002075
0.001968
0.001856
0.001743
0.001629
0.001514
0.001400
0.001286
0.001174
0.001063
0.000955
0.000850
0.000748
0.000650
0.000556
0.000465
0.000379
0.000297
0.000220
0.000148
0.000080
0.000017
0.000000
0.000000
0.000000
0.000000
0.000000
0.000000
0.000000
0.000000
0.000000
0.000000
0.000000
0.000000
0.000000
0.000000
0.000000
0.000000
0.000000
0.000000
0.000000
0.003374
0.002974
0.003301
0.003047
0.003039
0.041108
0.036463
0.040034
0.078086
0.073916
0.076110
0.072722
0.071351
0.068877
0.068871
0.066044
0.063565
0.060589
0.057654
0.054569
0.051447
0.048267
0.045068
0.041859
0.051077
0.064417
0.061098
0.060203
0.056260
0.053081
0.049536
0.046167
0.042799
0.039477
0.036186
0.032951
0.030135
0.027770
0.025430
0.023125
0.023384
0.020986
0.019655
0.018292
0.017052
0.065373
0.059341
0.062655
0.058639
0.057570
0.055130
0.053148
0.050790
0.048444
0.045965
0.043563
0.041221
0.038830
0.037204
0.034659
0.032288
0.029922
0.027911
0.025870
0.023850
0.021842
0.019862
0.017916
0.017661
0.015614
0.013977
0.012116
0.010439
0.008773
0.007201
1.540136
1.281513
1.330404
1.147686
1.068723
0.952578
0.858102
0.757850
0.664102
0.000881
0.000794
0.000709
0.000627
0.000548
0.001366
0.001202
0.001231
0.001110
0.001057
0.000974
0.000906
0.000831
0.000761
0.000690
0.001437
0.001334
0.001369
0.003995
0.003826
0.003948
0.003917
0.003915
0.003901
0.003874
0.003840
0.003794
0.003740
0.003678
0.003608
0.003530
0.003446
0.003356
0.003260
0.003159
0.232107
0.223726
0.242932
0.230396
0.229516
0.222893
0.217992
0.211324
0.325201
0.305863
0.375772
0.355839
0.352940
0.338378
0.327482
0.314101
0.300767
0.286573
0.272018
0.257048
0.241829
0.227825
0.212346
0.197000
0.182898
0.167735
0.152914
0.164347
0.147664
0.136105
0.121240
0.108276
0.118173
0.121355
0.114764
0.107527
0.099732
0.092375
0.085227
0.078167
0.071200
0.064356
0.060088
0.055929
0.051775
0.047643
0.043562
0.040696
0.038198
0.035691
0.033191
0.030709
0.028256
0.025841
0.023472
0.021159
0.018908
0.016726
0.014618
0.022129
0.020210
0.019328
0.018164
0.017238
0.016369
0.015660
0.015325
0.014982
0.014631
0.014420
0.014406
0.014365
0.014297
0.014202
0.014082
0.013938
0.013770
0.013580
0.013367
0.013134
0.012881
0.012610
0.012320
0.012014
0.011691
0.011354
0.011003
0.010639
0.010263
0.009937
0.009536
0.013748
0.012783
0.014601
0.013660
0.021705
0.020187
0.020402
0.019281
0.018671
0.036029
0.033447
0.034232
0.032298
0.031404
0.029987
0.032871
0.031465
0.030394
0.028995
0.027670
0.026268
0.024875
0.023449
0.024658
0.023213
0.022005
0.020619
0.019294
0.017957
0.016719
0.015504
0.014303
0.013122
0.011965
0.010834
0.009736
0.008706
0.007730
0.006938
0.006169
0.005423
0.004704
0.004040
0.003756
0.003471
0.003187
0.002905
0.002625
0.002348
0.002074
0.001804
0.001539
0.001279
0.001024
0.000775
0.000550
0.000403
0.000263
0.000126
0.000025
0.000000
0.000000
0.000000
0.000000
0.000000
0.000000
0.000000
0.000000
0.004482
0.004050
0.004463
0.004209
0.020350
0.018640
0.020012
0.018947
0.018828
0.018242
0.017790
0.022869
0.021584
0.021466
0.020341
0.019599
0.018632
0.017726
0.016749
0.015772
0.014772
0.013768
0.012761
0.013640
0.012505
0.011687
0.010649
0.009719
0.008772
0.007862
0.006970
0.006108
0.005274
0.004472
0.003770
0.003126
0.002511
0.001993
0.001775
0.001564
0.001361
0.001166
0.001056
0.000985
0.000914
0.000843
0.000772
0.000703
0.001716
0.001643
0.001679
0.132803
0.120018
0.131938
0.124343
0.124437
0.120843
0.144100
0.137519
0.136433
0.130466
0.126173
0.120705
0.115413
0.109702
0.103909
0.097940
0.091898
0.085792
0.079671
0.073562
0.067498
0.061505
0.055612
0.049840
0.044211
0.038745
0.033459
0.030720
0.025608
0.021156
0.018187
0.013862
0.009985
0.006169
0.005176
0.004467
0.003800
0.003339
0.003229
0.003109
0.002983
0.002851
0.002714
0.002572
0.002428
0.002282
0.002134
0.001986
0.001838
0.001691
0.001545
0.001402
0.001261
0.001123
0.000989
0.000859
0.000734
0.000613
0.001182
0.000988
0.000949
0.000832
0.000782
0.005014
0.004534
0.004860
0.004549
0.004526
0.004382
0.004276
0.004134
0.003990
0.003831
0.003666
0.003492
0.003313
0.060534
0.054771
0.059821
0.056330
0.056205
0.054467
0.053231
0.051530
0.049808
0.047895
0.045895
0.043788
0.041609
0.039374
0.037098
0.034790
0.032463
0.030130
0.027805
0.025497
0.023227
0.021077
0.018967
0.016906
0.014900
0.012955
0.011078
0.012102
0.010037
0.008664
0.006885
0.005398
0.003897
0.002524
0.063163
0.057019
0.062360
0.058636
0.058495
0.056647
0.055339
0.053542
0.051728
0.089372
0.082534
0.084153
0.078856
0.076404
0.072492
0.069100
0.065294
0.061543
0.057666
0.053787
0.049881
0.045994
0.042135
0.038327
0.034606
0.031001
0.027487
0.024077
0.020782
0.017611
0.014572
0.011672
0.008917
0.006740
0.005536
0.010233
0.009375
0.008866
0.008168
0.007506
0.006872
0.006231
0.005610
0.005428
0.005248
0.005040
0.004828
0.004604
0.007765
0.007275
0.007329
0.006951
0.006727
0.006429
0.006147
0.005844
0.005538
0.005224
0.004908
0.004589
0.004269
0.003951
0.003635
0.003323
0.003016
0.002715
0.002421
0.002136
0.001859
0.001673
0.001544
0.243553
0.220420
0.242824
0.229221
0.229756
0.223462
0.219243
0.213019
0.206662
0.199457
0.191836
0.183717
0.175242
0.166449
0.157473
0.148331
0.139064
0.129725
0.200271
0.184992
0.182709
0.170449
0.161997
0.151993
0.142582
0.132877
0.123302
0.113744
0.104310
0.101966
0.092173
0.083898
0.074825
0.066422
0.060555
0.057519
0.054373
0.051186
0.047955
0.044705
0.041448
0.038202
0.034980
0.037440
0.033635
0.031108
0.027679
0.024743
0.021694
0.018819
0.015990
0.013277
0.010657
0.008151
0.005757
0.004861
0.004418
0.010859
0.009616
0.023145
0.020962
0.021794
0.022027
0.021477
0.020857
0.020090
0.084032
0.075689
0.081255
0.151001
0.142800
0.146452
0.139762
0.136816
0.131867
0.127410
0.122282
0.117016
0.111450
0.105722
0.099836
0.093852
0.087802
0.081725
0.075653
0.069620
0.063653
0.057781
0.052076
0.046594
0.041260
0.036092
0.031105
0.026452
0.022626
0.018478
0.014629
0.010907
0.008433
0.006346
0.004378
0.002518
0.000774
0.000344
0.000328
0.000310
0.000292
0.000274
0.000256
0.000238
0.000220
0.000202
0.000184
0.000166
0.000149
0.000132
0.000116
0.001312
0.001179
0.053359
0.048182
0.052897
0.049827
0.049827
0.048356
0.047341
0.045909
0.044455
0.042825
0.041111
0.039297
0.037411
0.035463
0.033470
0.031443
0.029395
0.027338
0.025283
0.023241
0.021221
0.019231
0.017280
0.015375
0.013523
0.011728
0.009997
0.008334
0.006742
0.005685
0.004235
0.002912
0.001631
0.009911
0.008754
0.031180
0.028758
0.030536
0.029251
0.029093
0.028373
0.027771
0.026993
0.026174
0.025270
0.024312
0.023300
0.025113
0.023858
0.022978
0.021771
0.020675
0.019505
0.018358
0.017190
0.016033
0.014878
0.013739
0.012614
0.011510
0.010431
0.254486
0.243327
0.264348
0.250068
0.249522
0.242303
0.237187
0.230602
0.223377
0.215418
0.206997
0.198143
0.188938
0.179453
0.169747
0.159886
0.149925
0.139921
0.129925
0.119984
0.110142
0.100440
0.090916
0.081602
0.072530
0.063736
0.055263
0.047101
0.039267
0.031777
0.024643
0.017875
0.011479
0.007585
0.019710
0.017860
0.018416
0.017079
0.016495
0.015558
0.014741
0.013828
0.012919
0.011981
0.011330
0.046006
0.041070
0.043832
0.040587
0.039929
0.038007
0.070717
0.066347
0.067561
0.064346
0.062686
0.060253
0.057973
0.055457
0.052892
0.051588
0.048860
0.046213
0.043442
0.040685
0.037917
0.035163
0.032430
0.029869
0.037894
0.034739
0.033316
0.030627
0.028475
0.026162
0.023970
0.022258
0.020796
0.019324
0.017858
0.022961
0.021003
0.020129
0.018574
0.047229
0.042255
0.047391
0.043366
0.043096
0.041120
0.039800
0.038036
0.036352
0.034520
0.032668
0.030757
0.034263
0.031766
0.030294
0.028018
0.026078
0.024011
0.022026
0.020039
0.018111
0.030509
0.030412
0.029714
0.029736
0.029054
0.028843
0.028279
0.027892
0.027356
0.026875
0.027012
0.026532
0.026228
0.025799
0.025370
0.024898
0.024402
0.023872
0.023314
0.022729
0.022117
0.021482
0.020824
0.022476
0.021656
0.021256
0.020541
0.019911
0.019210
0.018503
0.017764
0.017007
0.016229
0.022597
0.022089
0.022015
0.021589
0.021262
0.020874
0.020480
0.020439
0.020005
0.019580
0.019119
0.018647
0.018379
0.017873
0.017376
0.016852
0.016322
0.015782
0.015233
0.014678
0.015522
0.014905
0.014607
0.020432
0.019361
0.019435
0.018577
0.018119
0.020155
0.019326
0.018862
0.018046
0.017343
0.016549
0.015768
0.014945
0.014119
0.013270
0.012415
0.011549
0.010681
0.009808
0.008938
0.008070
0.027035
0.023842
0.024937
0.022767
0.022234
0.021053
0.020155
0.019068
0.018019
0.016914
0.015810
0.014693
0.013585
0.012606
0.011646
0.010717
0.009800
0.008895
0.008006
0.007138
0.006293
0.005540
0.004850
0.004184
0.003546
0.002937
0.002357
0.001809
0.001292
0.000808
0.000356
0.000000
0.000000
0.000000
0.000000
0.035399
0.032007
0.035154
0.033059
0.033027
0.033811
0.032892
0.032079
0.030946
0.029829
0.028597
0.027325
0.025992
0.024622
0.023218
0.021794
0.020356
0.018913
0.082273
0.073212
0.078144
0.071923
0.070468
0.066728
0.063918
0.060490
0.057195
0.053719
0.050246
0.046725
0.043214
0.039714
0.036255
0.033110
0.030496
0.027910
0.025388
0.022926
0.020522
0.018186
0.015926
0.013748
0.011659
0.009664
0.007767
0.005971
0.004278
0.053057
0.045711
0.049487
0.045789
0.056946
0.054022
0.054261
0.051916
0.050360
0.048252
0.048118
0.045719
0.043637
0.041196
0.038831
0.036382
0.033941
0.119491
0.130162
0.133317
0.128069
0.124296
0.119676
0.115108
0.110183
0.105072
0.100093
0.094630
0.089118
0.083499
0.077865
0.072223
0.067515
0.062876
0.058245
0.053631
0.049064
0.044569
0.040386
0.036290
0.032298
0.028418
0.024663
0.021054
0.017618
0.014331
0.011200
0.008230
0.011427
0.058580
0.051218
0.054922
0.051076
0.050726
0.048649
0.047220
0.045288
0.049355
0.046719
0.045162
0.042643
0.040438
0.038034
0.035849
0.033428
0.031049
0.028648
0.026283
0.023946
0.021655
0.019415
0.017238
0.015129
0.013095
0.011142
0.009274
0.007495
0.005809
0.004218
0.002723
0.001909
0.001601
0.001390
0.001188
0.000996
0.000812
0.000636
0.000469
0.000312
0.002225
0.001903
0.002076
0.001955
0.001955
0.001896
0.001856
0.089055
0.082188
0.090043
0.086247
0.086560
0.084911
0.298813
0.276499
0.294727
0.280441
0.278566
0.270398
0.263924
0.255519
0.246877
0.237379
0.227431
0.216979
0.206166
0.195044
0.183699
0.172198
0.160608
0.148993
0.137412
0.125993
0.114643
0.103511
0.092618
0.082018
0.071684
0.061686
0.052040
0.042777
0.033914
0.025469
0.018366
0.012690
0.007346
0.002336
0.000174
0.000167
0.031553
0.027803
0.030833
0.028447
0.028362
0.027156
0.026387
0.025301
0.033419
0.031183
0.030904
0.029000
0.027747
0.026147
0.024668
0.023096
0.021544
0.019974
0.018417
0.016872
0.015351
0.013860
0.012405
0.010991
0.009623
0.008304
0.007042
0.005836
0.004690
0.003605
0.002582
0.001879
0.001585
0.001305
0.001038
0.000786
0.000549
0.000326
0.000119
0.000000
0.000000
0.000000
0.000000
0.000000
0.000032
0.000029
0.010124
0.008924
0.009904
0.009143
0.009121
0.008739
0.010737
0.010699
0.010798
0.010769
0.010732
0.010672
0.010580
0.010469
0.010331
0.010175
0.009997
0.009802
0.016443
0.080584
0.073723
0.079365
0.074235
0.073611
0.070738
0.068695
0.065990
0.063345
0.060457
0.103020
0.094572
0.095890
0.089309
0.086036
0.081129
0.090441
0.084361
0.081138
0.075608
0.071021
0.065989
0.061170
0.056282
0.051488
0.052136
0.046857
0.042847
0.038035
0.033850
0.029648
0.026303
0.023693
0.021177
0.018833
0.016563
0.014367
0.012255
0.010231
0.008304
0.006579
0.005173
0.004522
0.003896
0.003295
0.002722
0.002176
0.085688
0.077374
0.089668
0.084117
0.152136
0.142884
0.147496
0.143360
0.140794
0.141688
0.137139
0.132849
0.127705
0.122469
0.116911
0.111178
0.105266
0.099234
0.093115
0.086948
0.080766
0.074602
0.068484
0.062442
0.056500
0.050682
0.045007
0.039495
0.034162
0.029023
0.024090
0.019374
0.014883
0.010721
0.007890
0.005881
0.003979
0.002186
0.001454
0.001235
0.001023
0.000819
0.000623
0.000436
0.001786
0.001607
0.001719
0.001603
0.001596
0.001532
0.001489
0.001431
0.001375
0.001313
0.001250
0.001195
0.001140
0.001083
0.001024
0.000964
0.000903
0.000842
0.005707
0.005051
0.005460
0.005021
0.004944
0.004694
0.004513
0.004286
0.004068
0.003835
0.003602
0.003365
0.003127
0.002888
0.002652
0.002418
0.002211
0.002016
0.004851
0.004300
0.004409
0.004034
0.003851
0.003573
0.041914
0.038008
0.041254
0.077880
0.073758
0.075950
0.072661
0.103930
0.098516
0.099435
0.095150
0.092683
0.095590
0.093130
0.090993
0.088267
0.085520
0.082576
0.079530
0.076369
0.073128
0.069818
0.066462
0.063074
0.059671
0.056308
0.052974
0.049660
0.046378
0.043140
0.039954
0.036830
0.033775
0.031017
0.028900
0.026869
0.025178
0.023993
0.022783
0.021562
0.021407
0.020140
0.018976
0.017732
0.016515
0.015293
0.014081
0.012867
0.011664
0.010469
0.009287
0.008119
0.006969
0.008843
0.018802
0.020885
0.020401
0.019701
0.018894
0.018124
0.017528
0.017098
0.016607
0.016074
0.027828
0.026291
0.026718
0.025563
0.024951
0.024055
0.023204
0.024541
0.023455
0.022704
0.021612
0.020640
0.021481
0.020442
0.019566
0.018531
0.017540
0.035836
0.032931
0.033663
0.031533
0.030602
0.029138
0.027856
0.026432
0.025020
0.023703
0.022486
0.021240
0.019979
0.020130
0.045292
0.041098
0.042531
0.039443
0.038292
0.036213
0.034784
0.033103
0.031469
0.029753
0.028033
0.026289
0.024547
0.022809
0.021086
0.019394
0.017756
0.016156
0.014633
0.023231
0.021238
0.021161
0.019618
0.018695
0.017525
0.018018
0.016806
0.015880
0.014766
0.013749
0.012721
0.011729
0.011208
0.010750
0.010281
0.009803
0.009319
0.008833
0.008345
0.008069
0.007619
0.007194
0.006759
0.006337
0.005921
0.005515
0.005119
0.004734
0.004361
0.004001
0.003654
0.003320
0.003013
0.002918
0.002822
0.003437
0.003254
0.015893
0.014258
0.015406
0.014343
0.014216
0.013628
0.013216
0.012671
0.012144
0.011570
0.010987
0.010384
0.009782
0.009183
0.008581
0.007979
0.007379
0.006786
0.006201
0.005627
0.012404
0.011820
0.011989
0.011591
0.011373
0.011081
0.010793
0.010475
0.010143
0.009799
0.009448
0.009081
0.008700
0.008308
0.007906
0.007494
0.007084
0.006697
0.006315
0.005930
0.005543
0.005155
0.004767
0.004380
0.003996
0.003616
0.003240
0.002869
0.002505
0.002148
0.001798
0.001457
0.001126
0.000804
0.000492
0.000192
0.000004
0.000000
0.000000
0.000000
0.000000
0.000000
0.000000
0.000000
0.000000
0.000000
0.001562
0.001445
0.001581
0.005939
0.005509
0.005879
0.005599
0.005569
0.005412
0.005289
0.005127
0.004960
0.004776
0.004582
0.004378
0.004166
0.003947
0.003724
0.003497
0.003856
0.003568
0.003392
0.016568
0.015017
0.017177
0.016189
0.016106
0.015556
0.015153
0.014628
0.069485
0.063369
0.067694
0.063747
0.063050
0.060789
0.059013
0.076966
0.072350
0.071905
0.067907
0.065292
0.061898
0.058734
0.055338
0.051956
0.048504
0.049245
0.045334
0.042353
0.038683
0.035373
0.190885
0.171918
0.182984
0.170558
0.167801
0.193582
0.184124
0.180608
0.172572
0.165307
0.156974
0.149261
0.141799
0.134195
0.126394
0.118501
0.110730
0.103140
0.095542
0.087980
0.080489
0.073103
0.065854
0.058770
0.063798
0.055701
0.050426
0.043411
0.037526
0.031486
0.025892
0.020464
0.015348
0.011288
0.010001
0.008753
0.007552
0.008243
0.007619
0.022146
0.020103
0.020960
0.019569
0.019077
0.018170
0.017409
0.128595
0.115172
0.125080
0.116350
0.115375
0.110614
0.107247
0.102804
0.098471
0.093830
0.089257
0.084497
0.079643
0.074704
0.069724
0.065711
0.060613
0.055767
0.050817
0.046026
0.041306
0.038514
0.033891
0.029759
0.025534
0.021604
0.017948
0.014656
0.011519
0.008558
0.017397
0.013625
0.013677
0.012507
0.012415
0.011984
0.011662
0.011242
0.010821
0.010361
0.009885
0.009390
0.010461
0.009792
0.009413
0.008795
0.008280
0.007731
0.053163
0.048076
0.051669
0.048426
0.047896
0.046088
0.044699
0.042976
0.041268
0.039423
0.037525
0.035558
0.033549
0.031506
0.029467
0.027422
0.025576
0.023745
0.021918
0.020105
0.018314
0.016552
0.014828
0.013146
0.011513
0.009933
0.008410
0.006950
0.005572
0.015867
0.013724
0.013532
0.022431
0.035734
0.034969
0.035550
0.034426
0.033878
0.032962
0.032070
0.031028
0.029926
0.028740
0.027496
0.026197
0.024857
0.023483
0.022085
0.020671
0.019249
0.017827
0.016411
0.015009
0.013625
0.012266
0.010937
0.009642
0.008385
0.007169
0.005999
0.004877
0.003804
0.002784
0.001817
0.000905
0.000317
0.000063
0.000069
0.000064
0.000474
0.000423
0.000461
0.000428
0.000425
0.000407
0.000394
0.000377
0.000361
0.000344
0.000326
0.000307
0.000288
0.000269
0.000250
0.000231
0.000212
0.000194
0.000175
0.000157
0.000140
0.000123
0.008935
0.008721
0.009380
0.009377
0.009561
0.009656
0.009743
0.009792
0.009814
0.009808
0.009780
0.009725
0.009644
0.009538
0.009408
0.009257
0.009084
0.008892
0.008682
0.008455
0.008212
0.007955
0.027593
0.025401
0.026946
0.043714
0.041660
0.042470
0.040738
0.039907
0.038551
0.037285
0.035837
0.034341
0.032757
0.031122
0.029435
0.027713
0.025965
0.024201
0.022430
0.020662
0.018906
0.017167
0.015455
0.013774
0.012133
0.010535
0.009228
0.007964
0.006746
0.005577
0.004460
0.003396
0.002388
0.017131
0.014618
0.015682
0.014093
0.014039
0.013426
0.013032
0.012482
0.011956
0.011377
0.010790
0.010181
0.009563
0.008938
0.008310
0.007682
0.007060
0.006444
0.005840
0.005248
0.004672
0.004114
0.003575
0.003057
0.012764
0.012139
0.012561
0.012191
0.012074
0.011838
0.011619
0.011355
0.011077
0.010772
0.010449
0.010108
0.009750
0.009378
0.008994
0.008598
0.008193
0.007781
0.007362
0.006939
0.006738
0.006283
0.005877
0.005433
0.005007
0.004576
0.004153
0.003732
0.003319
0.017555
0.015450
0.016508
0.015051
0.014673
0.013781
0.013099
0.012278
0.011684
0.011061
0.010523
0.009962
0.009389
0.008806
0.008218
0.007629
0.007041
0.006458
0.005883
0.005319
0.004768
0.004232
0.003713
0.003217
0.002741
0.002286
0.001852
0.020147
0.018291
0.019495
0.020048
0.019632
0.019412
0.019067
0.018699
0.018253
0.017761
0.017215
0.016626
0.015997
0.015335
0.014644
0.013928
0.013193
0.012444
0.062855
0.057019
0.060837
0.057041
0.056261
0.054055
0.052314
0.050175
0.048036
0.045748
0.043404
0.040987
0.038530
0.036040
0.033536
0.038939
0.036294
0.034440
0.032022
0.029835
0.027651
0.025670
0.023665
0.021692
0.019743
0.017832
0.015963
0.014144
0.012379
0.010675
0.009034
0.007461
0.005958
0.004817
0.004518
0.004217
0.003915
0.003613
0.003314
0.003018
0.002726
0.002440
0.002160
0.001887
0.001622
0.001366
0.001120
0.000883
0.000656
0.000440
0.000236
0.000042
0.002859
0.002583
0.002843
0.002679
0.002682
0.002605
0.002553
0.002477
0.002401
0.002314
0.002223
0.002126
0.002026
0.001922
0.001815
0.001706
0.001596
0.001486
0.022426
0.020233
0.022013
0.020661
0.020551
0.019853
0.019344
0.018669
0.017992
0.017249
0.016478
0.015672
0.014844
0.013997
0.013137
0.012268
0.011452
0.010639
0.009828
0.009022
0.008226
0.007443
0.006676
0.005927
0.005199
0.004495
0.003816
0.003165
0.002542
0.001948
0.001386
0.000855
0.000355
0.000000
0.000000
0.000000
0.000000
0.000000
0.000000
0.000000
0.000000
0.000000
0.000000
0.000000
0.000000
0.000000
0.015128
0.013671
0.015063
0.014205
0.014232
0.013833
0.043633
0.040231
0.042501
0.040243
0.039733
0.038353
0.037221
0.043829
0.041621
0.040816
0.038770
0.037138
0.035246
0.033395
0.031463
0.029521
0.027554
0.025586
0.023621
0.021671
0.019744
0.017850
0.015994
0.015680
0.013776
0.012211
0.010486
0.008914
0.007598
0.006440
0.005322
0.004257
0.003242
0.002582
0.002284
0.001995
0.001716
0.001447
0.001189
0.000943
0.000771
0.000713
0.000655
0.000599
0.000543
0.000488
0.000434
0.000382
0.000332
0.000283
0.000236
0.000191
0.000149
0.000108
0.000070
0.000034
0.000000
0.006343
0.005737
0.006324
0.005968
0.005982
0.005818
0.005708
0.005546
0.005380
0.032566
0.029749
0.032070
0.030311
0.030143
0.029198
0.028484
0.027540
0.026580
0.025525
0.024424
0.023269
0.022078
0.020856
0.019611
0.018352
0.017087
0.015821
0.014562
0.013315
0.012086
0.010879
0.009700
0.008553
0.017098
0.014950
0.014978
0.013373
0.012512
0.011345
0.010351
0.009300
0.008304
0.007317
0.006711
0.006339
0.005961
0.005577
0.005191
0.004806
0.004422
0.004043
0.003670
0.003304
0.002948
0.002602
0.002268
0.001946
0.001638
0.001344
0.001066
0.000802
0.000554
0.000321
0.000105
0.000000
0.000000
0.000000
0.000000
0.000000
0.000000
0.004548
0.004204
0.004597
0.004414
0.004440
0.004368
0.004316
0.004234
0.004144
0.004039
0.003922
0.003795
0.003659
0.003514
0.003363
0.003206
0.003044
0.002878
0.002709
0.002538
0.002366
0.002194
0.002023
0.001853
0.001685
0.001519
0.001357
0.001198
0.001044
0.000894
0.000749
0.000610
0.000476
0.000348
0.000226
0.000111
0.000002
0.000000
0.000000
0.000000
0.000000
0.000000
0.000000
0.000000
0.000000
0.000000
0.000000
0.000000
0.000000
0.000000
0.000000
0.000000
0.000000
0.000000
0.000000
0.000000
0.000000
0.000000
0.000000
0.000000
0.000000
0.000000
0.000000
0.000000
0.003684
0.003323
0.003657
0.003443
0.003445
0.003343
0.003274
0.003175
0.003074
0.002962
0.002843
0.002718
0.002587
0.002453
0.002315
0.002175
0.002033
0.001891
0.001749
0.001608
0.001468
0.001592
0.005872
0.005325
0.005582
0.005196
0.005069
0.004825
0.004622
0.004389
0.004159
0.012503
0.012073
0.012491
0.012339
0.012362
0.012293
0.012212
0.012091
0.011943
0.011764
0.011560
0.011330
0.011079
0.010806
0.016783
0.015868
0.016118
0.015422
0.015082
0.014555
0.014074
0.013534
0.012986
0.012412
0.011849
0.011345
0.011266
0.010689
0.010183
0.009603
0.009043
0.008466
0.007893
0.016106
0.014863
0.015048
0.014127
0.013617
0.012926
0.012287
0.011602
0.010915
0.010214
0.009508
0.008798
0.008089
0.007382
0.007654
0.007168
0.006933
0.006523
0.006180
0.005798
0.005429
0.005051
0.004675
0.004300
0.003928
0.003561
0.003200
0.002851
0.004706
0.004170
0.004056
0.003627
0.003338
0.002999
0.031842
0.029279
0.031469
0.030162
0.030193
0.029590
0.029126
0.028466
0.698974
0.599871
0.626274
0.556619
0.037691
0.035278
0.035205
0.033349
0.032144
0.078170
0.072122
0.074941
0.070674
0.069162
0.066302
0.063848
0.061006
0.058151
0.072285
0.070913
0.070605
0.069412
0.068369
0.067140
0.065844
0.064436
0.062948
0.061376
0.059979
0.092124
0.088453
0.090057
0.087379
0.086140
0.084103
0.082154
0.079919
0.077569
0.114134
0.107216
0.108573
0.103082
0.100336
0.096101
0.092323
0.088082
0.083840
0.079418
0.074939
0.070382
0.065790
0.061176
0.056564
0.051971
0.047417
0.042918
0.038488
0.034143
0.029895
0.025755
0.021735
0.029535
0.032587
0.029217
0.026114
0.023191
0.021373
0.020061
0.018801
0.017522
0.016886
0.016356
0.015786
0.015177
0.014536
0.013867
0.013176
0.018405
0.017117
0.016937
0.015869
0.015146
0.014258
0.013427
0.012555
0.011691
0.016197
0.015271
0.014890
0.014090
0.013434
0.012715
0.012018
0.011306
0.010600
0.009894
0.009196
0.008504
0.008012
0.007595
0.117792
0.106702
0.116442
0.109727
0.109493
0.176456
0.167042
0.170008
0.162462
0.158692
0.152783
0.147360
0.141282
0.135051
0.128493
0.128726
0.121280
0.114857
0.107481
0.100396
0.093168
0.121722
0.113700
0.114315
0.107257
0.109589
0.102425
0.097277
0.090718
0.084796
0.078645
0.072683
0.066739
0.062672
0.056744
0.051331
0.045757
0.054952
0.049456
0.068863
0.072802
0.071646
0.068920
0.066185
0.063310
0.060373
0.057420
0.116534
0.167585
0.164143
0.163915
0.157785
0.153785
0.150844
0.145765
0.140731
0.135325
0.129779
0.124033
0.118572
0.112903
0.107076
0.101141
0.095147
0.089105
0.083058
0.077012
0.070993
0.065029
0.059142
0.095268
0.089572
0.087593
0.083000
0.080615
0.076646
0.073366
0.069885
0.066611
0.063341
0.060100
0.056888
0.053717
0.051780
0.051156
0.050416
0.049588
0.048669
0.047667
0.046588
0.065696
0.062148
0.062960
0.060219
0.058900
0.056805
0.054942
0.052831
0.050711
0.048488
0.046224
0.043922
0.041592
0.039235
0.036863
0.034494
0.032154
0.030031
0.027923
0.025825
0.028734
0.026228
0.024688
0.022437
0.020514
0.018491
0.016554
0.028462
0.026086
0.025425
0.023469
0.021997
0.020327
0.018737
0.017099
0.016258
0.017993
0.017117
0.016662
0.023743
0.022261
0.022195
0.020966
0.020179
0.019168
0.018222
0.017212
0.016201
0.015170
0.014135
0.013096
0.012059
0.011028
0.010007
0.009064
0.008174
0.007298
0.006437
0.005595
0.004773
0.003975
0.003201
0.002717
0.002318
0.001983
0.001660
0.009272
0.008039
0.008529
0.007669
0.007446
0.006961
0.006651
0.006382
0.006123
0.005837
0.005546
0.005243
0.004934
0.004621
0.004306
0.003990
0.003676
0.003365
0.003058
0.002758
0.002465
0.002181
0.001906
0.001641
0.001387
0.001145
0.000915
0.000697
0.000492
0.000300
0.000121
0.000000
0.000000
0.000000
0.000730
0.000657
0.000722
0.000678
0.000677
0.000656
0.000641
0.000621
0.000600
0.002686
0.002457
0.018589
0.017246
0.018608
0.017893
0.017926
0.017594
0.018103
0.017724
0.017371
0.016918
0.016429
0.015897
0.015326
0.014723
0.014091
0.013435
0.012759
0.012068
0.011366
0.010655
0.009941
0.009225
0.008513
0.007805
0.007106
0.006418
0.005743
0.014364
0.012818
0.013040
0.011903
0.011331
0.010564
0.009902
0.009186
0.008490
0.007785
0.007395
0.007045
0.006684
0.006313
0.017868
0.016314
0.017020
0.015954
0.015601
0.014915
0.014337
0.013668
0.013001
0.012302
0.011594
0.010873
0.010147
0.009419
0.058217
0.066398
0.068940
0.067293
0.066331
0.064971
0.063694
0.062177
0.090632
0.085767
0.086450
0.082514
0.080243
0.077033
0.074012
0.070686
0.067303
0.063789
0.060210
0.056590
0.053165
0.054148
0.050250
0.047187
0.043482
0.040068
0.036576
0.033182
0.029822
0.026542
0.023338
0.020227
0.017215
0.017605
0.014489
0.012115
0.009545
0.008318
0.007252
0.006259
0.019412
0.049054
0.046362
0.048395
0.045790
0.045103
0.043405
0.042028
0.040326
0.038622
0.036787
0.036487
0.034356
0.032536
0.030416
0.028449
0.026468
0.024515
0.022560
0.020631
0.018730
0.016867
0.015049
0.013283
0.011575
0.009929
0.008371
0.006931
0.005560
0.004260
0.003032
0.001879
0.000865
0.000483
0.000317
0.000267
0.000219
0.000173
0.000130
0.000089
0.000051
0.000016
0.000000
0.000000
0.000000
0.000000
0.000000
0.000000
0.000000
0.000000
0.000000
0.002611
0.002362
0.002604
0.002458
0.002464
0.002397
0.002352
0.002285
0.002218
0.002141
0.002059
0.001972
0.001882
0.001787
0.009862
0.008972
0.009620
0.009052
0.008962
0.008643
0.008396
0.008083
0.007768
0.007428
0.007076
0.006711
0.006338
0.005958
0.005574
0.005188
0.004802
0.008133
0.008749
0.011802
0.011137
0.011092
0.010591
0.010255
0.009831
0.009423
0.008988
0.008548
0.008097
0.007641
0.007182
0.006720
0.006260
0.005802
0.005489
0.005203
0.004911
0.004616
0.004318
0.006120
0.005618
0.005514
0.005099
0.004811
0.025838
0.037268
0.037562
0.037409
0.036400
0.051666
0.049119
0.049643
0.047563
0.046455
0.044762
0.044951
0.043322
0.041824
0.040121
0.038426
0.036661
0.037755
0.036273
0.034948
0.033498
0.032056
0.030619
0.029177
0.027749
0.026331
0.024935
0.023560
0.022214
0.020898
0.019616
0.018371
0.017165
0.015999
0.015181
0.014765
0.014342
0.017891
0.017521
0.017436
0.017120
0.016894
0.016620
0.016363
0.016090
0.015818
0.020355
0.019503
0.019688
0.019042
0.018749
0.018330
0.018051
0.017727
0.017409
0.017078
0.016747
0.016413
0.016080
0.015811
0.015602
0.015388
0.015170
0.014949
0.014727
0.014504
0.014280
0.014057
0.013835
0.023615
0.022401
0.023078
0.022268
0.022050
0.021555
0.021153
0.020672
0.020229
0.019812
0.019376
0.148810
0.135777
0.147191
0.139268
0.138943
0.134956
0.132089
0.128154
0.124157
0.119715
0.115062
0.122776
0.116478
0.112399
0.106329
0.100913
0.095092
0.089359
0.083530
0.089296
0.082357
0.077661
0.071393
0.066036
0.060460
0.055108
0.049802
0.044646
0.046719
0.050363
0.045500
0.041695
0.037129
0.033088
0.045076
0.042779
0.043266
0.041300
0.040070
0.038417
0.036860
0.035199
0.033532
0.031815
0.037378
0.035220
0.034312
0.032457
0.030923
0.029221
0.027584
0.025907
0.024326
0.022909
0.021478
0.020056
0.018645
0.017259
0.051337
0.046532
0.048442
0.045117
0.043896
0.041706
0.077060
0.071810
0.072985
0.069040
0.067024
0.064046
0.061424
0.058732
0.056003
0.053150
0.050241
0.047383
0.044572
0.041734
0.038886
0.036042
0.033306
0.030669
0.028062
0.025497
0.022983
0.020530
0.018144
0.015832
0.013601
0.011456
0.012685
0.010409
0.009558
0.008300
0.007282
0.006218
0.005232
0.004355
0.004102
0.003840
0.003575
0.003306
0.003035
0.002763
0.002521
0.002348
0.002178
0.002005
0.001835
0.001666
0.001501
0.001339
0.001181
0.001028
0.000879
0.000765
0.000656
0.000552
0.000452
0.000357
0.000266
0.000180
0.000100
0.000024
0.000000
0.000000
0.000000
0.003400
0.003074
0.003388
0.003197
0.003204
0.003115
0.003056
0.002969
0.002879
0.003086
0.002949
0.002863
0.002727
0.002604
0.002470
0.002335
0.002197
0.002057
0.001917
0.001776
0.001636
0.006399
0.005779
0.006087
0.005667
0.005540
0.005279
0.020686
0.018583
0.019855
0.018421
0.018129
0.123402
0.109947
0.119330
0.110443
0.109304
0.104373
0.100906
0.096371
0.091994
0.087260
0.084604
0.079733
0.074972
0.070050
0.065150
0.060261
0.055414
0.050632
0.045937
0.041348
0.036883
0.032557
0.028383
0.024373
0.020537
0.016882
0.015855
0.012604
0.010029
0.007223
0.004762
0.003908
0.003729
0.003526
0.003326
0.003119
0.002910
0.002699
0.002488
0.002277
0.002067
0.001858
0.001653
0.001451
0.013401
0.012060
0.013006
0.012155
0.012021
0.011553
0.011232
0.011254
0.010830
0.010435
0.009972
0.020016
0.018259
0.018780
0.017508
0.017001
0.016113
0.015368
0.014519
0.013687
0.012824
0.011962
0.011093
0.010228
0.010660
0.009689
0.008977
0.008090
0.007301
0.006499
0.005735
0.004989
0.004982
0.004279
0.003902
0.003516
0.003162
0.002813
0.002481
0.002161
0.001857
0.001567
0.001453
0.001390
0.001326
0.001261
0.001196
0.001130
0.001064
0.000998
0.000933
0.000869
0.000805
0.000742
0.000681
0.000621
0.000562
0.000505
0.000466
0.000438
0.000411
0.000383
0.000356
0.000328
0.000301
0.000273
0.000247
0.000220
0.000194
0.000168
0.000143
0.000118
0.000094
0.000308
0.000268
0.000280
0.000252
0.025147
0.022118
0.024479
0.022540
0.026522
0.025059
0.024825
0.068647
0.062462
0.065761
0.061339
0.060138
0.057320
0.055097
0.057702
0.054549
0.052242
0.049127
0.046272
0.043260
0.055096
0.050671
0.049063
0.045282
0.127289
0.117431
0.121544
0.114887
0.112232
0.107788
0.103840
0.099782
0.095777
0.091553
0.087208
0.082744
0.078276
0.073747
0.069426
0.081988
0.076634
0.074299
0.069515
0.065677
0.061392
0.057275
0.053067
0.048958
0.054590
0.133055
0.120016
0.124020
0.114145
0.110256
0.103558
0.098052
0.091824
0.085805
0.079616
0.073488
0.068295
18.833380
0.059832
0.055575
0.051333
0.047127
0.042978
0.038903
0.034919
0.031039
0.027277
0.060048
0.056462
0.056509
0.054253
0.052637
0.050827
0.048972
0.047073
0.045102
0.043100
0.041050
0.038974
0.036985
0.055645
0.051358
0.264537
0.239968
0.257108
0.241802
0.239325
0.230683
0.223973
0.215497
0.206956
0.197717
0.188172
0.178254
0.168097
0.157739
0.147256
0.136702
0.126270
0.116240
0.106327
0.096542
0.087657
0.079027
0.070588
0.062369
0.054398
0.046697
0.039287
0.032186
0.025410
0.019018
0.013326
0.007953
0.002905
0.000000
0.000000
0.000000
0.420865
0.387376
0.422894
0.404981
0.406394
0.398603
0.392929
0.385573
0.376331
0.365950
0.358563
0.346138
0.333308
0.319501
0.305196
0.290372
0.459875
0.446818
0.469803
0.460149
0.457008
0.449240
0.441944
0.432936
0.423270
0.412534
0.401034
0.388722
0.375728
0.362091
0.347896
0.333201
0.318079
0.302592
0.286806
0.270782
0.254582
0.238270
0.221894
0.205529
0.189208
0.172978
0.156885
0.376612
0.345547
0.350788
0.322567
0.308061
0.287036
0.268321
0.251562
0.236516
0.707800
0.640114
0.669678
0.610151
0.595385
0.561882
0.537684
0.507638
0.479609
0.449935
0.420806
0.391396
0.362395
0.333690
0.305556
0.281994
0.263826
0.245654
0.227566
0.209532
0.191716
0.174167
0.159905
0.142882
0.126796
0.116181
0.101066
0.086787
0.082786
0.069481
0.057872
0.046069
0.035286
0.029881
0.029537
0.029091
0.028637
0.028124
0.027586
0.188726
0.207393
0.218433
0.212330
0.210141
0.205596
0.201334
0.196081
0.190413
0.327801
0.304265
0.311299
0.293241
0.285403
0.272206
0.260812
0.247835
0.234974
0.221569
0.208101
0.194484
0.182524
0.168730
0.155351
0.141873
0.128708
0.115761
0.103142
0.090865
0.106595
0.249984
0.225899
0.230647
0.212297
0.205248
0.242001
0.228712
0.224163
0.212721
0.215567
0.206070
0.200799
0.193777
0.187002
0.179603
0.172111
0.164308
0.156395
0.148333
0.140216
0.132056
0.156573
0.145239
0.140148
0.130302
0.122546
0.114036
0.169760
0.153946
0.152148
0.139480
0.131701
0.121849
0.114483
0.108517
0.102667
0.096651
0.090638
0.084586
0.330223
0.294919
0.313908
0.289597
0.283807
0.269127
0.258041
0.244537
0.231528
0.217793
0.204053
0.190104
0.176167
0.162255
0.148470
0.135009
0.122320
0.109871
0.097713
0.086842
0.089801
0.079909
0.071376
0.062835
0.054710
0.047234
0.039888
0.033110
0.026653
0.020604
0.014929
0.013217
0.013011
0.012780
0.012523
0.012242
0.011938
0.012637
0.012172
0.011909
0.011452
0.011055
0.042857
0.038537
0.041165
0.038221
0.037633
0.035889
0.034590
0.032963
0.031383
0.029692
0.027985
0.026234
0.024468
0.022690
0.020912
0.019142
0.017389
0.015665
0.013972
0.012315
0.010764
0.009401
0.008093
0.006832
0.005633
0.004493
0.003462
0.031967
0.027618
0.029671
0.289553
0.263281
0.285831
0.269673
0.268676
0.260355
0.254254
0.253584
0.244629
0.236017
0.226031
0.215897
0.205259
0.194364
0.183214
0.171911
0.160512
0.149086
0.137692
0.126385
0.115216
0.104234
0.093993
0.083446
0.111316
0.097174
0.091332
0.201822
0.179630
0.182146
0.165324
0.156966
0.144955
0.135602
0.130062
0.124585
0.118663
0.112613
0.106359
0.105747
0.099442
0.102214
0.095349
0.090105
0.083703
0.077948
0.072016
0.066274
0.060585
0.055039
0.049626
0.044378
0.039571
0.034651
0.044091
0.039549
0.036583
0.032758
0.030546
0.029423
0.035747
0.097625
0.089794
0.094378
0.088628
0.087104
0.083412
0.080495
0.076942
0.073446
0.131739
0.121830
0.123531
0.115966
0.112169
0.106836
0.102066
0.096814
0.216898
0.199259
0.205214
0.217379
0.209530
0.202893
0.193710
0.194217
0.184511
0.175791
0.166092
0.156508
0.146728
0.137014
0.127343
0.118953
0.110563
0.103343
4.664398
0.086810
0.079016
0.071239
0.063791
0.056519
0.049475
0.042979
0.037707
0.032609
0.027700
0.022989
0.018487
0.014201
0.010139
0.006303
0.005315
0.004383
0.003708
0.003366
0.003028
0.002695
0.002368
0.002048
0.001735
0.001490
0.001194
0.000913
0.000748
0.003238
0.002790
0.002919
0.002612
0.002518
0.002339
0.002272
0.132050
0.122246
0.133440
0.128225
0.128947
0.126837
0.125332
0.122945
0.120325
0.117253
0.306633
0.279945
0.294624
0.276567
0.271597
0.259740
0.250290
0.238845
0.227572
0.215589
0.203448
0.191020
0.178489
0.165881
0.153304
0.140835
0.128499
0.120349
0.108040
0.096771
0.085231
0.080646
0.069980
0.060227
0.050555
0.041397
0.032684
0.026829
0.021813
0.017077
0.012636
0.010100
0.009930
0.009737
0.009525
0.009294
0.009046
0.008783
0.073285
0.067984
0.073175
0.070169
0.070136
0.068692
0.067557
0.065988
0.064309
0.062413
0.060371
0.058180
0.058129
0.055845
0.053689
0.147032
0.133266
0.140066
0.130329
0.127558
0.121356
0.116466
0.110615
0.104912
0.098900
0.092858
0.086715
0.080559
0.074401
0.068283
0.062231
0.056273
0.050433
0.044734
0.039196
0.033836
0.029140
0.025602
0.022209
0.018965
0.020041
0.016758
0.014306
0.011481
0.009008
0.006604
0.004921
0.004683
0.004443
0.004191
0.003935
0.003674
0.003423
0.003215
0.003022
0.002942
0.002785
0.002638
0.002479
0.002322
0.002163
0.002005
0.001846
0.001689
0.001534
0.001382
0.001232
0.001086
0.000944
0.000806
0.000673
0.000545
0.000422
0.000305
0.000193
0.000088
0.000024
0.131261
0.118419
0.130320
0.122693
0.126698
0.122703
0.120600
0.116846
0.113275
0.109154
0.104863
0.100290
0.110456
0.104085
0.100406
0.094416
0.089245
0.083628
0.078143
0.072564
0.067032
0.061523
0.056086
0.050734
0.045491
0.040377
0.044029
0.038506
0.034614
0.029767
0.025543
0.021319
0.017358
0.013687
0.012744
0.011889
0.029287
0.026329
0.027364
0.025258
0.024493
0.023085
0.021942
0.020704
0.019427
0.018119
0.017110
0.016090
0.015057
0.014016
0.012973
0.011935
0.010906
0.009891
0.008895
0.007922
0.006976
0.006075
0.005212
0.004381
0.003585
0.002827
0.002161
0.001646
0.001159
0.000702
0.000276
0.000019
0.000017
0.000014
0.000012
0.000010
0.000008
0.000006
0.015485
0.014293
0.015647
0.015455
0.015494
0.015281
0.015071
0.014785
0.014458
0.014083
0.013668
0.013216
0.023413
0.022585
0.022991
0.029302
0.027968
0.027961
0.026739
0.025968
0.024912
0.023916
0.022820
0.021711
0.020558
0.019388
0.018198
0.017000
0.015798
0.014598
0.013406
0.012227
0.011065
0.009925
0.008820
0.007744
0.314394
0.289805
0.315188
0.301698
0.302389
0.296437
0.292004
0.285553
0.278624
0.270699
0.262148
0.253043
0.243391
0.254976
0.242027
0.335494
0.353926
0.350960
0.336272
0.324918
0.310931
0.297605
0.283302
0.268926
0.254170
0.239307
0.224323
0.209337
0.194395
0.179572
0.164922
0.150503
0.136362
0.122548
0.109099
0.096053
0.085794
0.080387
0.075020
0.069713
0.064485
0.059349
0.054322
0.049416
0.044807
0.040588
0.036486
0.032506
0.029077
0.027492
0.025896
0.051020
0.049413
0.097721
0.092038
0.096237
0.092819
0.092425
0.090446
0.088933
0.086903
0.084842
0.082540
0.080130
0.077570
0.074909
0.072145
0.069302
0.066392
0.063430
0.060427
0.057398
0.054353
0.126892
0.118222
0.121790
0.115832
0.113363
0.109285
0.105621
0.101477
0.097257
0.092833
0.088296
0.083644
0.113000
0.104162
0.103472
0.096981
0.092913
0.087571
0.082664
0.077391
0.086187
0.079466
0.075394
0.069645
0.064829
0.059641
0.054885
0.050278
0.045747
0.041269
0.121279
0.140298
0.143512
0.138697
0.135933
0.131882
0.128123
0.123823
0.119391
0.114681
0.109809
0.104766
0.099598
0.094852
0.090638
0.092820
0.087826
0.083803
0.078885
0.074228
0.069410
0.064628
0.059827
0.055119
0.050683
0.046288
0.041951
0.037689
0.033515
0.029442
0.025484
0.021650
0.017950
0.014393
0.010986
0.007735
0.004646
0.003093
0.002590
0.002350
0.002113
0.001882
0.001656
0.001436
0.001223
0.001017
0.000819
0.000629
0.000448
0.000276
0.000113
0.000000
0.000000
0.000000
0.000000
0.000000
0.000000
0.000000
0.011235
0.009890
0.010971
0.010113
0.010079
0.009644
0.009364
0.008971
0.008595
0.008179
0.007757
0.007318
0.006872
0.006420
0.005965
0.005511
0.005059
0.004612
0.004173
0.003742
0.003323
0.002916
0.002522
0.002144
0.004998
0.004270
0.004254
0.003701
0.003403
0.003008
0.002697
0.002588
0.002482
0.002366
0.002247
0.002124
0.001999
0.001871
0.001743
0.001615
0.001487
0.001361
0.001236
0.001115
0.000996
0.000880
0.000769
0.000661
0.000558
0.000460
0.000367
0.000279
0.000196
0.000118
0.000045
0.000000
0.000000
0.000000
0.000000
0.000000
0.000000
0.000000
0.000000
0.000000
0.000000
0.000000
0.000000
0.000000
0.000000
0.000000
0.000000
0.000000
0.000000
0.000000
0.000000
0.000000
0.000000
0.000000
0.000000
0.000000
0.000000
0.000000
0.000000
0.000000
0.000000
0.004354
0.004025
0.004401
0.004227
0.004253
0.004184
0.004135
0.004057
0.003971
0.003871
0.003760
0.003638
0.003508
0.003370
0.021286
0.026751
0.027540
0.027026
0.026885
0.026334
0.025807
0.029354
0.028236
0.027836
0.026757
0.025874
0.024831
0.023790
0.022687
0.021560
0.020404
0.019231
0.018047
0.016857
0.015668
0.014485
0.013314
0.012251
0.011208
0.010183
0.009180
0.008201
0.007250
0.006330
0.005441
0.004587
0.061196
0.054710
0.059400
0.055708
0.055411
0.053513
0.052134
0.050302
0.048464
0.046534
0.044525
0.042414
0.040236
0.038021
0.035798
0.033545
0.031276
0.029066
0.026798
0.024559
0.022353
0.020219
0.018128
0.016088
0.014106
0.045661
0.039767
0.041186
0.036906
0.035169
0.032324
0.191573
0.169976
0.183756
0.170441
0.168926
0.161589
0.165544
0.159179
0.153810
0.147255
0.140705
0.133824
0.126791
0.119612
0.112348
0.105110
0.097799
0.090530
0.083327
0.076229
0.069262
0.062454
0.055827
0.049403
0.043199
0.037232
0.031513
0.026054
0.020863
0.015947
0.011310
0.007497
0.006576
0.005675
0.004796
0.003941
0.003101
0.002491
0.002058
0.001645
0.001251
0.000882
0.000536
0.000214
0.000047
0.003589
0.003159
0.003495
0.003220
0.012216
0.011022
0.011820
0.011029
0.010902
0.010439
0.010098
0.009659
0.009230
0.008881
0.008629
0.008361
0.008083
0.007791
0.110319
0.099712
0.108524
0.102021
0.101579
0.098260
0.095859
0.092636
0.089390
0.085815
0.082096
0.078197
0.074178
0.070110
0.065981
0.061799
0.057587
0.053370
0.049168
0.045001
0.040888
0.036844
0.032887
0.029057
0.025426
0.021917
0.018534
0.015290
0.012191
0.009243
0.006450
0.003873
0.001395
0.001422
0.001236
0.001348
0.038630
0.036396
0.039481
0.037975
0.040187
0.039314
0.038996
0.038118
0.037294
0.036283
0.035201
0.034013
0.032750
0.031414
0.030018
0.028571
0.027084
0.025565
0.024023
0.022486
0.020924
0.019364
0.017811
0.016273
0.014755
0.013263
0.018233
0.016186
0.015389
0.013681
0.012396
0.012231
0.011010
0.009780
0.008628
0.007486
0.006609
0.006383
0.006157
0.005915
0.005669
0.005414
0.005156
0.004894
0.004631
0.004366
0.004103
0.003840
0.003581
0.003324
0.003073
0.002826
0.002585
0.002351
0.002124
0.001904
0.001692
0.001489
0.001294
0.001108
0.006491
0.005801
0.006286
0.005831
0.005774
0.005522
0.005345
0.005113
0.004888
0.004644
0.004434
0.004174
0.010299
0.009415
0.009735
0.009104
0.008849
0.008417
0.008044
0.007623
0.007206
0.006773
0.006341
0.005920
0.005505
0.005091
0.004681
0.004288
0.003915
0.003536
0.003167
0.002858
0.002614
0.002375
0.002140
0.001910
0.001686
0.001469
0.032594
0.029924
0.032349
0.030820
0.030748
0.030008
0.029434
0.028663
0.029444
0.028523
0.027814
0.026814
0.025844
0.024782
0.023690
0.022549
0.021380
0.020184
0.018970
0.017744
0.016512
0.015281
0.014055
0.012841
0.011642
0.010464
0.010533
