0.005463
0.005564
0.005266
0.005113
0.004893
0.004690
0.007061
0.006807
0.006787
0.006572
0.006412
0.006215
0.006018
0.005804
0.005584
0.005355
0.005119
0.004877
0.004631
0.004380
0.004128
0.003874
0.003619
0.003365
0.003112
0.002860
0.002612
0.002367
0.002125
0.001888
0.012951
0.011624
0.014383
0.013348
0.013349
0.012749
0.012427
0.011975
0.011538
0.011050
0.076646
0.071848
0.077019
0.072868
0.072202
0.069841
0.067976
0.065607
0.063193
0.060566
0.057836
0.056004
0.053094
0.050196
0.047192
0.044170
0.041130
0.038534
0.054901
0.050467
0.049159
0.045473
0.042735
0.042303
0.039081
0.036472
0.033601
0.030967
0.028284
0.025688
0.023126
0.020635
0.018243
0.016201
0.015345
0.014472
0.017058
0.015820
0.015235
0.014135
0.013244
0.012266
0.012602
0.011665
0.010859
0.009973
0.009126
0.008284
0.007471
0.006697
0.005943
0.005209
0.009391
0.008226
0.008032
0.016799
0.015675
0.016163
0.015319
0.014982
0.014388
0.013863
0.013261
0.062351
0.055833
0.059996
0.055575
0.063915
0.060446
0.059411
0.056564
0.054326
0.051661
0.049051
0.046301
0.043527
0.040717
0.037907
0.035106
0.032339
0.029600
0.026901
0.024255
0.021672
0.019161
0.016753
0.014513
0.012904
0.010864
0.010098
0.008284
0.006772
0.005193
0.003768
0.002760
0.002455
0.002152
0.001862
0.001581
0.001312
0.001082
0.001027
0.000970
0.000912
0.000853
0.000794
0.000735
0.002181
0.007094
0.006680
0.007006
0.015532
0.014754
0.015285
0.014730
2.227029
0.014157
0.013798
0.013371
0.012920
0.012433
0.011932
0.011410
0.010886
0.010344
0.010761
0.010080
0.009601
0.008951
0.008371
0.007759
0.007164
0.006567
0.005980
0.101229
0.089361
0.098178
0.090481
0.092260
0.088128
0.085584
0.081928
0.078549
0.083573
0.078961
0.075847
0.071374
0.067451
0.063360
0.060119
0.055954
0.051965
0.047880
0.043895
0.039953
0.036104
0.032375
0.028747
0.025240
0.022090
0.018829
0.015872
0.012903
0.011193
0.008450
0.006374
0.005872
0.005441
0.004988
0.004553
0.004119
0.003697
0.003911
0.071185
0.066353
0.071551
0.068943
0.069096
0.067971
0.067089
0.084154
0.083266
0.087335
0.142781
0.136683
0.139298
0.133659
0.131137
0.126765
0.122719
0.170109
0.161417
0.160912
0.153668
0.148677
0.142452
0.136408
0.129973
0.123440
0.139666
0.133166
0.128196
0.121968
0.115978
0.109862
0.103717
0.097566
0.091419
0.085303
0.079238
0.073245
0.072941
0.066586
0.061418
0.055939
0.050951
0.045936
0.059553
0.112403
0.108248
0.108717
0.104038
0.101323
0.097893
0.094645
0.091060
0.087407
0.083597
0.079706
0.075733
0.071708
0.067648
0.063571
0.059904
0.055890
0.052017
0.057314
0.054535
0.051501
0.053948
0.057016
0.054316
0.052055
0.049324
0.047017
0.044714
0.042517
0.040342
0.038233
0.036724
0.035585
0.034430
0.034749
0.033483
0.032449
0.031224
0.030063
0.028871
0.030705
0.029722
0.029594
0.033293
0.033257
0.042313
0.042058
0.042513
0.042406
0.042363
0.042220
0.042005
0.041720
0.041362
0.040940
0.040453
0.039945
0.039401
0.038811
0.038182
0.058656
0.056423
0.057574
0.056060
0.055481
0.054418
0.053431
0.052281
0.051076
0.049783
0.048449
0.047076
0.046322
0.044855
0.043473
0.041945
0.040429
0.038864
0.037288
0.177740
0.162012
0.177285
0.166809
0.165498
0.159612
0.157089
0.158335
0.152426
0.147084
0.140709
0.167179
0.157508
0.163625
0.155072
0.149080
0.141562
0.134492
0.127489
0.124888
0.117437
0.110802
0.103528
0.096559
0.089546
0.082683
0.075913
0.069545
0.064543
0.058549
0.122262
0.110023
0.111038
0.102999
0.105418
0.101294
0.098481
0.094618
0.090980
0.087046
0.083913
0.079990
0.076156
0.072195
0.068221
0.077992
0.116022
0.110563
0.110898
0.106341
0.103518
0.099869
0.098156
0.094305
0.090692
0.086797
0.088164
0.084985
0.081888
0.078900
0.076032
0.073177
0.070524
0.067919
0.066188
0.065128
0.064047
0.062948
0.061843
0.060737
0.071499
0.069348
0.069464
0.067835
0.066924
0.065708
0.064628
0.063487
0.062380
0.061285
0.060218
0.059194
0.058200
0.061013
0.060923
0.061104
0.061042
0.061064
0.061042
0.061059
0.061052
0.061044
0.061029
0.061021
0.061009
0.060997
0.060986
0.060978
0.060974
0.060974
0.060981
0.060995
0.061060
0.061086
0.061311
0.061591
0.061865
0.062128
0.062382
0.062628
0.062864
0.063092
0.063312
0.063523
0.063726
0.063921
0.064108
0.064286
0.064457
0.064619
0.064773
0.064920
0.065058
0.065188
0.065310
0.065423
0.065529
0.065626
0.065715
0.065796
0.065868
0.065932
0.200084
0.184119
0.197109
0.186954
0.186628
0.181506
0.178240
0.173615
0.169177
0.164268
0.159268
0.154061
0.148763
0.143377
0.137954
0.132519
0.127107
0.121742
0.116453
0.111260
0.106185
0.101245
0.096458
0.091837
0.087393
0.083137
0.079076
0.075218
0.071565
0.068122
0.064890
0.063173
0.066095
0.065605
0.065604
0.069411
0.068738
0.068779
0.068198
0.067833
0.067333
0.066850
0.066315
0.078392
0.076841
0.077314
0.076168
0.083033
0.081417
0.081252
0.079881
0.078916
0.077691
0.096231
0.094839
0.113027
0.110566
0.111558
0.109947
0.109257
0.108039
0.106911
0.105596
0.104236
0.102779
0.101315
0.099738
0.098128
0.096472
0.094909
0.093436
0.091854
0.090272
0.088667
0.090986
0.090998
0.089577
0.088249
0.086522
0.084907
0.083552
0.082300
0.081030
0.089840
0.087468
0.087119
0.085198
0.083968
0.082430
0.081017
0.079526
0.078076
0.086936
0.085084
0.084804
0.083260
0.082156
0.080831
0.079547
0.078193
0.076824
0.075425
0.074009
0.072577
0.071135
0.069746
0.068369
0.066988
0.065607
0.064228
0.063781
0.062324
0.111197
0.104978
0.108339
0.104254
0.103163
0.100742
0.098767
0.110999
0.109631
0.125453
0.124137
0.124304
0.123206
0.122366
0.121197
0.122968
0.121662
0.120554
0.118974
0.117360
0.115565
0.116466
0.115450
0.113421
0.111116
0.108690
0.106179
0.103582
0.100910
0.098171
0.095377
0.092543
0.089684
0.086796
0.083888
0.080968
0.078044
0.075570
0.072627
0.069774
0.066890
0.064057
0.061250
0.058488
0.055769
0.064701
0.062617
0.061847
0.060376
0.059220
0.057976
0.056816
0.059061
0.058595
0.058333
0.058136
0.057754
0.057366
0.056919
0.058474
0.057776
0.057432
0.056759
0.056179
0.055516
0.054848
0.054141
0.053412
0.052656
0.051879
0.051080
0.050262
0.049427
0.048577
0.047729
0.046877
0.059517
0.057063
0.057511
0.055623
0.054715
0.053319
0.052103
0.050745
0.049403
0.048011
0.046607
0.045182
0.043746
0.042561
0.041092
0.039672
0.038508
0.037080
0.035720
0.034322
0.032956
0.031594
0.030253
0.028928
0.027876
0.026563
0.026025
0.024703
0.023555
0.035747
0.033271
0.033396
0.031887
0.035011
0.033636
0.033001
0.031774
0.030720
0.029560
0.028572
0.027416
0.031188
0.029498
0.028728
0.027209
0.025973
0.024595
0.023291
0.033714
0.031536
0.031243
0.029478
0.028255
0.026811
0.025444
0.024018
0.022597
0.023940
0.022706
0.021815
0.020698
0.019746
0.018821
0.018126
0.017408
0.016679
0.015936
0.015194
0.014509
0.013819
0.013122
0.012453
0.011813
0.011232
0.035283
0.032478
0.034334
0.032567
0.032261
0.032457
0.031794
0.031015
0.030151
0.029221
0.028232
0.027194
0.026110
0.024991
0.023847
0.022696
0.021527
0.020345
0.019157
0.017968
0.016782
0.015604
0.014438
0.013288
0.012310
0.011185
0.010118
0.009053
0.008034
0.007115
0.006232
0.005377
0.004559
0.003776
0.003308
0.005292
0.004916
0.004897
0.004600
0.004406
0.004165
0.003936
0.003694
0.003451
0.003203
0.002954
0.002702
0.002451
0.002254
0.002079
0.001904
0.001732
0.001562
0.001396
0.001233
0.002360
0.002157
0.002183
0.002071
0.001984
0.001873
0.001767
0.001657
0.001547
0.001435
0.001324
0.001213
0.001104
0.000996
0.000889
0.000785
0.000685
0.000636
0.000587
0.000539
0.000491
0.000444
0.008104
0.007321
0.007990
0.007514
0.007490
0.007250
0.027337
0.024729
0.026486
0.024725
0.024433
0.023410
0.022674
0.074279
0.069253
0.072675
0.069433
0.068578
0.066570
0.064806
0.064536
0.062197
0.059997
0.072467
0.071316
0.071004
0.071998
0.070849
0.069908
0.068613
0.067326
0.065909
0.064422
0.062843
0.061299
0.059737
0.058105
0.064853
0.064277
0.064276
0.118312
0.112499
0.116832
0.113013
0.112316
0.117923
0.115449
0.113795
0.115028
0.112831
0.110626
0.108124
0.105554
0.102851
0.100099
0.097269
0.094379
0.091438
0.088463
0.085465
0.084701
0.081944
0.079443
0.076846
0.074372
0.085680
0.081659
0.080659
0.077349
0.075111
0.072449
0.070049
0.067582
0.065405
0.064191
0.062959
0.064394
0.062796
0.061758
0.060360
0.059183
0.059044
0.057673
0.056444
0.055056
0.053698
0.052302
0.050898
0.049476
0.059533
0.057506
0.057129
0.055084
0.053677
0.051954
0.050328
0.056804
0.055468
0.054921
0.053669
0.052663
0.054734
0.053337
0.052451
0.051079
0.049849
0.048508
0.062492
0.063641
0.063345
0.061884
0.060456
0.058975
0.057371
0.055734
0.054623
0.052866
0.051100
0.049244
0.082437
0.079348
0.080628
0.076369
0.074158
0.071041
0.068367
0.065364
0.062373
0.059260
0.056115
0.052920
0.062136
0.058947
0.073638
0.071561
0.071138
0.069637
0.068995
0.067532
0.066118
0.064543
0.062962
0.061345
0.059670
0.057999
0.056519
0.054977
0.053373
0.051717
0.050012
0.048263
0.046476
0.044705
0.042910
0.041084
0.062464
0.058810
0.058904
0.056050
0.054256
0.051952
0.049760
0.057653
0.057225
0.055559
0.053467
0.056168
0.053388
0.051629
0.048978
0.046664
0.044154
0.041702
0.039204
0.037024
0.034891
0.078215
0.071217
0.073924
0.068868
0.067113
0.063759
0.061043
0.057892
0.054829
0.051637
0.051779
0.048302
0.045372
0.042032
0.038877
0.035795
0.041790
0.039894
0.038230
0.036081
0.034167
0.046749
0.043258
0.042942
0.040136
0.038892
0.036662
0.034764
0.032703
0.030741
0.028770
0.027148
0.027089
0.026521
0.025497
0.024428
0.023319
0.022220
0.021111
0.020000
0.024273
0.398419
0.368674
0.399385
0.382835
0.385121
0.377544
0.372095
0.363938
0.355276
0.345344
0.337324
0.325593
0.313796
0.301104
0.288029
0.274450
0.260513
0.246278
0.231838
0.217256
0.202608
0.187961
0.173399
0.158968
0.144715
0.130694
0.116960
0.103547
0.090495
0.077837
0.065604
0.053825
0.042522
0.037523
0.027277
0.018031
0.012553
0.012330
0.012047
0.011796
0.011508
10.175959
0.010920
0.010613
0.010295
0.009972
0.009649
0.009361
0.009068
0.008769
0.008466
0.008159
0.008021
0.007710
0.007434
0.007133
0.006838
0.006538
0.006238
0.005937
0.005635
0.005340
0.005058
0.004777
0.026844
0.024349
0.026089
0.024502
0.024232
0.023339
0.022966
0.022085
0.021245
0.031658
0.029630
0.029638
0.027936
0.026874
0.026335
0.024947
0.023675
0.022314
0.020970
0.019593
0.018218
0.016866
0.015566
0.014279
0.013008
0.011761
0.010563
0.009395
0.008259
0.007158
0.006098
0.005078
0.004103
0.003343
0.002919
0.002509
0.002114
0.001736
0.001375
0.001031
0.000705
0.074545
0.068537
0.074758
0.071608
0.071875
0.070539
0.074809
0.072934
0.071934
0.069886
0.067944
0.065702
0.063355
0.060845
0.058223
0.055496
0.052687
0.059621
0.055759
0.053709
0.050182
0.047226
0.044003
0.040937
0.038303
0.035134
0.032079
0.028995
0.025995
0.032811
0.028760
0.026901
0.023446
0.020807
0.018438
0.015763
0.013929
0.013030
0.012134
0.015061
0.013720
0.013216
0.012133
0.011375
0.010492
0.009945
0.009081
0.008294
0.007475
0.006694
0.005925
0.005307
0.004787
0.005556
0.004937
0.004576
0.004043
0.003603
0.003157
0.002744
0.002490
0.002290
0.002092
0.001897
0.001706
0.001521
0.001341
0.001167
0.001010
0.000861
0.000718
0.000645
0.000586
0.000529
0.005394
0.004847
0.005231
0.004885
0.004831
0.007162
0.006778
0.006830
0.006509
0.006322
0.006059
0.005811
0.005550
0.005300
0.005037
0.004768
0.004493
0.004214
0.003933
0.003651
0.003370
0.003091
0.002815
0.002544
0.008160
0.007325
0.007607
0.007022
0.006792
0.006405
0.006081
0.006105
0.005756
0.005482
0.007434
0.007274
0.007166
0.006831
0.322419
0.291851
0.320724
0.302605
0.302982
0.294454
0.643570
0.593223
0.619289
0.583040
0.572233
0.548097
0.528407
0.504712
22.093746
0.456915
0.431619
0.405570
0.379331
0.352893
0.326610
0.300455
0.274579
0.249092
0.224110
0.199738
0.176179
0.153251
0.131184
0.109997
0.089761
0.070506
0.133017
0.101721
0.099534
0.267483
0.248599
0.262228
0.253955
0.257668
0.253076
0.248643
0.242375
0.235711
0.228254
0.220276
0.211774
0.202837
0.193522
0.183901
0.174036
0.163989
0.153817
0.143574
0.133313
0.123082
0.112927
0.102888
0.093006
0.083316
0.073854
0.064645
0.056537
0.047850
0.039621
0.031630
0.025035
0.019421
0.014067
0.008970
0.004143
0.000880
0.000744
0.000701
0.000666
0.000641
0.000613
0.000585
0.000556
0.000526
0.000496
0.085090
0.082954
0.089878
0.085394
0.084956
0.082520
0.081539
0.078968
0.076489
0.073602
0.070621
0.067452
0.064174
0.060788
0.057329
0.053813
0.050266
0.046707
0.043169
0.039657
0.036185
0.032767
0.029417
0.026147
0.022968
0.064415
0.058561
0.059624
0.054494
0.051856
0.048202
0.045022
0.041635
0.038869
0.075569
0.074167
0.075689
0.072065
0.138865
0.128028
0.132285
0.124374
0.121448
0.115930
0.111299
0.105905
0.100572
0.097967
0.092024
0.086552
0.081634
0.075856
0.070128
0.064408
0.059635
0.054176
0.048918
0.043738
0.038731
0.034627
0.030847
0.076112
0.071271
0.071846
0.066843
0.065827
0.061950
0.059039
0.056197
0.053448
0.051881
0.050277
0.048537
0.046690
0.044744
0.042717
0.040620
0.038514
0.036372
0.034196
0.032000
0.029794
0.027589
0.025394
0.023586
0.021406
0.019356
0.045317
0.043748
0.044165
0.043123
0.056517
0.054516
0.054936
0.053646
0.052732
0.051477
0.050256
0.048883
0.047453
0.045947
0.044399
0.042803
0.041150
0.039443
0.037746
0.035952
0.034138
0.032293
0.030435
0.043834
0.040827
0.040291
0.037834
0.036086
0.034023
0.032627
0.030555
0.028566
0.026477
0.024417
0.022345
0.020285
0.018231
0.016198
0.014354
0.012619
0.010908
0.010124
0.009472
0.008803
0.008142
0.007482
0.008323
0.007563
0.007094
0.006412
0.005843
0.008016
0.007132
0.006849
0.006107
0.005581
0.004975
0.004425
0.003866
0.003332
0.003056
0.002882
0.002705
0.023266
0.021542
0.023171
0.022182
0.022143
0.021655
0.021267
0.020743
0.020186
0.019562
0.018894
0.018180
0.017430
0.016649
0.015842
0.022934
0.021358
0.021251
0.019984
0.019181
0.018146
0.017190
0.016172
0.015163
0.014139
0.013118
0.012099
0.011089
0.010092
0.009112
0.008152
0.007215
0.006304
0.005422
0.004572
0.003754
0.003895
0.003458
0.009235
0.008841
0.009087
0.008867
0.008782
0.009317
0.009098
0.008983
0.009448
0.009245
0.009073
0.008974
0.008758
0.008534
0.008286
0.008027
0.007754
0.007486
0.007820
0.012237
0.011641
0.011863
0.011365
0.011087
0.010686
0.010306
0.009888
0.009459
0.009011
0.017212
0.015915
0.016239
0.015268
0.014799
0.014084
0.013960
0.013198
0.012532
0.011764
0.011029
0.011124
0.010428
0.009966
0.009290
0.014357
0.013206
0.013133
0.012217
0.011640
0.010911
0.010254
0.010825
0.010083
0.009529
0.008840
0.008253
0.007712
0.007183
0.006817
0.006294
0.005799
0.010260
0.009745
0.009815
0.009591
0.009468
0.009290
0.009104
0.008893
0.008665
0.009077
0.008739
0.008529
0.008198
0.007905
0.007578
0.011881
0.012553
0.012706
0.012305
0.012056
0.011719
0.011392
0.011034
0.011012
0.010644
0.021300
0.020065
0.020620
0.021018
0.020935
0.020801
0.021329
0.021034
0.020835
0.020494
0.020160
0.019774
0.019366
0.018923
0.018455
0.018376
0.017818
0.020826
0.020581
0.020315
0.020055
0.019735
0.019420
0.019068
0.018738
0.018387
0.018015
0.018097
0.017633
0.017256
0.016783
0.016330
0.019538
0.019110
0.019055
0.018688
0.018434
0.018103
0.017785
0.017432
0.017085
0.016716
0.016333
0.015934
0.015520
0.017080
0.016752
0.016615
0.016309
0.016059
0.017704
0.017267
0.017122
0.016724
0.016402
0.016027
0.015650
0.015249
0.014840
0.014417
0.013980
0.014258
0.013910
0.013570
0.013233
0.012872
0.012508
0.012129
0.011744
0.096460
0.087692
0.162821
0.150949
0.163719
0.156735
0.155353
0.150935
0.147227
0.142595
0.137928
0.132786
0.127443
0.121855
0.116108
0.110206
0.104198
0.098117
0.091999
0.085879
0.080401
0.074388
0.068486
0.062665
0.056966
0.051412
0.065197
0.057799
0.054666
0.048543
0.044026
0.039059
0.034556
0.030342
0.027868
0.026888
0.025184
0.024390
0.023387
0.022433
0.021429
0.020934
0.019923
0.018958
0.017956
0.016967
0.015980
0.015002
0.014035
0.025362
0.027407
0.027084
0.026074
0.024980
0.028912
0.027824
0.027122
0.026073
0.025503
0.024840
0.024380
0.024382
0.023611
0.022899
0.022117
0.021330
0.020839
0.020031
0.019243
0.018422
0.017613
0.016800
0.015990
0.016495
0.015843
0.015176
0.015108
0.014645
0.014132
0.013537
0.012977
0.012412
0.011868
0.011332
0.010813
0.010310
0.010072
0.010061
0.009862
0.009680
0.009480
0.009285
0.009084
0.008884
0.008681
0.008482
0.008282
0.019173
0.017726
0.018595
0.017614
0.017413
0.016832
0.016395
0.015849
0.015317
0.014746
0.014167
0.013572
0.013015
0.012460
0.011905
0.011347
0.010789
0.010234
0.009682
0.009137
0.008600
0.008073
0.007558
0.007055
0.006565
0.006090
0.005631
0.005188
0.004762
0.004353
0.003961
0.003644
0.003484
0.003327
0.004853
0.004543
0.663416
0.601638
0.661681
0.623902
0.624585
0.606807
0.594734
0.577703
0.559914
0.539969
0.518899
0.496556
0.473290
0.449213
0.424533
0.399403
0.374054
0.348488
0.322935
0.297499
0.272315
0.247487
0.223728
0.199928
0.176795
0.154344
0.132667
0.111817
0.091850
0.072805
0.054708
0.043089
0.026422
0.011800
0.009240
0.009130
0.008865
0.008653
0.008395
0.008134
0.007853
0.007562
0.007260
0.006950
0.006636
0.006318
0.005996
0.005672
8.897202
0.061121
0.065470
0.062901
0.063080
0.061731
0.060639
0.059166
0.057593
0.055832
0.053943
0.051925
0.049952
0.047721
0.045442
0.043085
0.040709
0.038395
0.036053
0.033929
0.031567
0.029234
0.026894
0.024585
0.022303
0.020083
0.017908
0.015786
0.013724
0.011726
0.010802
0.008829
0.011869
0.010136
0.008913
0.007467
0.006789
0.006817
0.007095
0.007144
0.007181
0.007201
0.007218
0.007215
0.012219
0.011702
0.012120
0.011778
0.011719
0.016585
0.025002
0.034822
0.034662
0.035148
0.034607
0.034383
0.033938
0.033480
0.032918
0.032527
0.031846
0.033913
0.033381
0.033041
0.042801
0.041301
0.041705
0.052007
0.050321
0.050502
0.049069
0.048229
0.047070
0.045986
0.044803
0.043611
0.042381
0.043491
0.042483
0.041713
0.046219
0.045225
0.045252
0.044506
0.284452
0.278961
0.297236
0.297418
0.304817
0.307278
0.309867
0.311019
0.311496
0.311051
0.309830
0.307822
0.305084
0.301668
0.297784
0.293261
0.288141
0.282460
0.276258
0.269574
0.262488
0.255141
0.247429
0.239375
0.231025
0.225455
0.216376
0.207597
0.198273
0.190158
0.180675
0.171299
0.161889
0.152478
0.151444
0.142874
0.134280
0.125835
0.117452
0.109211
0.101105
0.093163
0.085400
0.077833
0.070477
0.063346
0.056452
0.049807
0.048319
0.048666
0.049004
0.049333
0.049652
0.049961
0.050259
0.050548
0.050827
0.051306
0.054098
0.054071
0.054566
0.054655
0.054944
0.055126
0.489838
0.450214
0.490022
0.465456
0.466133
0.454690
0.446972
0.435724
0.424265
0.411331
0.403595
0.388397
0.373866
0.357775
0.341716
0.325144
0.308459
0.291617
0.274775
0.257992
0.241360
0.224949
0.208829
0.193060
0.177700
0.165921
0.151666
0.138268
0.200351
0.201063
0.193715
0.194071
0.190613
0.189778
0.187976
0.187136
0.186209
0.185707
0.185316
0.185157
0.185126
0.185249
0.188093
0.188636
0.220329
0.218574
0.221908
0.221283
0.222064
0.222113
0.222250
0.222093
0.221791
0.231004
0.229540
0.229456
0.227949
0.228362
0.228798
0.227038
0.225357
0.249191
0.244334
0.244189
0.239965
0.237111
0.233351
0.229671
0.225633
0.472369
0.448381
0.464951
0.449649
0.445787
0.436387
0.428123
0.418126
0.407667
0.396337
0.384424
0.372305
0.362333
0.349683
0.336846
0.323557
0.310083
0.297692
0.289835
0.275960
0.262526
0.248750
0.253907
0.238580
0.226975
0.212857
0.200863
0.188117
0.175847
0.163646
0.173611
0.162823
0.154557
0.146032
0.139016
0.132193
0.178936
0.170753
0.177968
0.172915
0.171656
0.168493
0.165982
0.162925
0.159901
0.156682
0.153411
0.151688
0.148109
0.144859
0.141329
0.137936
0.134513
0.131166
0.127947
0.124838
0.122191
0.119613
0.117104
0.114678
0.112365
0.110142
0.108013
0.105991
0.104072
0.102258
0.100650
0.099711
0.099703
0.099684
0.137257
0.132681
0.136225
0.133269
0.133067
0.147726
0.145317
0.146086
0.144435
0.143660
0.142494
0.141249
0.142617
0.140853
0.139514
0.137685
0.135945
0.134067
0.132160
0.130188
0.128179
0.126133
0.124064
0.121978
0.124321
0.122351
0.120712
0.118838
0.117070
0.115284
0.129502
0.127930
0.127410
0.126110
0.125065
0.123906
0.122785
0.121618
0.120458
0.119460
0.118606
0.117717
0.116803
0.115860
0.114897
0.117684
0.116254
0.115965
0.114661
0.113666
0.112477
0.113018
0.120772
0.118826
0.118321
0.116544
0.116292
0.114650
0.113234
0.111604
0.110009
0.108355
0.106689
0.104997
0.103293
0.101579
0.099910
0.098247
0.096587
0.094986
0.093643
0.092392
0.091135
0.090041
0.088945
0.087863
0.086827
0.085840
0.084861
0.083892
0.082933
0.084779
0.084039
0.083337
0.082632
0.081935
0.081256
0.080555
0.079858
0.079150
0.078447
0.077787
0.094536
0.091768
0.092756
0.092019
0.091549
0.090610
0.089834
0.088892
0.087965
0.086962
0.085939
0.084872
0.083780
0.082658
0.081515
0.080351
0.079171
0.077976
0.076771
0.075557
0.074336
0.073112
0.071885
0.070657
0.069431
0.068369
0.067138
0.065937
0.064709
0.063496
0.062279
0.061066
0.059858
0.058696
0.061267
0.059743
0.058929
0.057566
0.056429
0.055377
0.054406
0.053396
0.052384
0.051358
0.050326
0.049287
0.048264
0.047243
0.046220
0.045202
0.044230
0.043263
0.042298
0.041341
0.040390
0.039448
0.038515
0.037628
0.050114
0.057753
0.057192
0.059498
0.060171
0.059246
0.058270
0.057083
0.055882
0.054877
0.053649
0.052392
0.051058
0.049688
0.049531
0.068193
0.064490
0.064988
0.062059
0.060566
0.058366
0.056449
0.054362
0.052309
0.141066
0.131935
0.137523
0.252686
0.238972
0.247026
0.236705
0.233027
0.225780
0.219377
0.211880
0.397423
0.366707
0.377544
0.354785
0.353538
0.336996
0.324209
0.314820
0.298963
0.283465
0.266956
0.250848
0.234638
0.218446
0.202275
0.186239
0.170398
0.154825
0.139578
0.133493
0.131078
0.116420
0.103997
0.090029
0.077613
0.066594
0.059472
0.052394
0.045667
0.039147
0.032939
0.028756
0.035065
0.032366
0.031338
0.028966
0.027198
0.025486
0.023602
0.021707
0.019843
0.020259
0.018916
0.017771
0.016593
0.015384
0.014201
0.013030
0.011887
0.041204
0.037198
0.039090
0.036677
0.036184
0.034870
0.035194
0.033960
0.032907
0.031596
0.030948
0.029531
0.028425
0.026980
0.026116
0.024682
0.023313
0.023775
0.022423
0.021236
0.019910
0.018664
0.017387
0.016153
0.014922
0.014234
0.013110
0.012069
0.026139
0.030801
0.030383
0.029306
0.027920
0.026769
0.026068
0.025337
0.024520
0.023657
0.022739
0.021783
0.020791
0.024095
0.022745
0.022357
0.021145
0.020250
0.019170
0.018149
0.017067
0.016144
0.015064
0.013971
0.012883
0.011797
0.010721
0.009658
0.008613
0.007589
0.007957
0.006970
0.006491
0.009232
0.008951
0.008965
0.008744
0.008584
0.008390
0.008195
0.008002
0.007799
0.007584
0.007359
0.007124
0.006881
0.006631
0.006374
0.006111
0.005843
0.005571
0.005300
0.006072
0.005811
0.005656
0.005411
0.005201
0.004970
0.005429
0.005131
0.004964
0.004693
0.004463
0.004214
0.006061
0.005805
0.005751
0.005530
0.005377
0.005228
0.007968
0.007529
0.007628
0.012474
0.011787
0.011993
0.011448
0.012121
0.011634
0.011333
0.010866
0.010433
0.009959
0.009478
0.008979
0.008471
0.007954
0.007474
0.006946
0.006424
0.005899
0.005380
0.004879
0.004385
0.003900
0.004363
0.139708
0.128660
0.139617
0.133448
0.134912
0.132117
0.130175
0.127215
0.124101
0.120530
0.116714
0.112669
0.108375
0.103853
0.099143
0.094282
0.089297
0.084221
0.079090
0.073916
0.068725
0.063540
0.058384
0.053279
0.050343
0.045150
0.040516
0.035639
0.031051
0.026535
0.023973
0.019575
0.016768
0.012688
0.009129
0.005537
0.003977
0.003769
0.003902
0.003708
0.003567
0.003380
0.003254
0.003081
0.016876
0.015660
0.016704
0.015982
0.015910
0.015521
0.015208
0.015267
0.014801
0.014495
0.013984
0.013479
0.012968
0.076892
0.072915
0.077839
0.073688
0.076414
0.074246
0.072602
0.069968
0.067488
0.066299
0.063302
0.060476
0.057316
0.054185
0.050954
0.047710
0.044439
0.098614
0.090987
0.092696
0.087192
0.084390
0.080403
0.076773
0.073090
0.069464
0.065745
0.061966
0.058454
0.054643
0.050868
0.047096
0.043365
0.040152
0.037856
0.035609
0.033393
0.031164
0.028934
0.026768
0.024567
0.022395
0.020254
0.018155
0.016103
0.014109
0.012177
0.010310
0.008510
0.006784
0.005145
0.003584
0.012003
0.009747
0.062299
0.057773
0.062170
0.059782
0.059846
0.058712
0.057820
0.056551
0.055179
0.053623
0.051936
0.050115
0.048185
0.046158
0.044049
0.042205
0.039944
0.037706
0.035391
0.039248
0.037062
0.035302
0.033231
0.031256
0.029267
0.027293
0.025335
0.023402
0.021499
0.019631
0.017806
0.016026
0.014296
0.012621
0.022795
0.020088
0.019812
0.018844
0.018561
0.017939
0.017416
0.016794
0.016162
0.015485
0.014787
0.014063
0.013322
0.012566
0.011803
0.011032
0.010258
0.009630
0.008987
0.008230
0.012492
0.011663
0.011371
0.010667
0.010149
0.009549
0.010243
0.009557
0.009127
0.008513
0.007987
0.007438
0.006914
0.006392
0.006123
0.005876
0.005631
0.005378
0.005120
0.004872
0.004609
0.004341
0.004074
0.003805
0.003537
0.003269
0.003004
0.002741
0.002617
0.043319
0.039148
0.045112
0.042380
0.042443
0.041082
0.040238
0.039039
0.037865
0.036613
0.035294
0.033902
0.032474
0.030999
0.029479
0.027922
0.026339
0.024740
0.023133
0.021527
0.019929
0.018347
0.016788
0.015257
0.013759
0.012316
0.010924
0.009582
0.008291
0.007056
0.005879
0.004760
0.003701
0.002703
0.002347
0.002291
0.002234
0.002176
0.002116
0.002056
0.001994
0.001932
0.001869
0.001805
0.001740
0.001675
0.001660
0.001589
0.001527
0.001458
0.001391
0.001323
0.001267
0.001224
0.001240
0.068752
0.061985
0.067966
0.063893
0.063800
0.061817
0.060435
0.058513
0.056573
0.054414
0.052340
0.049944
0.047500
0.044955
0.042369
0.041736
0.039066
0.036583
0.033960
0.031399
0.028849
0.026341
0.023883
0.021485
0.019148
0.017289
0.015059
0.012987
0.010942
0.009012
0.007163
0.005415
0.031888
0.027470
0.030091
0.027853
0.027678
0.026498
0.025707
0.024633
0.023600
0.024632
0.023227
0.022248
0.023858
0.022350
0.021320
0.019878
0.018597
0.017249
0.015939
0.014627
0.013339
0.012072
0.010835
0.009632
0.008465
0.007340
0.006262
0.005235
0.004277
0.003384
0.003288
0.002772
0.002631
0.019804
0.017568
0.019080
0.017600
0.017394
0.016572
0.015993
0.015263
0.014584
0.013846
0.013259
0.013812
0.013387
0.012924
0.012352
0.011801
0.011223
0.010643
0.010050
0.009454
0.008966
0.008362
0.007769
0.007170
0.006579
0.005994
0.005417
0.007202
0.006477
0.006152
0.005543
0.020659
0.018618
0.019542
0.018185
0.017988
0.017359
0.016857
0.016234
0.015604
0.014927
0.014228
0.013503
0.012782
0.012091
0.011417
0.010731
0.010039
0.009342
0.008647
0.007955
0.007270
0.006595
0.005933
0.007817
0.006901
0.006537
0.005768
0.005199
0.004567
0.003993
0.003419
0.002874
0.002347
0.001886
0.001747
0.001648
0.001547
0.001447
0.001348
0.001248
0.001149
0.001051
0.001228
0.001114
0.001049
0.000951
0.000883
0.000801
0.000726
0.000651
0.000581
0.000512
0.000447
0.000450
0.000385
0.000376
0.006761
0.006127
0.006697
0.013638
0.012916
0.013416
0.012863
0.012690
0.012306
0.011966
0.011556
0.011131
0.010673
0.010196
0.009699
0.009188
0.008666
0.008137
0.051432
0.046656
0.052660
0.052403
0.052115
0.050646
0.049296
0.047661
0.045956
0.047832
0.045923
0.044235
0.042282
0.040312
0.038287
0.036231
0.034156
0.032072
0.029992
0.028071
0.026169
0.024284
0.022510
0.020698
0.018924
0.017244
0.015636
0.014079
0.012573
0.011123
0.009732
0.008402
0.007135
0.005932
0.005552
0.005347
0.005151
0.005001
0.004854
0.004732
0.004652
0.004568
0.004481
0.005268
0.005163
0.005184
0.005101
0.005059
0.004993
0.004933
0.004864
0.004794
0.004755
0.004828
0.017215
0.016222
0.017239
0.016704
0.016751
0.016524
0.016353
0.016096
0.016247
0.015889
0.015570
0.015164
0.014751
0.014304
0.013837
0.013348
0.012843
0.012324
0.011794
0.011255
0.010710
0.010161
0.009612
0.009063
0.008517
0.007977
0.007442
0.006916
0.006400
0.005895
0.005402
0.004927
0.004469
0.004026
0.003599
0.003188
0.002794
0.002690
0.002593
0.002496
0.002399
0.002301
0.002204
0.002107
0.002010
0.001921
0.001834
0.001748
0.001662
0.001576
0.002821
0.004124
0.004047
0.004030
0.003884
0.003780
0.003652
0.003524
0.003387
0.003244
0.008376
0.007772
0.008143
0.007741
0.007639
0.007390
0.007183
0.006933
0.006681
0.006424
0.006163
0.005898
0.005630
0.005356
0.005077
0.004794
0.004511
0.004226
0.003943
0.003663
0.003385
0.003283
0.003053
0.002842
0.002624
0.010525
0.009536
0.010081
0.009424
0.010042
0.009551
0.009308
0.024333
0.022778
0.023788
0.022847
0.022593
0.021992
0.021452
0.020800
0.020116
0.019375
0.018596
0.017781
0.017179
0.016320
0.015466
0.020913
0.020138
0.020045
0.019405
0.018929
0.018357
0.017789
0.017188
0.016705
0.056096
0.061857
0.064263
0.067117
0.066319
0.065870
0.064718
0.063587
0.062178
0.060650
0.058946
0.057116
0.055158
0.053095
0.072984
0.075399
0.075313
0.073221
0.071118
0.068662
0.098728
0.093546
0.093613
0.089463
0.086774
0.083350
0.080070
0.076570
0.073025
0.069391
0.065716
0.062006
0.058284
0.054566
0.050866
0.047199
0.043848
0.041244
0.038644
0.036054
0.033484
0.030944
0.028441
0.029238
0.026504
0.024583
0.022241
0.020145
0.018304
0.016725
0.015156
0.013625
0.012125
0.010666
0.009262
0.007901
0.007071
0.006497
0.011920
0.011452
0.011393
0.011019
0.010753
0.010437
0.010132
0.009812
0.009488
0.009204
0.008931
0.008650
0.008368
0.008083
0.007796
0.007805
0.007486
0.007224
0.006948
0.007017
0.006748
0.006541
0.006279
0.006035
0.005778
0.005522
0.005260
0.004998
0.004733
0.004468
0.004201
0.003934
0.005384
0.004913
0.004814
0.004419
0.004153
0.003827
0.003528
0.003214
0.002905
0.002594
0.002285
0.001978
0.001703
0.001520
0.001343
0.001166
0.000998
0.000837
0.000747
0.092212
0.083212
0.091469
0.086108
0.086120
0.083568
0.081829
0.079346
0.076829
0.074006
0.071040
0.067900
0.126402
0.117043
0.119241
0.112192
0.108728
0.103512
0.098838
0.093681
0.088535
0.083233
0.077897
0.072520
0.067149
0.061802
0.056509
0.051291
0.046170
0.041165
0.036295
0.031573
0.027015
0.022664
0.020230
0.018017
0.015864
0.013778
0.011765
0.009830
0.007977
0.006211
0.004535
0.002950
0.001458
0.000061
0.000000
0.000000
0.000000
0.000000
0.000000
0.000000
0.000000
0.000000
0.015409
0.013929
0.015349
0.014477
0.014507
0.014102
0.013831
0.013432
0.013027
0.012567
0.012082
0.011567
0.011029
0.010471
0.017793
0.016458
0.016600
0.015564
0.014989
0.014193
0.013471
0.012691
0.011917
0.011128
0.010340
0.009552
0.008770
0.007996
0.007235
0.006490
0.005762
0.005055
0.004371
0.003711
0.003303
0.003006
0.002713
0.002427
0.002148
0.001877
0.001615
0.001362
0.002705
0.002321
0.002247
0.001949
0.001755
0.001529
0.001419
0.001378
0.001336
0.001288
0.001238
0.001185
0.001129
0.001072
0.001013
0.000953
0.000892
0.000831
0.000770
0.000709
0.000649
0.000589
0.000531
0.000474
0.000418
0.000364
0.001435
0.001308
0.001361
0.001255
0.001212
0.001141
0.001082
0.001016
0.000978
0.000944
0.000908
0.000869
0.000829
0.000787
0.000745
0.000701
0.000657
0.000613
0.000568
0.000524
0.000480
0.000436
0.000394
0.000352
0.000311
0.000272
0.000234
0.000197
0.000162
0.000128
0.000096
0.000066
0.000038
0.000011
0.000002
0.000001
0.000000
0.000000
0.000000
0.000000
0.000000
0.000000
0.000000
0.000000
0.000000
0.000865
0.000762
0.000846
0.000780
0.000778
0.000745
0.000724
0.000694
0.000666
0.000634
0.000602
0.000569
0.000535
0.000696
0.000643
0.000627
0.000582
0.003533
0.003493
0.003681
0.003699
0.003759
0.003799
0.003833
0.004026
0.004046
0.004069
0.004074
0.004072
0.004061
0.004041
0.140729
0.127223
0.139501
0.133138
0.132923
0.142415
0.138620
0.135958
0.131525
0.127258
0.122477
0.117498
0.112244
0.106805
0.101200
0.095478
0.089672
0.083819
0.078480
0.075491
0.069415
0.063940
0.058091
0.052545
0.047032
0.041699
0.061938
0.053933
0.051614
0.045080
0.040610
0.035438
0.030834
0.026633
0.025092
0.032594
0.030918
0.030066
0.028562
0.027230
0.025804
0.024419
0.023062
0.021700
0.020333
0.018972
0.017621
0.016287
0.014975
0.014245
0.012995
0.011885
0.010982
0.009882
0.008846
0.007821
0.006845
0.005928
0.005531
0.005134
0.004739
0.004346
0.003958
0.003575
0.003199
0.002825
0.002457
0.002096
0.001742
0.001394
0.001055
0.000724
0.000530
0.000439
0.000396
0.000353
0.000311
0.000270
0.000230
0.000192
0.009535
0.008680
0.009510
0.008962
0.008961
0.008704
0.008536
0.008291
0.008042
0.007764
0.007469
0.007155
0.006826
0.006485
0.008499
0.007955
0.007791
0.007325
0.006967
0.006560
0.006167
0.005764
0.005363
0.004961
0.004563
0.004170
0.003783
0.003404
0.003035
0.002675
0.002327
0.001991
0.001668
0.001359
0.001488
0.001368
0.001309
0.001204
0.001119
0.001026
0.000938
0.000849
0.000833
0.000754
0.000684
0.000611
0.000542
0.000475
0.000410
0.000348
0.000319
0.000313
0.000307
0.000299
0.000291
0.000283
0.000274
0.000264
0.001150
0.001042
0.001114
0.001042
0.001030
0.000988
0.000957
0.000918
0.008963
0.008116
0.008795
0.008268
0.008218
0.007941
0.008353
0.008020
0.007802
0.007467
0.016532
0.015059
0.015611
0.014870
0.014526
0.013810
0.013253
0.012579
0.011933
0.011248
0.010567
0.009874
0.009184
0.008495
0.007813
0.007140
0.006479
0.005834
0.005206
0.015658
0.013971
0.014395
0.035212
0.032657
0.034060
0.032302
0.031756
0.030836
0.029828
0.028694
0.027509
0.031801
0.030285
0.029444
0.028010
0.026758
0.025424
0.024082
0.022715
0.021337
0.033600
0.030586
0.030529
0.028131
0.026754
0.024914
0.023293
0.021568
0.019898
0.018220
0.016576
0.014956
0.013450
0.012134
0.010847
0.009593
0.008631
0.007909
0.007197
0.006498
0.005813
0.005151
0.004508
0.003885
0.003285
0.002708
0.002157
0.001634
0.001142
0.000750
0.000388
0.005887
0.005273
0.005738
0.005359
0.010723
0.010035
0.010415
0.009946
0.009791
0.009466
0.009180
0.008840
0.008490
0.008116
0.007728
0.007327
0.006916
0.006499
0.006077
0.009175
0.008400
0.008293
0.007666
0.007252
0.006748
0.006285
0.005805
0.005335
0.005727
0.005374
0.005107
0.004786
0.004494
0.004208
0.004043
0.003874
0.003706
0.003547
0.003490
0.003425
0.003352
0.003272
0.003185
0.003092
0.002994
0.002891
0.002783
0.002671
0.002556
0.002921
0.002754
0.002675
0.002523
0.002398
0.002258
0.002122
0.001982
0.001842
0.001701
0.001560
0.001419
0.001279
0.001141
0.001675
0.001490
0.001417
0.001259
0.001392
0.001249
0.001183
0.001082
0.000996
0.000931
0.000888
0.000844
0.000798
0.000752
0.000705
0.000658
0.000611
0.000564
0.000517
0.000471
0.000431
0.000396
0.000362
0.000329
0.000296
0.000263
0.000232
0.000202
0.000172
0.000430
0.000388
0.000386
0.000354
0.000334
0.000310
0.000287
0.000264
0.000242
0.000224
0.000207
0.000192
0.000180
0.000168
0.000157
0.000145
0.000133
0.000122
0.000306
0.000999
0.000940
0.000989
0.000941
0.001159
0.001117
0.001115
0.001078
0.001052
0.001017
0.000982
0.000944
0.000904
0.000862
0.000819
0.000775
0.001282
0.001170
0.001477
0.001353
0.002875
0.002766
0.002822
0.002766
0.002728
0.002683
0.002753
0.101368
0.091553
0.100340
0.094443
0.094344
0.091479
0.089483
0.086703
0.083890
0.080750
0.077461
0.073986
0.070384
0.066668
0.062871
0.059014
0.055123
0.051219
0.047322
0.043452
0.039626
0.035861
0.032174
0.028578
0.025083
0.021700
0.018437
0.015302
0.012304
0.009447
0.006741
0.004208
0.001828
0.000107
0.000070
0.000036
0.000025
0.000174
0.000152
0.026190
0.023029
0.025509
0.028356
0.027688
0.028345
0.027231
0.026405
0.025295
0.024471
0.039918
0.037236
0.037606
0.035504
0.034350
0.032725
0.031240
0.029625
0.028012
0.026359
0.024700
0.023033
0.071226
0.064761
0.067705
0.063260
0.061767
0.058910
0.056529
0.053787
0.051074
0.048640
0.046274
0.043827
0.041330
0.038994
0.039858
0.037302
0.035042
0.032552
0.030188
0.027845
0.025548
0.023317
0.021456
0.019627
0.017841
0.016101
0.014414
0.012784
0.011214
0.009709
0.008271
0.006931
0.005635
0.004414
0.004082
0.003994
0.003903
0.003808
0.003711
0.030560
0.030346
0.032377
0.032650
0.033519
0.034064
0.034667
0.035129
0.035556
0.035895
0.037331
0.037412
0.037686
0.037702
0.037747
0.037693
0.037604
0.037521
0.037315
0.037069
0.036771
0.036430
0.036046
0.035623
0.035161
0.034664
0.034133
0.033570
0.032976
0.032354
0.031705
0.031031
0.032193
0.031532
0.030976
0.030311
0.030087
0.029908
0.029683
0.029429
0.029144
0.028840
0.029860
0.029409
0.029150
0.028695
0.028906
0.028376
0.027950
0.045873
0.044637
0.045498
0.044859
0.044659
0.044216
0.043766
0.048065
0.046977
0.046727
0.045692
0.044879
0.043871
0.044271
0.043233
0.042251
0.041132
0.039998
0.038805
0.037580
0.036316
0.035024
0.033704
0.056662
0.054331
0.054975
0.053348
0.052596
0.051516
0.050493
0.049398
0.048285
0.047130
0.045939
0.044819
0.043720
0.042574
0.041407
0.040218
0.039014
0.037799
0.036661
0.036237
0.035171
0.034094
0.033004
0.032128
0.031269
0.030395
0.029533
0.028834
0.028182
0.027520
0.026850
0.026211
0.025535
0.024859
0.024178
0.023496
0.022813
0.022131
0.021449
0.020760
0.020068
0.019374
0.018968
0.018264
0.017727
0.017333
0.016951
0.016549
0.017627
0.017097
0.016834
0.018358
0.018010
0.017864
0.017540
0.035595
0.033850
0.035075
0.033966
0.033689
0.033005
0.032398
0.031660
0.030883
0.030049
0.029178
0.028253
0.027282
0.045778
0.043355
0.043923
0.042015
0.040977
0.039508
0.038123
0.036605
0.035055
0.033696
0.032020
0.030363
0.028934
0.027214
0.025530
0.023826
0.022130
0.020439
0.018763
0.017106
0.015471
0.013863
0.012345
0.011086
0.010381
0.009457
0.008550
0.007704
0.006924
0.031223
0.028072
0.029665
0.027556
0.026974
0.026125
0.025132
0.024225
0.023503
0.022732
0.021921
0.021060
0.020160
0.019226
0.018266
0.017287
0.016294
0.015293
0.014290
0.013292
0.012302
0.011324
0.010361
0.009417
0.008496
0.007600
0.016202
0.014420
0.014459
0.013122
0.012379
0.169086
0.152574
0.165791
0.155926
0.155505
0.150655
0.147190
0.142447
0.137650
0.132333
0.126778
0.120933
0.114889
0.108673
0.103147
0.096665
0.090269
0.083768
0.077332
0.070932
0.064619
0.058409
0.052330
0.080825
0.070997
0.068784
0.060839
0.055630
0.049499
0.044194
0.038770
0.033812
0.028776
0.025053
0.023671
0.022279
0.020858
0.019431
0.018000
0.016577
0.015166
0.013776
0.012413
0.011082
0.009801
0.008572
0.007388
0.006252
0.005167
0.004136
0.003179
0.002278
0.001661
0.000851
0.000320
0.000299
0.000533
0.000484
0.000495
0.000458
0.000443
0.000417
0.000395
0.000371
0.000347
0.000323
0.000299
0.000658
0.000602
0.000617
0.000576
0.004817
0.004293
0.004690
0.004350
0.004322
0.004147
0.004030
0.003869
0.003712
0.003691
0.003520
0.003360
0.003182
0.003006
0.002824
0.002643
0.002461
0.002280
0.002100
0.001923
0.001749
0.001581
0.001420
0.001265
0.001114
0.000969
0.000831
0.000698
0.000572
0.000452
0.000339
0.000233
0.000204
0.000190
0.000176
0.000162
0.000148
0.000135
0.000121
0.000108
0.000095
0.000082
0.000069
0.000056
0.000044
0.000032
0.000022
0.000015
0.000009
0.000003
0.000000
0.000000
0.000000
0.000000
0.003800
0.003440
0.003792
0.003581
0.003590
0.003601
0.003523
0.003438
0.003331
0.010638
0.009798
0.010349
0.009790
0.009660
0.009317
0.009036
0.008692
0.008343
0.007969
0.007583
0.007184
0.006776
0.006361
0.005943
0.005522
0.029567
0.027255
0.028915
0.027489
0.027197
0.026384
0.025702
0.024868
0.024008
0.023123
0.022233
0.021296
0.020325
0.019323
0.018296
0.017250
0.016192
0.015127
0.014189
0.065121
0.059126
0.062905
0.058974
0.058096
0.055773
0.053921
0.051666
0.049412
0.047007
0.044548
0.096321
0.087436
0.090218
0.083624
0.080991
0.077616
0.073888
0.102419
0.099443
0.098767
0.096161
0.093926
0.091386
0.088746
0.085953
0.083051
0.080049
0.076967
0.073820
0.070624
0.067392
0.064139
0.060877
0.057617
0.054369
0.070661
0.067817
0.067056
0.064702
0.063045
0.061070
0.059267
0.058267
0.057422
0.056464
0.055445
0.054342
0.053175
0.051943
0.050670
0.049335
0.047945
0.046502
0.045011
0.043475
0.041900
0.040287
0.038642
0.036968
0.035269
0.033548
0.031809
0.030056
0.028291
0.026519
0.024742
0.022963
0.021186
0.019413
0.017647
0.015891
0.014147
0.048347
0.044896
0.046584
0.044146
0.087663
0.081763
0.084557
0.080491
0.079247
0.076778
0.084904
0.083133
0.082509
0.080681
0.079164
0.077254
0.075346
0.073233
0.071060
0.068767
0.066413
0.063985
0.061513
0.058998
0.056460
0.053905
0.051346
0.048790
0.046248
0.043726
0.041232
0.038868
0.036695
0.034543
0.032590
0.030484
0.028454
0.027179
0.026077
0.025084
0.023969
0.022880
0.021757
0.020630
0.026164
0.024527
0.024157
0.023053
0.022096
0.020957
0.019868
0.018725
0.017583
0.016419
0.015249
0.014071
0.012889
0.011706
0.010525
0.009347
0.008176
0.007207
0.006377
0.005828
0.005316
0.004797
0.004295
0.003802
0.003321
0.002896
0.002593
0.002303
0.002019
0.001747
0.001485
0.001269
0.001135
0.001004
0.000877
0.000753
0.000634
0.000520
0.000410
0.000305
0.000211
0.000175
0.000139
0.000104
0.000071
0.000042
0.000020
0.000004
0.000000
0.000000
0.000000
0.000000
0.000000
0.000000
0.000000
0.000000
0.000000
0.000000
0.000000
0.000000
0.000000
0.000000
0.000000
0.000000
0.000000
0.000000
0.000000
0.000000
0.000000
0.000142
0.000125
0.000139
0.000128
0.000128
0.000123
0.000119
0.000115
0.000110
0.000105
0.000100
0.000094
0.000089
0.000616
0.000558
0.001289
0.001184
0.001241
0.001181
0.001165
0.001127
0.001094
0.001054
0.001013
0.000969
0.000924
0.001005
0.000946
0.000908
0.000852
0.000803
0.000751
0.000702
0.000653
0.000604
0.000555
0.000609
0.000552
0.000515
0.000464
0.000420
0.000374
0.000331
0.000289
0.000249
0.000209
0.000175
0.000150
0.000127
0.000118
0.000111
0.000104
0.000097
0.000090
0.001971
0.001745
0.001926
0.001925
0.001904
0.001842
0.001785
0.002650
0.031361
0.028596
0.031178
0.029493
0.029482
0.028656
0.028074
0.027252
0.026412
0.025470
0.024479
0.023429
0.022337
0.021207
0.028076
0.025952
0.025530
0.023732
0.022514
0.021021
0.019648
0.018212
0.016808
0.015402
0.014052
0.012726
0.047880
0.043338
0.045311
0.042231
0.041160
0.039197
0.037555
0.035685
0.034246
0.032909
0.031518
0.030062
0.028564
0.027027
0.025464
0.023884
0.039304
0.035710
0.035791
0.033031
0.031597
0.029592
0.027852
0.025967
0.024132
0.022270
0.020431
0.018604
0.016808
0.015046
0.013325
0.011668
0.010255
0.008883
0.007556
0.006278
0.005381
0.004768
0.004175
0.003604
0.003056
0.002532
0.002035
0.001564
0.001120
0.000703
0.000315
0.002015
0.001813
0.002004
0.001880
0.001882
0.001825
0.001787
0.001733
0.006740
0.006077
0.006503
0.006052
0.005969
0.005704
0.005506
0.005304
0.005055
0.004799
0.004531
0.004259
0.003984
0.003707
0.003430
0.003154
0.002882
0.002614
0.002351
0.002094
0.001845
0.002845
0.002492
0.002382
0.002098
0.001903
0.001720
0.001556
0.001391
0.001233
0.001080
0.000967
0.000923
0.000878
0.000831
0.000828
0.000780
0.000734
0.000686
0.000639
0.000592
0.000545
0.031987
0.028934
0.031807
0.029998
0.030030
0.029175
0.029875
0.028911
0.028174
0.027137
0.026123
0.025011
0.023865
0.022695
0.021494
0.020264
0.019017
0.017758
0.016496
0.015236
0.013985
0.012749
0.011533
0.010341
0.009179
0.008050
0.006957
0.005904
0.004892
0.003926
0.003005
0.002132
0.001308
0.000534
0.000186
0.000148
0.000111
0.000076
0.000043
0.000013
0.000001
0.000000
0.000000
0.000000
0.000000
0.000000
0.000000
0.000000
0.000230
0.001048
0.000989
0.001049
0.001001
0.000993
0.000965
0.000942
0.000913
0.004647
0.004246
0.004553
0.004298
0.004262
0.004120
0.007368
0.006906
0.007075
0.006731
0.006577
0.006322
0.006091
0.005829
0.006736
0.006549
0.006471
0.006295
0.006143
0.005969
0.005793
0.005607
0.005418
0.009994
0.009224
0.009481
0.008929
0.008725
0.008348
0.008035
0.007674
0.007319
0.006947
0.006573
0.006269
0.005962
0.005648
0.005330
0.005009
0.005062
0.004696
0.006283
0.005963
0.005847
0.005583
0.005385
0.005156
0.004946
0.004727
0.004516
0.010949
0.010105
0.010513
0.009938
0.009813
0.009538
0.009317
0.009039
0.008755
0.008446
0.008124
0.007787
0.007438
0.007081
0.006716
0.006345
0.005971
0.005595
0.005219
0.004844
0.004473
0.004112
0.003755
0.003404
0.003059
0.002722
0.002393
0.002073
0.001763
0.039576
0.036354
0.039321
0.037482
0.037407
0.036611
0.036050
0.035238
0.034423
0.035048
0.033935
0.032982
0.031762
0.030546
0.029273
0.027954
0.026593
0.025197
0.023777
0.022340
0.020892
0.019440
0.018399
0.016920
0.015533
0.014832
0.013470
0.012203
0.010911
0.009678
0.008470
0.007309
0.006463
0.005408
0.004441
0.003491
0.002808
0.002806
0.002803
0.002793
0.002781
0.002764
0.002744
0.002720
0.002692
0.002662
0.002888
0.002876
0.002880
0.002869
0.002862
0.002851
0.002839
0.002824
0.002808
0.002791
0.002780
0.002767
0.002752
0.002734
0.002715
0.002693
0.002670
0.002645
0.002617
0.002588
0.002557
0.002524
0.002490
0.002454
0.002416
0.002377
0.002337
0.002295
0.002251
0.044159
0.040079
0.065954
0.061410
0.063471
0.061069
0.060319
0.058601
0.057053
0.055663
0.053723
0.051654
0.049463
0.047480
0.045119
0.042730
0.040274
0.037801
0.039074
0.036301
0.034148
0.031544
0.029146
0.026710
0.024345
0.022015
0.019746
0.017539
0.258784
0.233202
0.253535
0.239981
0.238270
0.230285
0.224734
0.217670
0.226859
0.218366
0.211277
0.202448
0.193716
0.184545
0.175155
0.165548
0.155807
0.145980
0.136124
0.126289
0.116522
0.106865
0.097358
0.088036
0.078933
0.070078
0.061497
0.053289
0.045401
0.037839
0.030620
0.023753
0.017248
0.011112
0.009404
0.008876
0.008345
0.007812
0.007286
0.006762
0.006238
0.005716
0.005207
0.004704
0.004204
0.003711
0.003225
0.002752
0.002288
0.001832
0.001387
0.001156
0.000958
0.000757
0.000571
0.000396
0.000232
0.000077
0.000000
0.001349
0.001219
0.001343
0.001266
0.009731
0.008694
0.009494
0.009604
0.009459
0.009175
0.008872
0.008538
0.008185
0.007812
0.007424
0.007024
0.006614
0.017553
0.016053
0.016687
0.015635
0.015250
0.014930
0.014307
0.013661
0.012971
0.012272
0.011557
0.010836
0.010110
0.009997
0.009229
0.008567
0.007839
0.007173
0.006556
0.006080
0.005605
0.005143
0.004694
0.004253
0.003820
0.003398
0.002987
0.002590
0.002207
0.003329
0.002832
0.002633
0.002229
0.001930
0.001731
0.001668
0.001594
0.001520
0.006086
0.005459
0.008598
0.013046
0.012604
0.012694
0.012122
0.011803
0.011331
0.010893
0.010399
0.009898
0.009385
0.008863
0.008329
0.007790
0.014720
0.013017
0.013318
0.012000
0.011429
0.010500
0.009746
0.008906
0.008180
0.007625
0.007077
0.006527
0.005983
0.005446
0.004919
0.004403
0.003902
0.003417
0.003003
0.002652
0.002630
0.005221
0.005052
0.005311
0.008914
0.008562
0.008804
0.008565
0.008500
0.008344
0.008206
0.008035
0.007856
0.007659
0.007449
0.007227
0.006993
0.006749
0.006496
0.006235
0.005967
0.005692
0.027874
0.025411
0.027176
0.025598
0.025335
0.024440
0.023742
0.022861
0.021973
0.021013
0.020024
0.018994
0.017947
0.016892
0.015827
0.016397
0.015126
0.014985
0.013702
0.012795
0.011715
0.010729
0.009730
0.008806
0.007893
0.007004
0.006140
0.005380
0.004566
0.003799
0.003054
0.002354
0.001710
0.001104
0.000948
0.000855
0.000765
0.000677
0.003764
0.003444
0.003574
0.003519
0.003521
0.003504
0.003486
0.003462
0.003448
0.003445
0.003445
0.003443
0.003433
0.003415
0.003389
0.003357
0.003317
0.003271
0.003219
0.003160
0.003096
0.003027
0.002953
0.008185
0.007470
0.007898
0.007452
0.007342
0.007047
0.006817
0.006532
0.006253
0.005953
0.005648
0.005334
0.005016
0.004693
0.004369
0.015492
0.013956
0.014757
0.013837
0.013551
0.014978
0.014487
0.014073
0.013539
0.014440
0.013706
0.013260
0.012553
0.011937
0.011263
0.010603
0.011572
0.011059
0.010582
0.010082
0.009604
0.009125
0.008664
0.008210
0.007773
0.007350
0.006943
0.006552
0.006180
0.005824
0.005487
0.005170
0.005076
0.004983
0.004892
0.004802
0.004715
0.004632
0.004550
0.004469
0.004399
0.004349
0.004297
0.004245
0.004200
0.004155
0.004107
0.004057
0.004004
0.003948
0.003889
0.003827
0.003763
0.003696
0.003626
0.003554
0.003479
0.003401
0.003320
0.003238
0.003153
0.003065
0.002975
0.002895
0.002814
0.002732
0.002648
0.002564
0.002478
0.002391
0.002302
0.002213
0.002122
0.002030
0.001938
0.001844
0.001750
0.001654
0.001559
0.001462
0.001365
0.001268
0.001171
0.001079
0.001002
0.004672
0.004589
0.004783
0.004802
0.004856
0.132961
0.123233
0.134235
0.129038
0.129706
0.127589
0.126096
0.123736
0.121149
0.118125
0.114809
0.111183
0.107297
0.103177
0.098859
0.094372
0.089757
0.085035
0.080229
0.075366
0.070471
0.065566
0.060675
0.055817
0.051012
0.046278
0.041630
0.037085
0.032660
0.028366
0.024210
0.038551
0.032620
0.030692
0.026936
0.023835
0.020589
0.020384
0.019997
0.019642
0.019211
0.020640
0.019933
0.019616
0.018951
0.018411
0.017791
0.017189
0.016562
0.015935
0.016286
0.015739
0.015296
0.014781
0.014314
0.013834
0.013379
0.012926
0.012492
0.012067
0.011658
0.011261
0.010880
0.010512
0.010159
0.009820
0.009495
0.009398
0.009328
0.009249
0.009165
0.010185
0.010218
0.010314
0.010342
0.010387
0.010412
0.010435
0.010446
0.010451
0.010446
0.010433
0.010412
0.010382
0.010343
0.010297
0.010878
0.010867
0.010900
0.010890
0.010887
0.010872
0.010852
0.010824
0.010789
0.010747
0.010698
0.010641
0.010578
0.010507
0.010430
0.010346
0.010255
0.010158
0.010055
0.009945
0.009829
0.009706
0.009578
0.009572
0.009419
0.009285
0.009127
0.008971
0.008807
0.008638
0.008464
0.008286
0.008102
0.007915
0.007723
0.007527
0.007328
0.007125
0.006919
0.006710
0.006498
0.006284
0.006067
0.005848
0.005627
0.005405
0.005181
0.004955
0.004728
0.013019
0.011965
0.119249
0.110421
0.119375
0.114601
0.114799
0.112609
0.110923
0.121209
0.117363
0.115530
0.111547
0.108051
0.103989
0.099857
0.095464
0.090927
0.086235
0.081437
0.076570
0.071648
0.066740
0.061898
0.057101
0.052338
0.047630
0.042993
0.038446
0.034003
0.070768
0.061782
0.061792
0.054868
0.051253
0.046349
0.042168
0.037730
0.033632
0.031827
0.030008
0.028141
0.026262
0.024533
0.022905
0.021270
0.019641
0.018024
0.016430
0.014864
0.013333
0.011845
0.010403
0.009031
0.007694
0.006419
0.005203
0.004051
0.002964
0.001944
0.000991
0.000105
0.000014
0.000013
0.000013
0.000012
0.000011
0.000010
0.000010
0.000009
0.000008
0.000007
0.000007
0.000006
0.004505
0.004066
0.004476
0.004216
0.004219
0.004097
0.004013
0.003893
0.003772
0.003635
0.003491
0.003339
0.003385
0.003201
0.003051
0.002868
0.002695
0.002516
0.002338
0.002160
0.001983
0.001808
0.001636
0.001468
0.001304
0.001144
0.000989
0.000840
0.000697
0.017801
0.016369
0.017735
0.016930
0.016921
0.016632
0.016432
0.016115
0.015769
0.015363
0.014917
0.014430
0.013909
0.013357
0.026977
0.024955
0.025598
0.024115
0.023459
0.022397
0.021459
0.020406
0.019352
0.018257
0.017148
0.016025
0.014896
0.013765
0.012640
0.011525
0.010425
0.009344
0.008286
0.007255
0.006255
0.005287
0.004355
0.003827
0.003337
0.002862
0.002406
0.001967
0.002561
0.002083
0.001790
0.001390
0.001059
0.000957
0.000943
0.000923
0.000901
0.000876
0.000849
0.000819
0.000788
0.000754
0.000720
0.004435
0.004030
0.004332
0.004075
0.004038
0.003896
0.003787
0.003648
0.003508
0.003356
0.003199
0.003035
0.002868
0.002697
0.002524
0.002350
0.002176
0.002003
0.001831
0.001661
0.001495
0.064645
0.059504
0.064645
0.061785
0.061854
0.060561
0.059587
0.058204
0.056729
0.055055
0.053251
0.051312
0.049272
0.047207
0.093079
0.085258
0.087727
0.081872
0.079491
0.075370
0.071898
0.067939
0.064055
0.060022
0.055984
0.051909
0.047846
0.043804
0.039808
0.035872
0.032015
0.028251
0.024592
0.021052
0.017639
0.014364
0.012171
0.010546
0.008985
0.007492
0.006071
0.004725
0.003455
0.002263
0.001149
0.000114
0.000000
0.000000
0.000000
0.000000
0.000000
0.000000
0.000000
0.000000
0.000000
0.000000
0.000000
0.000000
0.000000
0.000000
0.000000
0.000000
0.000000
0.000000
0.000000
0.000000
0.000000
0.000000
0.000000
0.000000
0.000000
0.000000
0.000000
0.000000
0.000000
0.000000
0.000000
0.000000
0.000000
0.000000
0.000000
0.000000
0.000073
0.000064
0.000071
0.000066
0.000066
0.000063
0.000061
0.000059
0.000057
0.000054
0.000051
0.000049
0.000046
0.000043
0.000040
0.000037
0.000034
0.000032
0.000029
0.000026
0.000023
0.000021
0.000018
0.000016
0.000013
0.000011
0.000009
0.000007
0.000005
0.000003
0.000001
0.000000
0.000000
0.000000
0.000000
0.000000
0.000000
0.000000
0.000000
0.000000
0.000000
0.000000
0.000000
0.000000
0.000000
0.000000
0.000000
0.025106
0.023193
0.025346
0.024327
0.024460
0.024048
0.023755
0.023294
0.022789
0.022200
0.021552
0.020845
0.020088
0.021813
0.020673
0.020046
0.018958
0.018034
0.017006
0.016002
0.014967
0.013936
0.012899
0.011869
0.010846
0.009836
0.011500
0.010826
0.010043
0.009058
0.008138
0.007229
0.006348
0.005491
0.004662
0.003862
0.003144
0.029553
0.026720
0.028907
0.034441
0.033512
0.033219
0.032079
0.031183
0.030105
0.029006
0.027811
0.026568
0.025269
0.023934
0.022568
0.021180
0.038753
0.035456
0.035744
0.033218
0.031826
0.029925
0.028230
0.026415
0.024631
0.022846
0.021114
0.038059
0.034917
0.034828
0.032412
0.030895
0.029018
0.029504
0.028049
0.026952
0.025575
0.024388
0.023116
0.021842
0.020539
0.019229
0.017913
0.016599
0.015293
0.014000
0.012725
0.011473
0.010249
0.009218
0.008448
0.007686
0.006935
0.006199
0.005480
0.004779
0.004100
0.003444
0.002812
0.002205
0.001626
0.001075
0.000552
0.000168
0.000116
0.000067
0.000021
0.000000
0.000000
0.000000
0.000000
0.000000
0.000000
0.000000
0.000000
0.000000
0.000000
0.000000
0.000000
0.000000
0.000000
0.000000
0.000000
0.000000
0.000000
0.000000
0.000000
0.000000
0.000000
0.000000
0.000000
0.000000
0.001541
0.001420
0.001549
0.001484
0.001489
0.001461
0.001441
0.001411
0.001378
0.001340
0.001299
0.001254
0.001206
0.002461
0.002283
0.002349
0.002219
0.002165
0.002073
0.001992
0.001900
0.001808
0.001711
0.001613
0.001513
0.001412
0.001310
0.001209
0.001109
0.001009
0.000911
0.000814
0.000720
0.000629
0.000540
0.000454
0.000391
0.000345
0.000300
0.000258
0.000216
0.000177
0.000139
0.000103
0.000069
0.000037
0.000007
0.000000
0.000000
0.000000
0.015543
0.013667
0.015151
0.013953
0.013898
0.014180
0.013701
0.013235
0.012660
0.012086
0.011478
0.010857
0.010221
0.009576
0.008926
0.008275
0.007628
0.006987
0.006356
0.005736
0.005132
0.004545
0.003978
0.003431
0.002906
0.002405
0.001929
0.001478
0.001053
0.000655
0.000283
0.000159
0.001041
0.000946
0.001000
0.000940
0.000923
0.000888
0.000865
0.000849
0.000831
0.000811
0.000787
0.000762
0.000735
0.000706
0.000676
0.000645
0.000612
0.000579
0.000545
0.000511
0.000477
0.000442
0.000408
0.000374
0.000340
0.000307
0.000274
0.004489
0.004039
0.004391
0.004111
0.004083
0.003937
0.003829
0.003689
0.003548
0.003395
0.003255
0.003109
0.002958
0.002802
0.002643
0.061200
0.056489
0.061299
0.058687
0.059600
0.058340
0.057523
0.056196
0.054826
0.053241
0.051538
0.049698
0.047751
0.045708
0.043584
0.041395
0.039153
0.036872
0.034583
0.032349
0.030105
0.027862
0.025630
0.023982
0.021795
0.019700
0.017605
0.050023
0.048251
0.049295
0.048247
0.047786
0.047065
0.046329
0.045485
0.044573
0.043583
0.042526
0.041404
0.040223
0.038986
0.037699
0.036367
0.034993
0.033581
0.032135
0.030661
0.029161
0.027640
0.026104
0.024554
0.022997
0.021435
0.019872
0.018312
0.016758
0.015214
0.013683
0.012167
0.030407
0.029079
0.032349
0.031031
0.030803
0.029836
0.029153
0.028281
0.027446
0.065139
0.059682
0.062550
0.058880
0.057994
0.055700
0.053911
0.051710
0.049543
0.047223
0.044863
0.054558
0.052212
0.051137
0.048988
0.047247
0.045266
0.043368
0.041394
0.039441
0.037469
0.035513
0.033565
0.031640
0.029770
0.027958
0.026177
0.024430
0.022722
0.021056
0.019433
0.017974
0.017196
0.016406
0.015605
0.014796
0.013979
0.013158
0.012455
0.011619
0.010802
0.009972
0.009149
0.008329
0.007514
0.006706
0.005905
0.005117
0.004340
0.003575
0.002821
0.002079
0.001352
0.000638
0.000379
0.000277
0.005094
0.004612
0.005004
0.006016
0.005910
0.005929
0.005790
0.005690
0.005548
0.005400
0.006701
0.006611
0.006659
0.006579
0.006524
0.006438
0.006344
0.006233
0.006111
0.005977
0.005832
0.005675
0.005508
0.005333
0.005149
0.004958
0.004760
0.004557
0.004349
0.004137
0.003922
0.004959
0.004817
0.004738
0.004644
0.004547
0.004453
0.004372
0.004297
0.004218
0.004135
0.004050
0.003961
0.003868
0.004045
0.003964
0.003904
0.003827
0.003755
0.004178
0.004054
0.004034
0.003973
0.003939
0.003888
0.003839
0.003784
0.003727
0.003667
0.003603
0.003537
0.003468
0.003397
0.003324
0.003250
0.003173
0.003800
0.003650
0.003632
0.003508
0.003425
0.003321
0.003223
0.003118
0.003013
0.002905
0.002805
0.002709
0.002612
0.002512
0.002412
0.002311
0.002209
0.002117
0.002024
0.001930
0.001835
0.004513
0.004206
0.004349
0.004141
0.004060
0.003920
0.003794
0.003650
0.003503
0.003347
0.003186
0.003020
0.002854
0.002695
0.002532
0.002378
0.002223
0.002067
0.001909
0.001752
0.056347
0.051914
0.056366
0.053922
0.054006
0.052908
0.052098
0.050933
0.049682
0.048255
0.046711
0.045046
0.043283
0.041432
0.039507
0.037523
0.035498
0.033491
0.031456
0.029403
0.027342
0.025283
0.023648
0.021581
0.019618
0.017629
0.027422
0.024153
0.023468
0.023801
0.021782
0.049659
0.044184
0.045230
0.041164
0.039323
0.037046
0.035836
0.034302
0.032793
0.031165
0.029509
0.030532
0.028588
0.027069
0.025202
0.025170
0.023189
0.021613
0.019757
0.018060
0.016338
0.014685
0.013572
0.012017
0.010548
0.009121
0.007794
0.007833
0.006834
0.005993
0.005113
0.004308
0.004023
0.003848
0.003668
0.003488
0.003320
0.003172
0.003021
0.244802
0.221591
0.243887
0.230203
0.230652
0.224279
0.219982
0.213696
0.207302
0.200060
0.192403
0.184248
0.175863
0.167021
0.157965
0.148707
0.139336
0.129900
0.120459
0.111051
0.101722
0.092514
0.083594
0.074743
0.066158
0.057808
0.049743
0.041976
0.034530
0.027450
0.020716
0.014338
0.008323
0.002678
0.000131
0.000122
0.000113
0.000104
0.001080
0.000997
0.001074
0.001026
0.001024
0.001001
0.000983
0.000959
0.000935
0.000908
0.000879
0.000848
0.000815
0.000780
0.000744
0.000706
0.000668
0.000629
0.000592
0.002635
0.002347
0.002510
0.002313
0.002270
0.002153
0.002065
0.001957
0.001854
0.001744
0.001634
0.001522
0.001409
0.001298
0.001187
0.011246
0.010128
0.010932
0.010245
0.010161
0.033520
0.031438
0.033119
0.031803
0.031545
0.030759
0.030072
0.029954
0.029056
0.028321
0.028119
0.026972
0.025907
0.024685
0.023474
0.022267
0.020989
0.020551
0.019230
0.018003
0.016703
0.015445
0.014183
0.012949
0.011731
0.010543
0.009382
0.008256
0.007234
0.006391
0.005574
0.004784
0.004023
0.003293
0.002595
0.002914
0.002237
0.002258
0.002134
0.002068
0.001975
0.001893
0.001805
0.001721
0.001647
0.001577
0.001504
0.001431
0.001356
0.001281
0.001206
0.001131
0.001055
0.000979
0.000904
0.000829
0.000755
0.000683
0.000611
0.000540
0.000471
0.000404
0.000338
0.007827
0.007034
0.007667
0.007187
0.007153
0.006917
0.006760
0.006557
0.006427
0.006193
0.007489
0.007047
0.006929
0.006536
0.006249
0.005901
0.005572
0.005225
0.004880
0.103978
0.091717
0.100944
0.093017
0.092395
0.088233
0.085466
0.081709
0.078112
0.074185
0.070212
0.066108
0.061959
0.057766
0.054423
0.050287
0.046373
0.042379
0.038864
0.035053
0.031366
0.027771
0.024296
0.020953
0.017748
0.014689
0.011781
0.009033
0.006449
0.004026
0.002029
0.000969
0.000957
0.000912
0.000877
0.000836
0.000795
0.000753
0.000710
0.000666
0.003184
0.002943
0.004485
0.004173
0.004701
0.004460
0.004424
0.004250
0.004122
0.003958
0.003806
0.003646
0.003486
0.007664
0.007074
0.007298
0.006873
0.009283
0.008788
0.008749
0.008797
0.008505
0.008190
0.007850
0.007497
0.007134
0.006765
0.006393
0.006016
0.005636
0.005256
0.004876
0.004498
0.004133
0.004534
0.004179
0.003968
0.003711
0.003500
0.003271
0.003055
0.002839
0.002629
0.002423
0.002223
0.002030
0.001843
0.001741
0.001654
0.001569
0.001485
0.001403
0.001323
0.001265
0.001246
0.001226
0.001205
0.001435
0.001431
0.001441
0.001440
0.001441
0.001441
0.001439
0.001437
0.001433
0.001542
0.001523
0.001534
0.001526
0.001769
0.001758
0.001777
0.001771
0.001771
0.001766
0.001761
0.001753
0.001743
0.001732
0.001718
0.001703
0.001686
0.001668
0.001648
0.001627
0.001604
0.001581
0.001556
0.001530
0.001503
0.001475
0.001446
0.001416
0.001386
0.001355
0.001323
0.001291
0.001261
0.001229
0.001198
0.001165
0.001132
0.001099
0.001065
0.001031
0.000997
0.000962
0.001133
0.001096
0.001080
0.001047
0.001027
0.001006
0.000984
0.000963
0.071138
0.065799
0.071824
0.068979
0.069351
0.068196
0.067373
0.066076
0.064656
0.062995
0.061170
0.059177
0.057043
0.054782
0.052414
0.049955
0.047422
0.044830
0.042194
0.039528
0.036846
0.034161
0.031488
0.028839
0.026230
0.023661
0.021148
0.019800
0.017301
0.015081
0.012775
0.010617
0.008515
0.006514
0.004599
0.002780
0.001072
0.001005
0.000957
0.000908
0.000857
0.000805
0.000752
0.000700
0.000647
0.000594
0.000541
0.000489
0.000438
0.000388
0.000339
0.000292
0.000245
0.000206
0.000170
0.000137
0.000106
0.000076
0.000048
0.000022
0.019209
0.017727
0.019360
0.018564
0.018652
0.018324
0.018088
0.017724
0.017329
0.016869
0.016366
0.015819
0.015235
0.014617
0.013972
0.013303
0.012615
0.011912
0.011199
0.010478
0.009754
0.009030
0.008310
0.007595
0.006964
0.006262
0.005589
0.006986
0.006093
0.005663
0.004900
0.004310
0.003672
0.003087
0.002507
0.001958
0.001546
0.001466
0.001383
0.001299
0.001214
0.002244
0.002028
0.002053
0.001887
0.001803
0.001682
0.001578
0.001465
0.001356
0.001246
0.001138
0.001032
0.000928
0.000827
0.000729
0.000636
0.000546
0.000486
0.000443
0.000401
0.000359
0.000319
0.000280
0.000242
0.000206
0.000171
0.000139
0.000107
0.000078
0.000050
0.000025
0.000001
0.000000
0.000000
0.000000
0.000000
0.010444
0.009631
0.010513
0.010074
0.010116
0.009932
0.009800
0.009598
0.009379
0.009125
0.008849
0.008549
0.008229
0.007891
0.007539
0.007174
0.006799
0.006417
0.006029
0.005637
0.005244
0.004851
0.005046
0.004590
0.004265
0.003845
0.003476
0.003096
0.002733
0.002375
0.002031
0.001921
0.001577
0.001289
0.000980
0.000700
0.000523
0.000496
0.000466
0.000437
0.000407
0.000377
0.000347
0.000318
0.000289
0.000261
0.000545
0.000515
0.000515
0.000493
0.000478
0.000460
0.000443
0.000424
0.000405
0.000386
0.000367
0.002284
0.002072
0.002226
0.002092
0.002071
0.001997
0.001940
0.001869
0.001801
0.001726
0.001649
0.001568
0.001484
0.001399
0.001313
0.001225
0.001137
0.001049
0.000961
0.000875
0.000789
0.000705
0.000623
0.000545
0.000477
0.000412
0.000350
0.000290
0.000232
0.000178
0.000126
0.000077
0.000031
0.000000
0.000000
0.000000
0.000000
0.014379
0.013259
0.014643
0.014022
0.014095
0.013831
0.013648
0.013365
0.013060
0.012706
0.012320
0.011902
0.011455
0.010985
0.010493
0.009985
0.009462
0.008929
0.008388
0.007842
0.007294
0.006746
0.006202
0.005662
0.005130
0.004607
0.004095
0.003595
0.003109
0.002639
0.002186
0.001750
0.001332
0.002626
0.002085
0.001883
0.007046
0.006504
0.006945
0.006656
0.006601
0.006405
0.006242
0.006036
0.005824
0.006939
0.006719
0.007358
0.029719
0.027458
0.029306
0.027825
0.027635
0.026809
0.026165
0.025330
0.024477
0.023543
0.022566
0.021543
0.020486
0.019400
0.018293
0.017172
0.016042
0.014911
0.013783
0.012663
0.012020
0.010937
0.009935
0.021161
0.019343
0.019511
0.018171
0.017415
0.016424
0.033092
0.030071
0.030853
0.028597
0.027634
0.026521
0.025629
0.024538
0.023454
0.022294
0.021111
0.019892
0.018656
0.017442
0.016249
0.015056
0.013867
0.012689
0.011528
0.010387
0.009272
0.008190
0.007147
0.006141
0.013830
0.012046
0.011938
0.010648
0.009847
0.008867
0.008044
0.007476
0.007235
0.006965
0.006683
0.006384
0.006663
0.010588
0.009893
0.009916
0.009331
0.010407
0.009801
0.009500
0.008956
0.008497
0.007989
0.007493
0.006986
0.006481
0.005976
0.005477
0.004983
0.004498
0.004023
0.003561
0.003112
0.002722
0.002482
0.002247
0.002016
0.001791
0.001572
0.001361
0.001158
0.000963
0.000777
0.000599
0.000431
0.000276
0.005708
0.005120
0.006045
0.005648
0.005657
0.005482
0.005377
0.005217
0.005058
0.004878
0.004688
0.004486
0.004276
0.004058
0.003835
0.003608
0.005101
0.004698
0.004620
0.004286
0.004056
0.073436
0.066489
0.072645
0.068445
0.068321
0.066240
0.064764
0.062758
0.060683
0.058382
0.055966
0.053421
0.050813
0.048212
0.045545
0.043924
0.041069
0.038405
0.035588
0.033406
0.030620
0.027973
0.025294
0.022701
0.020159
0.017696
0.015309
0.013010
0.010819
0.008743
0.006765
0.004888
0.003116
0.001449
0.000883
0.000823
0.000763
0.000703
0.000645
0.000587
0.000530
0.000474
0.000420
0.000368
0.000317
0.000268
0.000221
0.000177
0.000140
0.000122
0.000105
0.000088
0.063348
0.055745
0.061815
0.056972
0.058761
0.056164
0.054771
0.052492
0.050400
0.048426
0.046011
0.043566
0.041025
0.038465
0.035877
0.033289
0.030859
0.028309
0.025806
0.023344
0.020940
0.018604
0.016342
0.656000
0.603293
0.654881
0.625417
0.626889
0.624847
0.613875
0.600630
0.585534
0.569605
0.551985
0.533027
0.512803
0.491521
0.469322
0.446367
0.422801
0.398769
0.374405
0.349838
0.325190
0.300576
0.276104
0.251875
0.228751
0.205189
0.193094
0.169601
0.148837
0.127138
0.106832
0.087016
0.069553
0.051396
0.034290
0.017932
0.011474
0.010743
0.010026
0.045027
0.040356
0.135717
0.163270
0.168365
0.163023
0.159682
0.154619
0.149993
0.144525
0.138903
0.132855
0.139403
0.134091
0.130297
0.124900
0.119707
0.114351
0.108975
0.103564
0.098155
0.092939
0.087815
0.082742
0.077735
0.072814
0.067992
0.063281
0.058694
0.054239
0.049924
0.045853
0.042531
0.040692
0.039294
0.064910
0.064039
0.065080
0.064542
0.064528
0.064168
0.063857
0.063384
0.083529
0.082854
0.084392
0.084035
0.084337
0.084186
0.084096
0.083808
0.083457
0.082983
0.082425
0.081769
0.081031
0.080210
0.079312
0.078342
0.077305
0.076203
0.075041
0.073823
0.072553
0.071234
0.069869
0.088183
0.086886
0.087754
0.086812
0.086596
0.085928
0.085397
0.084912
0.086526
0.085486
0.084809
0.083726
0.082722
0.081603
0.080468
0.079274
0.078032
0.076737
0.075397
0.074012
0.084956
0.084177
0.084135
0.083541
0.083050
0.082432
0.087946
0.086529
0.086403
0.085842
0.085002
0.083966
0.082926
0.081800
0.080639
0.079419
0.078158
0.076853
0.075509
0.074132
0.072722
0.071298
0.079599
0.078589
0.078348
0.077500
0.076857
0.076074
0.075312
0.075395
0.074557
0.073798
0.072917
0.072046
0.071125
0.070186
0.069213
0.068246
0.067341
0.066402
0.073676
0.075275
0.075373
0.074919
0.074340
0.073775
0.073110
0.072447
0.071702
0.074365
0.073866
0.073696
0.073227
0.072851
0.072388
0.071924
0.071412
0.070878
0.070308
0.069710
0.069080
0.068421
0.067781
0.067176
0.094308
0.102078
0.107002
0.105931
0.105362
0.104280
0.103277
0.102037
0.100715
0.099246
0.097681
0.096012
0.094911
0.093110
0.091318
0.089412
0.087485
0.085508
0.083506
0.081480
0.091876
0.088852
0.087846
0.085271
0.083323
0.081124
0.079002
0.076820
0.074644
0.072456
0.070272
0.068094
0.065929
0.063782
0.062222
0.060665
0.059094
0.057521
0.056184
0.054828
0.053454
0.052066
0.051445
0.050066
0.048734
0.047357
0.045991
0.052294
0.050231
0.049591
0.047819
0.046495
0.054118
0.051566
0.050935
0.048730
0.047336
0.046268
0.044719
0.043148
0.041506
0.039843
0.038152
0.036441
0.034716
0.033160
0.031430
0.029787
0.028092
0.026433
0.024784
0.023147
0.021527
0.019925
0.018344
0.016787
0.015255
0.013749
0.012308
0.010934
0.009605
0.008453
0.007322
0.006289
0.005379
0.004621
0.003970
0.003879
0.003813
0.003744
0.003674
0.003602
0.003529
0.003454
0.003378
0.003300
0.003221
0.003141
0.003059
0.002977
0.003049
0.002970
0.002904
0.002826
0.002753
0.002677
0.002601
0.002524
0.002448
0.002370
0.002292
0.002214
0.002136
0.002057
0.001978
0.001899
0.001821
0.001742
0.001663
0.001584
0.001505
0.007352
0.006829
0.007265
0.006952
0.006911
0.006741
0.006598
0.006416
0.006231
0.006032
0.005829
0.005612
0.005383
0.005145
0.004897
0.004642
0.004387
0.004132
0.003874
0.003613
0.003352
0.005052
0.004641
0.004558
0.004230
0.004001
0.003735
0.003484
0.003226
0.002971
0.002717
0.002471
0.002229
0.001993
0.001768
0.001551
0.001340
0.001263
0.001191
0.001118
0.001044
0.000971
0.000897
0.000824
0.000751
0.000680
0.000609
0.000541
0.000474
0.000409
0.000346
0.000285
0.000227
0.000171
0.000117
0.000067
0.000019
0.000000
0.024278
0.021877
0.024058
0.022625
0.023961
0.023176
0.022823
0.022105
0.021441
0.020668
0.019864
0.019007
0.018117
0.017194
0.016249
0.015286
0.014311
0.013332
0.012352
0.011376
0.010410
0.009458
0.008523
0.007608
0.006718
0.005854
0.005020
0.004218
0.003544
0.002824
0.002146
0.001500
0.000892
0.005271
0.004859
0.005232
0.004994
0.004979
0.004861
0.004766
0.004641
0.004508
0.004360
0.004213
0.004066
0.003911
0.003747
0.003576
0.003400
0.003219
0.003035
0.002848
0.002660
0.002471
0.002283
0.002095
0.001910
0.001727
0.001548
0.001372
0.001201
0.001035
0.000874
0.000719
0.000570
0.000428
0.000292
0.003747
0.003356
0.003616
0.003470
0.003488
0.003429
0.003387
0.003321
0.003248
0.003164
0.003071
0.002970
0.002862
0.002747
0.002627
0.002503
0.002375
0.002244
0.002111
0.001976
0.002279
0.002143
0.002041
0.001915
0.001796
0.001677
0.001559
0.001482
0.001363
0.001255
0.001143
0.001037
0.000932
0.000831
0.000734
0.039779
0.035958
0.039574
0.037367
0.037446
0.071618
0.068177
0.070122
0.067597
0.066557
0.064689
0.062913
0.060847
0.058674
0.056347
0.053914
0.051381
0.048772
0.046102
0.043388
0.040646
0.037890
0.035959
0.033200
0.030567
0.027889
0.025289
0.022728
0.020236
0.017810
0.015461
0.013193
0.011014
0.008926
0.007426
0.006320
0.005255
0.004234
0.003258
0.002328
0.001831
0.001410
0.001438
0.001445
0.002940
0.002803
0.002945
0.002864
0.002870
0.002832
0.002805
0.002766
0.002724
0.002677
0.002626
0.002570
0.002512
0.002451
0.002388
0.002322
0.002256
0.002188
0.002119
0.002049
0.001980
0.001910
0.001841
0.001773
0.001705
0.002642
0.002502
0.002525
0.002423
0.002368
0.002293
0.002225
0.002152
0.005625
0.005232
0.005504
0.005247
0.005196
0.005043
0.004920
0.147321
0.136282
0.148320
0.145955
0.146224
0.143979
0.141953
0.139136
0.135996
0.132390
0.128433
0.124134
0.119546
0.114701
0.109639
0.104394
0.099000
0.093492
0.087900
0.082254
0.076583
0.070913
0.065288
0.059716
0.054215
0.048804
0.043515
0.038413
0.033447
0.028632
0.023978
0.019498
0.015201
0.011095
0.007186
0.003803
0.000715
0.001483
0.001349
0.001359
0.001341
0.001340
0.001329
0.001319
0.001306
0.001291
0.001272
0.001251
0.001236
0.001219
0.001206
0.007328
0.006828
0.007322
0.007039
0.007036
0.006900
0.006792
0.006643
0.006483
0.006301
0.006106
0.005896
0.052391
0.047644
0.051685
0.063849
0.062525
0.062323
0.060617
0.059218
0.057468
0.055630
0.053614
0.052534
0.050208
0.047962
0.045509
0.043048
0.040522
0.037974
0.035407
0.032838
0.030279
0.027741
0.027874
0.025417
0.023423
0.021267
0.019258
0.017253
0.015322
0.013455
0.011662
0.009932
0.008271
0.009202
0.008265
0.007965
0.027684
0.025605
0.026800
0.025455
0.025045
0.024280
0.023832
0.023248
0.022624
0.021933
0.021196
0.020417
0.019621
0.018790
0.017933
0.017053
0.016157
0.015248
0.014333
0.013416
0.013076
0.012097
0.012910
0.012006
0.011292
0.010528
0.009874
0.009191
0.008535
0.007889
0.007264
0.006659
0.006076
0.005516
0.004980
0.004470
0.004194
0.009546
0.008896
0.018276
0.017178
0.018236
0.017625
0.017548
0.017180
0.016876
0.016486
0.016077
0.026797
0.025618
0.026353
0.025549
0.025321
0.024792
0.025875
0.025314
0.024893
0.024296
0.023722
0.023090
0.022445
0.021769
0.026294
0.025084
0.024845
0.023821
0.023097
0.022223
0.021404
0.020641
0.019872
0.019084
0.018289
0.017486
0.135718
0.120712
0.131417
0.128670
0.128914
0.124198
0.120758
0.116206
0.113183
0.108573
0.103979
0.099098
0.094172
0.089136
0.084075
0.078993
0.073932
0.068911
0.076224
0.070441
0.066750
0.061635
0.057293
0.052872
0.048665
0.044543
0.040573
0.036743
0.033069
0.029555
0.026207
0.024041
0.023312
0.022564
0.021800
0.021023
0.020238
0.019446
0.018650
0.017854
0.019102
0.018072
0.023841
0.024182
0.023970
0.023263
0.022741
0.022109
0.021532
0.020916
0.020315
0.019702
0.019097
0.018492
0.017893
0.017533
0.017211
0.016880
0.016541
0.016197
0.015848
0.015495
0.015138
0.014779
0.014418
0.014057
0.013695
0.013335
0.012981
0.012627
0.012273
0.011921
0.011605
0.011292
0.010977
0.010661
0.010344
0.010027
0.009709
0.014655
0.014217
0.014379
0.014056
0.013946
0.013719
0.013542
0.013321
0.013111
0.012881
0.012651
0.012410
0.012165
0.011913
0.011658
0.011398
0.011135
0.010869
0.010601
0.010330
0.010059
0.009786
0.009512
0.009239
0.008965
0.008692
0.008419
0.015209
0.014089
0.014497
0.013867
0.013573
0.013065
0.012629
0.012136
0.011651
0.011145
0.010637
0.010121
0.009603
0.009083
0.008564
0.008048
0.007541
0.007093
0.006654
0.006220
0.005794
0.005377
0.004971
0.004575
0.004194
0.003827
0.005229
0.004718
0.004567
0.004182
0.004687
0.004412
0.004330
0.004139
0.003984
0.003806
0.003630
0.003449
0.003266
0.003079
0.002889
0.002696
0.002897
0.002728
0.002601
0.002455
0.002312
0.002167
0.002021
0.001890
0.001759
0.001628
0.001514
0.001407
0.001313
0.001221
0.001130
0.001039
0.000949
0.000861
0.072409
0.066872
0.072814
0.069720
0.069929
0.068601
0.067623
0.066175
0.075203
0.072610
0.071577
0.069044
0.066865
0.082781
0.099350
0.096738
0.094684
0.090979
0.087652
0.083983
0.080231
0.076314
0.072297
0.068190
0.064024
0.059818
0.055597
0.051379
0.047184
0.043030
0.038933
0.034909
0.030979
0.027150
0.023430
0.019832
0.017204
0.015422
0.013681
0.011986
0.010343
0.008756
0.007234
0.005775
0.004468
0.003373
0.002333
0.001629
0.001068
0.000536
0.000033
0.000000
0.000000
0.000000
0.000000
0.000000
0.000000
0.000000
0.000000
0.000000
0.000000
0.000000
0.000000
0.000000
0.000000
0.000000
0.000000
0.000000
0.000000
0.000000
0.000000
0.000000
0.000000
0.000000
0.000000
0.000000
0.000000
0.000000
0.000000
0.000000
0.000000
0.000000
0.000000
0.000000
0.000000
0.000000
0.000000
0.000000
0.000000
0.000000
0.000000
0.000000
0.000000
0.000000
0.000000
0.000000
0.000000
0.000000
0.000000
0.000000
0.000000
0.000000
0.000000
0.000000
0.000000
0.000000
0.000000
0.000000
0.000000
0.000000
0.000000
0.000000
0.000000
0.005475
0.005060
0.005531
0.005311
0.005342
0.005253
0.005191
0.005091
0.004983
0.004855
0.004715
0.004561
0.005946
0.005620
0.005578
0.005299
0.005104
0.004861
0.004629
0.004382
0.004133
0.003878
0.003622
0.003365
0.003108
0.014221
0.013071
0.013769
0.013035
0.012832
0.012389
0.012009
0.011562
0.011106
0.010621
0.010121
0.009607
0.009203
0.008782
0.008347
0.007902
0.007448
0.006989
0.006527
0.006063
0.005603
0.009028
0.008152
0.008112
0.159089
0.147129
0.159604
0.152975
0.153278
0.150302
0.148049
0.202951
0.193642
0.210296
0.201272
0.197836
0.190695
0.184614
0.177507
0.170269
0.162656
0.154735
0.146585
0.190184
0.180617
0.176098
0.167657
0.160315
0.152490
0.144696
0.136789
0.128865
0.120942
0.113130
0.105377
0.097712
0.090160
0.082745
0.075488
0.068408
0.061796
0.062098
0.058543
0.055582
0.052659
0.050651
0.066952
0.063366
0.062711
0.059837
0.057974
0.055668
0.053418
0.051016
0.048564
0.046037
0.043461
0.040843
0.038196
0.035529
0.032854
0.030180
0.027517
0.024873
0.022258
0.019678
0.017141
0.014655
0.012226
0.009860
0.007561
0.006541
0.005778
0.005036
0.004316
0.003620
0.002949
0.002306
0.001754
0.001246
0.000763
0.000305
0.000000
0.000000
0.000000
0.000000
0.000000
0.000000
0.000000
0.000000
0.000000
0.000000
0.000000
0.000000
0.000000
0.000000
0.000000
0.000000
0.000000
0.000000
0.000000
0.000000
0.000000
0.000000
0.000000
0.000000
0.000000
0.000000
0.000000
0.000000
0.000000
0.000000
0.000000
0.000000
0.003573
0.011361
0.011012
0.011694
0.011436
0.011515
0.011413
0.011337
0.011195
0.013596
0.013199
0.013189
0.012826
0.012556
0.012207
0.011850
0.011458
0.011046
0.010612
0.010160
0.009694
0.009216
0.008729
0.008234
0.007735
0.007233
0.006731
0.006231
0.005735
0.005244
0.004760
0.004284
0.003818
0.003364
0.004493
0.004031
0.003780
0.003394
0.003221
0.003026
0.002838
0.002645
0.002453
0.002261
0.002069
0.001878
0.001689
0.001518
0.001430
0.001342
0.001252
0.006295
0.005601
0.006030
0.005583
0.005510
0.005254
0.005068
0.004831
0.004602
0.004356
0.004108
0.003852
0.003595
0.003337
0.003079
0.002822
0.002569
0.002319
0.006671
0.005995
0.006864
0.006346
0.006242
0.005902
0.005657
0.005358
0.005073
0.004774
0.004475
0.004173
0.004881
0.004516
0.004409
0.004171
0.003976
0.003758
0.003544
0.003324
0.003104
0.002884
0.002664
0.002447
0.002232
0.002021
0.001815
0.001613
0.001418
0.001229
0.001047
0.000872
0.000705
0.000547
0.000461
0.000423
0.000385
0.000348
0.000312
0.000277
0.000242
0.000208
0.000176
0.000145
0.000114
0.000086
0.000058
0.000032
0.000007
0.000000
0.000000
0.000000
0.000000
0.000000
0.000000
0.000000
0.000000
0.000000
0.000000
0.000000
0.000000
0.000000
0.000000
0.000000
0.000000
0.000000
0.000000
0.000000
0.000115
0.009048
0.007992
0.008854
0.008177
0.008154
0.007812
0.007594
0.007285
0.010472
0.009875
0.009836
0.009343
0.009005
0.008586
0.008833
0.008355
0.008161
0.007673
0.010116
0.009370
0.009182
0.013957
0.012989
0.012960
0.012161
0.011664
0.011024
0.010433
0.009806
0.009185
0.011232
0.010355
0.010161
0.009498
0.009027
0.008458
0.007929
0.007375
0.006830
0.006282
0.005741
0.005206
0.004680
0.004166
0.003693
0.003283
0.002885
0.002500
0.002131
0.001777
0.001445
0.001136
0.000898
0.000677
0.000469
0.000365
0.003677
0.003201
0.003462
0.004889
0.004649
0.004654
0.004469
0.004354
0.004194
0.004037
0.003865
0.032804
0.030322
0.032561
0.031116
0.031012
0.030278
0.029689
0.028910
0.028087
0.027173
0.026201
0.025168
0.024087
0.022964
0.021808
0.020626
0.019424
0.018209
0.016988
0.015765
0.014574
0.013432
0.012299
0.011179
0.010077
0.009003
0.007984
0.007166
0.006184
0.005267
0.004357
0.003493
0.002661
0.001869
0.001116
0.000404
0.000140
0.000134
0.000128
0.000122
0.000116
0.000109
0.000103
0.000890
0.000822
0.000883
0.000844
0.000841
0.001325
0.001259
0.001283
0.001231
0.001207
0.001166
0.001128
0.001085
0.001041
0.000994
0.000946
0.000896
0.000845
0.000797
0.000748
0.000699
0.000650
0.000600
0.000551
0.000503
0.000455
0.023068
0.020367
0.022552
0.020830
0.020765
0.019890
0.019328
0.018536
0.017776
0.016936
0.016086
0.015214
0.114651
0.103777
0.111838
0.104963
0.104002
0.100241
0.097385
0.093742
0.090092
0.086139
0.082066
0.077839
0.076140
0.071486
0.067282
0.062667
0.058210
0.053706
0.049272
0.044888
0.041028
0.037221
0.033488
0.030132
0.026559
0.023143
0.019811
0.019037
0.015786
0.013070
0.010194
0.007580
0.005066
0.003461
0.006283
0.005904
0.006001
0.005720
0.005571
0.005357
0.006445
0.006246
0.006118
0.005924
0.005731
0.005528
0.005314
0.005094
0.004866
0.004633
0.007525
0.007048
0.007076
0.006708
0.006483
0.006515
0.006223
0.005958
0.005655
0.005361
0.005060
0.004757
0.004451
0.004153
0.003897
0.003639
0.003380
0.003121
0.002864
0.002610
0.002359
0.002176
0.001997
0.001819
0.001642
0.001468
0.001297
0.001130
0.000966
0.000807
0.000659
0.000538
0.000422
0.000311
0.006417
0.006757
0.007146
0.006856
0.006801
0.006621
0.006474
0.006285
0.006093
0.005879
0.005652
0.005411
0.005160
0.004900
0.004634
0.004362
0.004087
0.003810
0.003533
0.003258
0.002984
0.002714
0.002449
0.002190
0.001937
0.001692
0.001455
0.001226
0.001007
0.000798
0.000599
0.266461
0.245800
0.268324
0.257306
0.258521
0.267001
0.262475
0.258649
0.252447
0.246117
0.238819
0.231016
0.222593
0.214652
0.205239
0.195656
0.185640
0.175454
0.165074
0.167849
0.155981
0.146611
0.135305
0.124865
0.114180
0.103778
0.093469
0.083391
0.073532
0.063942
0.054641
0.045657
0.037011
0.028721
0.020803
0.013271
0.007616
0.006753
0.005916
0.005315
0.004793
0.004282
0.003784
0.003301
0.002834
0.002385
0.001955
0.001556
0.001185
0.000832
0.000500
0.000188
0.001078
0.000998
0.001092
0.001050
0.001057
0.001041
0.001029
0.001011
0.000990
0.000966
0.000938
0.000909
0.000877
0.000843
0.000807
0.000770
0.000732
0.000693
0.000653
0.000612
0.000571
0.000530
0.000490
0.000700
0.000641
0.001215
0.001206
0.001226
0.001227
0.001230
0.001542
0.001510
0.001535
0.001511
0.001504
0.001486
0.001469
0.001447
0.001424
0.001398
0.001370
0.001339
0.001450
0.001429
0.001423
0.001895
0.001839
0.001858
0.001813
0.001788
0.001751
0.003280
0.003090
0.003194
0.003061
0.003019
0.002931
0.002854
0.002764
0.177310
0.163467
0.177970
0.170390
0.170866
0.167568
0.165131
0.161545
0.157687
0.153260
0.148456
0.143263
0.137751
0.131954
0.125918
0.119684
0.113291
0.106777
0.100180
0.093532
0.086866
0.080423
0.073813
0.067289
0.060857
0.054564
0.048434
0.042458
0.036652
0.031039
0.025627
0.020427
0.015449
0.010703
0.006194
0.001930
0.000219
0.000210
0.000201
0.000191
0.000185
0.000178
0.000736
0.000663
0.000711
0.000662
0.000654
0.000626
0.000605
0.000578
0.000553
0.000525
0.000496
0.000467
0.000437
0.000407
0.000377
0.004756
0.004207
0.004599
0.004241
0.004201
0.004007
0.003874
0.003699
0.003534
0.003354
0.003172
0.002985
0.002798
0.002609
0.002420
0.002232
0.002056
0.001883
0.001714
0.001546
0.001384
0.017504
0.015385
0.016792
0.015395
0.015202
0.014435
0.013904
0.013217
0.012563
0.011861
0.011205
0.010561
0.009910
0.009260
0.009964
0.009150
0.008633
0.007891
0.007259
0.006592
0.005961
0.005334
0.004730
0.004143
0.003578
0.003036
0.002519
0.002026
0.001560
0.001121
0.000709
0.000558
0.000506
0.000455
0.000405
0.000357
0.000310
0.000265
0.000222
0.000182
0.000143
0.000106
0.000072
0.000040
0.000010
0.000000
0.000099
0.000092
0.000100
0.000096
0.000096
0.000094
0.000093
0.000091
0.000089
0.000086
0.000084
0.000081
0.000078
0.000074
0.000071
0.000067
0.000064
0.000060
0.000057
0.000053
0.000049
0.000045
0.000042
0.000038
0.000034
0.001314
0.001212
0.002014
0.001903
0.001965
0.001910
0.001894
0.001855
0.001817
0.001770
0.001720
0.001665
0.001608
0.001546
0.001482
0.001415
0.001345
0.001274
0.001201
0.001127
0.001053
0.000979
0.000904
0.000830
0.000757
0.000685
0.000614
0.000545
0.000477
0.000411
0.000348
0.000287
0.000228
0.009947
0.008960
0.023239
0.021034
0.022329
0.021042
0.020832
0.020915
0.020244
0.019565
0.018763
0.017945
0.017082
0.016194
0.015282
0.014355
0.013418
0.012477
0.011538
0.010605
0.009684
0.008777
0.007889
0.007024
0.006184
0.005372
0.004590
0.003841
0.003125
0.002446
0.001802
0.001196
0.000627
0.000255
0.000133
0.000108
0.000084
0.000831
0.000761
0.000809
0.030985
0.057365
0.057134
0.058494
0.056973
0.056480
0.055322
0.054211
0.052812
0.051298
0.049616
0.047817
0.057201
0.056012
0.055485
0.054337
0.053232
0.052011
0.050706
0.049325
0.047871
0.046356
0.044785
0.043168
0.041699
0.039995
0.038295
0.036552
0.034803
0.033041
0.038676
0.036043
0.035012
0.032715
0.037479
0.034989
0.033887
0.032369
0.031145
0.041907
0.040894
0.040691
0.039759
0.039069
0.038190
0.037344
0.036407
0.035459
0.034460
0.033439
0.032387
0.031315
0.030222
0.029115
0.027995
0.026866
0.025730
0.024592
0.023452
0.022314
0.021179
0.020135
0.019158
0.018178
0.017197
0.016217
0.028529
0.027662
0.027960
0.027346
0.027133
0.026842
0.026592
0.038466
0.036682
0.037496
0.036183
0.035737
0.034834
0.034077
0.033178
0.032277
0.031316
0.039093
0.038481
0.038574
0.038087
0.037739
0.037288
0.036814
0.036288
0.035723
0.283873
0.258706
0.280434
0.265111
0.264387
0.259353
0.253813
0.246596
0.239000
0.230673
0.221893
0.212652
0.203469
0.193532
0.183444
0.173129
0.163808
0.153439
0.143187
0.132902
0.122751
0.112980
0.110279
0.100680
0.092169
0.083310
0.074983
0.104601
0.093839
0.089504
0.080748
0.074075
0.066947
0.061251
0.059948
0.058567
0.057046
0.055426
0.053708
0.051914
0.050052
0.048126
0.046143
0.044114
0.042616
0.040477
0.038418
0.036276
0.034154
0.032021
0.029900
0.027789
0.025698
0.023630
0.021592
0.019587
0.017670
0.022359
0.020265
0.019106
0.017287
0.015812
0.014239
0.013381
0.013408
0.012777
0.012277
0.011685
0.063324
0.058673
0.062513
0.059760
0.060618
0.059064
0.058016
0.056415
0.054815
0.057204
0.055387
0.053781
0.051812
0.049854
0.047762
0.045622
0.043404
0.041146
0.038845
0.036521
0.034180
0.031836
0.029530
0.027275
0.025079
0.022953
0.023471
0.021163
0.019395
0.017292
0.015414
0.013524
0.011722
0.009967
0.008283
0.014552
0.013513
0.013774
0.013774
0.016516
0.016459
0.016547
0.016584
0.016512
0.016409
0.048073
0.044750
0.047402
0.045293
0.045032
0.043855
0.042939
0.041746
0.040525
0.039181
0.037774
0.036293
0.034758
0.033176
0.031575
0.029980
0.028363
0.026733
0.025100
0.023465
0.022687
0.020986
0.019464
0.017838
0.016291
0.014751
0.013256
0.011794
0.010374
0.008999
0.007672
0.006396
0.005170
0.004187
0.003719
0.003255
0.002804
0.002416
0.002082
0.001770
0.001462
0.001161
0.000868
0.000581
0.000302
0.000183
0.000155
0.000129
0.000104
0.000997
0.016103
0.014972
0.036316
0.033236
0.035197
0.033363
0.033440
0.032290
0.031472
0.030339
0.029228
0.028000
0.026737
0.025415
0.024061
0.022676
0.021274
0.019860
0.018445
0.017034
0.015636
0.014255
0.012898
0.021730
0.021545
0.021237
0.021131
0.020781
0.020596
0.020284
0.020027
0.019734
0.019450
0.019138
0.018818
0.018477
0.018123
0.017754
0.017376
0.016982
0.016574
0.016151
0.015714
0.015264
0.014801
0.014326
0.013840
0.013343
0.012836
0.012320
0.011796
0.011265
0.010937
0.014358
0.013519
0.013291
0.012568
0.012021
0.011388
0.010772
0.010129
0.009481
0.008821
0.008155
0.007483
0.006808
0.006129
0.005449
0.004770
0.004092
0.003418
0.002769
0.002389
0.002104
0.001931
0.001774
0.001619
1.078356
1.043067
0.156199
0.166806
0.162753
0.162546
0.160214
0.158094
0.155622
0.152201
0.148351
0.144021
0.139362
0.134411
0.129163
0.123653
0.117923
0.112012
0.105956
0.099793
0.093555
0.087276
0.080985
0.074711
0.070943
0.064546
0.058705
0.052613
0.053702
0.047156
0.042289
0.036393
0.031196
0.025951
0.021012
0.016222
0.011668
0.008571
0.007593
0.007338
0.006891
0.006959
0.006632
0.006267
0.005851
0.005446
0.005037
0.004634
0.004235
0.003843
0.076446
0.067487
0.074278
0.068495
0.068060
0.065028
0.063015
0.060273
0.057862
0.055063
0.052353
0.049518
0.046830
0.043874
0.040941
0.037968
0.035022
0.032098
0.029218
0.026392
0.023887
0.021211
0.018662
0.016173
0.013796
0.011519
0.009355
0.007303
0.005368
0.003551
0.023434
0.028467
0.030390
0.029749
0.029886
0.029537
0.029315
0.028901
0.028447
0.027896
0.027284
0.026603
0.025867
0.025081
0.024255
0.023390
0.022499
0.021581
0.020643
0.019689
0.018724
0.017752
0.016778
0.015806
0.014839
0.013882
0.012937
0.012011
0.011103
0.010213
0.009344
0.008499
0.007678
0.006883
0.007460
0.007074
0.006845
0.006486
0.006170
0.005830
0.005494
0.005151
0.004807
0.004460
0.004112
0.003765
0.003419
0.003074
0.002733
0.002395
0.002061
0.001733
0.001410
0.001094
0.000785
0.000485
0.000447
0.000410
0.000373
0.000590
0.000530
0.004705
0.004248
0.004597
0.004316
0.004284
0.004134
0.004022
0.003876
0.003749
0.003588
0.003446
0.003294
0.003137
0.002974
0.003092
0.002889
0.002745
0.002552
0.002380
0.002198
0.002022
0.001846
0.001673
0.001504
0.001338
0.001284
0.038438
0.037463
0.040161
0.040076
0.040778
0.041106
0.041405
0.041547
0.041659
0.041647
0.041516
0.041270
0.040915
0.040455
0.039897
0.039245
0.038505
0.037683
0.038716
0.037519
0.036677
0.035441
0.034292
0.033025
0.031740
0.030397
0.029023
0.027615
0.026181
0.024726
0.023256
0.021777
0.020489
0.018984
0.017520
0.016036
0.014575
0.013124
0.011696
0.010289
0.008908
0.007630
0.006302
0.005024
0.003771
0.002563
0.001393
0.000268
0.000213
0.000173
0.000165
0.000153
0.000143
0.000132
0.000122
0.000112
0.000101
0.000091
0.000081
0.000072
0.000062
0.000053
0.000045
0.000037
0.000029
0.000023
0.000020
0.000017
0.000015
0.000012
0.000009
0.000007
0.000005
0.000005
0.000063
0.000056
0.000061
0.000057
0.000057
0.000055
0.000053
0.000085
0.000084
0.000087
0.000086
0.000087
0.000086
0.000086
0.000085
0.000084
0.000082
0.000081
0.000079
0.000077
0.000075
0.000073
0.047541
0.041800
0.046326
0.042658
0.042482
0.040616
0.039415
0.037741
0.038379
0.036405
0.034827
0.032852
0.030982
0.029025
0.027082
0.025123
0.032769
0.030086
0.028989
0.026714
0.025833
0.024083
0.022506
0.020869
0.019300
0.017758
0.016265
0.014817
0.013421
0.012078
0.010792
0.010264
0.009980
0.009680
0.009364
0.009036
0.008695
0.014067
0.013161
0.013325
0.012632
0.012269
0.011779
0.011345
0.010860
0.010370
0.009858
0.009337
0.008805
0.010674
0.010128
0.009940
0.011457
0.011138
0.011385
0.011104
0.010939
0.010690
0.010463
0.010207
0.009949
0.009678
0.009400
0.009115
0.008825
0.008529
0.008231
0.007929
0.007626
0.007323
0.007020
0.006790
0.006603
0.006408
0.006207
0.006412
0.006215
0.006057
0.005860
0.005676
0.005481
0.005303
0.005125
0.004945
0.004761
0.004577
0.004391
0.004204
0.004017
0.003830
0.003643
0.003457
0.003272
0.003088
0.002906
0.003074
0.002868
0.002754
0.002598
0.002459
0.002314
0.002172
0.002030
0.001889
0.001789
0.001722
0.001663
0.001606
0.001777
0.001713
0.001670
0.001608
0.001551
0.001491
0.001431
0.001368
0.001305
0.001241
0.001177
0.001111
0.001046
0.000979
0.000913
0.000847
0.000781
0.001212
0.001110
0.006816
0.006588
0.006953
0.006885
0.006946
0.006950
0.006948
0.006921
0.006875
0.006827
0.006774
0.006706
0.006621
0.006519
0.006403
0.006272
0.006129
0.005973
0.005806
0.005628
0.005441
0.005246
0.005043
0.004834
0.004619
0.004399
0.004176
0.003949
0.003719
0.003494
0.003269
0.003042
0.002817
0.002592
0.002368
0.002156
0.001948
0.001742
0.001540
0.001340
0.001145
0.000954
0.000768
0.000587
0.000411
0.000241
0.000077
0.000000
0.000000
0.000000
0.000000
0.000000
0.000000
0.000000
0.000000
0.000000
0.000000
0.000000
0.000000
0.000000
0.000000
0.000000
0.000000
0.000000
0.000000
0.000000
0.000289
0.000255
0.000283
0.000261
0.000866
0.001111
0.001130
0.001104
0.001074
0.001134
0.001106
0.001083
0.001051
0.001018
0.000982
0.017283
0.015337
0.016910
0.015665
0.015611
0.014972
0.014555
0.013971
0.013408
0.012786
0.012152
0.011492
0.010820
0.010137
0.009449
0.008761
0.008075
0.007397
0.006728
0.006072
0.005442
0.022637
0.021334
0.022267
0.020796
0.020222
0.019246
0.018414
0.017478
0.016551
0.015591
0.014740
0.014066
0.013405
0.012715
0.012009
0.011292
0.010566
0.009837
0.009108
0.008383
0.007665
0.006958
0.006264
0.005587
0.004928
0.004289
0.003672
0.003079
0.002512
0.001970
0.008489
0.007322
0.007523
0.006710
0.006665
0.006472
0.008788
0.008361
0.008391
0.008034
0.007809
0.008496
0.008084
0.007857
0.007451
0.007106
0.006717
0.006336
0.005942
0.005548
0.005153
0.004759
0.004368
0.003981
0.003601
0.003229
0.002866
0.002514
0.002173
0.001844
0.001528
0.001227
0.000940
0.000667
0.000536
0.031213
0.028094
0.030786
0.028902
0.028832
0.027950
0.027346
0.026495
0.025653
0.024709
0.023717
0.022667
0.021577
0.020451
0.019299
0.018127
0.016944
0.015756
0.014569
0.013389
0.012223
0.011074
0.009948
0.008848
0.007779
0.006743
0.005744
0.004784
0.009179
0.007675
0.007363
0.006179
0.005432
0.004594
0.004467
0.004287
0.004114
0.003923
0.003728
0.003525
0.003318
0.003108
0.002897
0.002685
0.002474
0.002265
0.002060
0.001858
0.001662
0.001910
0.001672
0.001537
0.012650
0.011130
0.012047
0.011026
0.010840
0.010259
0.009844
0.009349
0.008956
0.008525
0.008087
0.007632
0.007171
0.012009
0.024384
0.022827
0.023365
0.021916
0.021302
0.020267
0.019383
0.018732
0.017696
0.016697
0.015633
0.014585
0.013525
0.012476
0.011439
0.010422
0.009423
0.008569
0.007835
0.007113
0.006405
0.005714
0.005044
0.004395
0.003771
0.003172
0.002601
0.002057
0.001543
0.001058
0.000604
0.000239
0.000105
0.000046
0.000036
0.000891
0.000799
0.000870
0.004184
0.003776
0.004074
0.003798
0.003763
0.003607
0.003496
0.003350
0.003207
0.003052
0.002894
0.002731
0.002565
0.002397
0.002229
0.002060
0.001893
0.001728
0.001566
0.001407
0.001253
0.001103
0.000958
0.000818
0.000685
0.000558
0.000437
0.000322
0.000215
0.000114
0.000021
0.000000
0.000000
0.000000
0.000000
0.000000
0.000000
0.000000
0.000000
0.000000
0.000000
0.000000
0.000000
0.000000
0.000000
0.000000
0.000000
0.000000
0.000000
0.000000
0.000000
0.001467
0.001295
0.001439
0.001330
0.001328
0.001273
0.001239
0.001190
0.001143
0.001090
0.001037
0.000981
0.000924
0.001402
0.001290
0.001704
0.001662
0.001660
0.001638
0.001615
0.001591
0.001562
0.001532
0.001498
0.001463
0.001929
0.001840
0.001845
0.001772
0.001728
0.001669
0.001612
0.001551
0.001489
0.001424
0.001358
0.001839
0.001717
0.001698
0.001597
0.010591
0.009624
0.010369
0.009762
0.009687
0.009357
0.009105
0.008780
0.008452
0.008094
0.007722
0.007335
0.006943
0.006771
0.006340
0.005953
0.032448
0.029435
0.031486
0.029562
0.029223
0.028133
0.027283
0.026222
0.025159
0.024014
0.022838
0.021621
0.020380
0.019120
0.017859
0.016596
0.015335
0.014082
0.013021
0.011980
0.010949
0.009934
0.010596
0.009458
0.008659
0.007643
0.006756
0.005858
0.005010
0.004190
0.003410
0.002664
0.001956
0.001287
0.001150
0.001089
0.001027
0.000964
0.000900
0.000836
0.000772
0.000972
0.001837
